time,ag_id,x,y,speed,x_speed,y_speed,theta_delta,data_label,dataset_name
8.4,24055,3.35575,0.21268,0.0,0.0,0.0,0.0,visitors_alone,Scenario_3A
8.8,24055,2.78154,0.13723,1.44788,-1.43554,-0.18862,-3.01095,visitors_alone,Scenario_3A
9.2,24055,2.19712,0.06533,1.47204,-1.46103,-0.17975,-3.01918,visitors_alone,Scenario_3A
9.6,24055,1.6149,-0.06384,1.49095,-1.45556,-0.32293,-2.92327,visitors_alone,Scenario_3A
10.0,24055,1.05381,-0.21912,1.45546,-1.40273,-0.38819,-2.87161,visitors_alone,Scenario_3A
10.4,24055,0.4807,-0.33469,1.46162,-1.43278,-0.28892,-2.94261,visitors_alone,Scenario_3A
10.8,24055,-0.12731,-0.46834,1.55631,-1.52001,-0.33413,-2.92521,visitors_alone,Scenario_3A
11.2,24055,-0.71267,-0.59392,1.4967,-1.4634,-0.31394,-2.93027,visitors_alone,Scenario_3A
11.6,24055,-1.28073,-0.69976,1.44459,-1.42015,-0.2646,-2.95739,visitors_alone,Scenario_3A
12.0,24055,-1.85991,-0.87003,1.50922,-1.44794,-0.42567,-2.85566,visitors_alone,Scenario_3A
12.4,24055,-2.4265,-1.03947,1.47847,-1.41648,-0.4236,-2.85101,visitors_alone,Scenario_3A
12.8,24055,-3.01107,-1.17963,1.50285,-1.46142,-0.35041,-2.90626,visitors_alone,Scenario_3A
13.2,24055,-3.60375,-1.38302,1.56652,-1.4817,-0.50848,-2.81101,visitors_alone,Scenario_3A
13.6,24055,-4.15255,-1.57678,1.45501,-1.37201,-0.48439,-2.8022,visitors_alone,Scenario_3A
14.0,24055,-4.70039,-1.76699,1.44978,-1.36958,-0.47552,-2.80741,visitors_alone,Scenario_3A
14.4,24055,-5.25055,-2.01554,1.50927,-1.37542,-0.62138,-2.71726,visitors_alone,Scenario_3A
14.8,24055,-5.78205,-2.2129,1.41738,-1.32873,-0.49341,-2.78604,visitors_alone,Scenario_3A
15.2,24055,-6.30955,-2.38132,1.38435,-1.31877,-0.42104,-2.83256,visitors_alone,Scenario_3A
15.6,24055,-6.82891,-2.59472,1.40373,-1.2984,-0.53349,-2.75174,visitors_alone,Scenario_3A
16.0,24055,-7.26084,-2.78126,1.17621,-1.07981,-0.46635,-2.73391,visitors_alone,Scenario_3A
126.0,24169,0.43971,1.44642,0.0,0.0,0.0,0.0,visitors_alone,Scenario_3A
126.4,24169,0.07623,1.81588,1.29574,-0.90872,0.92367,2.34804,visitors_alone,Scenario_3A
126.8,24169,-0.21115,2.19957,1.19843,-0.71843,0.95922,2.21364,visitors_alone,Scenario_3A
127.2,24169,-0.40202,2.59874,1.10616,-0.47719,0.99794,2.01684,visitors_alone,Scenario_3A
127.6,24169,-0.47722,2.95172,0.90224,-0.18799,0.88244,1.78069,visitors_alone,Scenario_3A
128.0,24169,-0.35953,3.20088,0.68888,0.29422,0.62289,1.12952,visitors_alone,Scenario_3A
128.4,24169,-0.18477,3.32267,0.53253,0.43689,0.30449,0.60867,visitors_alone,Scenario_3A
128.8,24169,-0.08875,3.35577,0.25393,0.24007,0.08275,0.33192,visitors_alone,Scenario_3A
129.2,24169,-0.03273,3.36524,0.14203,0.14005,0.02366,0.16737,visitors_alone,Scenario_3A
129.6,24169,0.00054,3.38041,0.09141,0.08317,0.03794,0.42793,visitors_alone,Scenario_3A
130.0,24169,0.00883,3.39526,0.04251,0.02072,0.03711,1.06159,visitors_alone,Scenario_3A
130.4,24169,0.00076,3.38777,0.02752,-0.02018,-0.01872,-2.39374,visitors_alone,Scenario_3A
130.8,24169,-0.01098,3.36133,0.07232,-0.02934,-0.0661,-1.98857,visitors_alone,Scenario_3A
131.2,24169,-0.04519,3.33214,0.11244,-0.08553,-0.07299,-2.43515,visitors_alone,Scenario_3A
131.6,24169,-0.18291,3.37693,0.36206,-0.34431,0.11199,2.82711,visitors_alone,Scenario_3A
132.0,24169,-0.36506,3.47253,0.51428,-0.45538,0.23899,2.65829,visitors_alone,Scenario_3A
132.4,24169,-0.58627,3.52049,0.56586,-0.55302,0.11989,2.9281,visitors_alone,Scenario_3A
132.8,24169,-0.91694,3.48253,0.83211,-0.82668,-0.09488,-3.02732,visitors_alone,Scenario_3A
133.2,24169,-1.298,3.32649,1.02943,-0.95265,-0.3901,-2.75293,visitors_alone,Scenario_3A
133.6,24169,-1.737,3.14656,1.1861,-1.0975,-0.44982,-2.75261,visitors_alone,Scenario_3A
159.6,24310,-6.47702,-2.01546,0.0,0.0,0.0,0.0,visitors_alone,Scenario_3A
160.0,24310,-6.13074,-1.65137,1.25617,0.86571,0.91022,0.81046,visitors_alone,Scenario_3A
160.4,24310,-5.72836,-1.27899,1.37061,1.00594,0.93094,0.7467,visitors_alone,Scenario_3A
160.8,24310,-5.31662,-0.87754,1.43765,1.02936,1.00361,0.77273,visitors_alone,Scenario_3A
161.2,24310,-4.86516,-0.49977,1.47166,1.12865,0.94443,0.69676,visitors_alone,Scenario_3A
161.6,24310,-4.42578,-0.1372,1.42415,1.09845,0.90643,0.68991,visitors_alone,Scenario_3A
162.0,24310,-4.03422,0.23213,1.34564,0.97889,0.92332,0.75619,visitors_alone,Scenario_3A
162.4,24310,-3.63168,0.57053,1.31472,1.00636,0.84601,0.69905,visitors_alone,Scenario_3A
162.8,24310,-3.25264,0.90245,1.25956,0.94759,0.8298,0.71922,visitors_alone,Scenario_3A
163.2,24310,-2.89174,1.23615,1.22883,0.90225,0.83424,0.74626,visitors_alone,Scenario_3A
163.6,24310,-2.50298,1.49603,1.16905,0.9719,0.64969,0.58926,visitors_alone,Scenario_3A
164.0,24310,-2.12649,1.70894,1.08132,0.94123,0.53228,0.51468,visitors_alone,Scenario_3A
164.4,24310,-1.77012,1.9359,1.05625,0.89092,0.5674,0.56709,visitors_alone,Scenario_3A
164.8,24310,-1.40283,2.18869,1.11468,0.91821,0.63198,0.60281,visitors_alone,Scenario_3A
165.2,24310,-1.06081,2.50695,1.16798,0.85505,0.79565,0.74943,visitors_alone,Scenario_3A
165.6,24310,-0.7229,2.85337,1.20984,0.84479,0.86605,0.79783,visitors_alone,Scenario_3A
166.0,24310,-0.30765,3.14968,1.27532,1.03812,0.74077,0.61977,visitors_alone,Scenario_3A
166.4,24310,0.04499,3.3659,1.03412,0.88159,0.54056,0.55004,visitors_alone,Scenario_3A
166.8,24310,0.20246,3.46221,0.46149,0.39369,0.24078,0.5489,visitors_alone,Scenario_3A
167.2,24310,0.25375,3.4561,0.12912,0.12821,-0.01526,-0.11848,visitors_alone,Scenario_3A
235.2,24053,-1.19499,2.84561,0.0,0.0,0.0,0.0,visitors_alone,Scenario_3A
235.6,24053,-0.73934,3.08846,1.29082,1.13912,0.60714,0.48969,visitors_alone,Scenario_3A
236.0,24053,-0.38054,3.2599,0.99412,0.89699,0.42859,0.44574,visitors_alone,Scenario_3A
236.4,24053,-0.16935,3.32834,0.55502,0.52798,0.17111,0.31341,visitors_alone,Scenario_3A
236.8,24053,-0.10784,3.33574,0.15489,0.15378,0.01849,0.11967,visitors_alone,Scenario_3A
237.2,24053,-0.1726,3.29783,0.18762,-0.16192,-0.09477,-2.61204,visitors_alone,Scenario_3A
237.6,24053,-0.34618,3.23673,0.46003,-0.43393,-0.15274,-2.80314,visitors_alone,Scenario_3A
238.0,24053,-0.47794,3.15134,0.39253,-0.3294,-0.21349,-2.56655,visitors_alone,Scenario_3A
238.4,24053,-0.47205,2.97657,0.43717,0.01471,-0.43692,-1.53715,visitors_alone,Scenario_3A
238.8,24053,-0.35666,2.75,0.63566,0.28847,-0.56644,-1.09975,visitors_alone,Scenario_3A
239.2,24053,-0.21861,2.56846,0.57018,0.34514,-0.45385,-0.92063,visitors_alone,Scenario_3A
239.6,24053,-0.27571,2.39809,0.4492,-0.14275,-0.42591,-1.8942,visitors_alone,Scenario_3A
240.0,24053,-0.59182,2.1637,0.98382,-0.79027,-0.58597,-2.50357,visitors_alone,Scenario_3A
240.4,24053,-0.97274,1.84846,1.23611,-0.95229,-0.7881,-2.45026,visitors_alone,Scenario_3A
240.8,24053,-1.25849,1.58111,0.97831,-0.71439,-0.66838,-2.38946,visitors_alone,Scenario_3A
241.2,24053,-1.42594,1.39804,0.62025,-0.41861,-0.45769,-2.31163,visitors_alone,Scenario_3A
241.6,24053,-1.42529,1.22819,0.42462,0.00163,-0.42461,-1.56695,visitors_alone,Scenario_3A
242.0,24053,-1.28951,1.04535,0.56934,0.33943,-0.45709,-0.93205,visitors_alone,Scenario_3A
242.4,24053,-1.15662,0.83601,0.61992,0.33223,-0.52337,-1.00519,visitors_alone,Scenario_3A
242.8,24053,-1.07946,0.72402,0.33998,0.1929,-0.27996,-0.96748,visitors_alone,Scenario_3A
142.8,24042,-6.21017,2.42957,0.0,0.0,0.0,0.0,visitors_alone,Scenario_3A
143.2,24042,-6.60452,2.61572,1.09019,-0.98586,0.4654,2.70054,visitors_alone,Scenario_3A
143.6,24042,-6.82861,2.73697,0.63699,-0.56025,0.30311,2.64567,visitors_alone,Scenario_3A
144.0,24042,-6.87116,2.73614,0.10637,-0.10635,-0.00207,-3.12209,visitors_alone,Scenario_3A
144.4,24042,-6.82513,2.69855,0.14854,0.11505,-0.09396,-0.68483,visitors_alone,Scenario_3A
144.8,24042,-6.68567,2.6068,0.41735,0.34867,-0.22938,-0.58188,visitors_alone,Scenario_3A
145.2,24042,-6.48588,2.40779,0.70497,0.49946,-0.49752,-0.78345,visitors_alone,Scenario_3A
145.6,24042,-6.23985,2.23668,0.74922,0.61509,-0.42778,-0.60768,visitors_alone,Scenario_3A
146.0,24042,-5.87627,2.10547,0.96631,0.90893,-0.32802,-0.34634,visitors_alone,Scenario_3A
146.4,24042,-5.4122,1.85466,1.31879,1.16019,-0.62703,-0.49548,visitors_alone,Scenario_3A
146.8,24042,-4.96627,1.49575,1.43107,1.11483,-0.89729,-0.6777,visitors_alone,Scenario_3A
147.2,24042,-4.57222,1.08825,1.41714,0.98512,-1.01873,-0.80217,visitors_alone,Scenario_3A
147.6,24042,-4.20364,0.62223,1.48539,0.92143,-1.16505,-0.90163,visitors_alone,Scenario_3A
148.0,24042,-3.82132,0.1481,1.52269,0.9558,-1.18534,-0.89219,visitors_alone,Scenario_3A
148.4,24042,-3.44982,-0.32224,1.49841,0.92876,-1.17585,-0.90227,visitors_alone,Scenario_3A
148.8,24042,-3.13216,-0.79847,1.43114,0.79415,-1.19058,-0.98254,visitors_alone,Scenario_3A
149.2,24042,-2.8128,-1.24374,1.36987,0.79839,-1.11316,-0.9486,visitors_alone,Scenario_3A
149.6,24042,-2.48802,-1.66613,1.33205,0.81196,-1.05598,-0.9153,visitors_alone,Scenario_3A
150.0,24042,-2.14849,-2.09032,1.35836,0.84882,-1.06049,-0.89581,visitors_alone,Scenario_3A
150.4,24042,-1.81336,-2.50087,1.3249,0.83782,-1.02636,-0.8862,visitors_alone,Scenario_3A
0.0,24291,0.23688,2.93853,0.0,0.0,0.0,0.0,visitors_alone,Scenario_3A
0.4,24291,0.23873,2.91054,0.07014,0.00464,-0.06999,-1.50465,visitors_alone,Scenario_3A
0.8,24291,0.2337,2.8725,0.09592,-0.01258,-0.09509,-1.70232,visitors_alone,Scenario_3A
1.2,24291,0.23046,2.86404,0.02264,-0.0081,-0.02114,-1.93662,visitors_alone,Scenario_3A
1.6,24291,0.22803,2.89398,0.07509,-0.00607,0.07484,1.65175,visitors_alone,Scenario_3A
2.0,24291,0.19805,2.96329,0.18878,-0.07496,0.17326,1.97912,visitors_alone,Scenario_3A
2.4,24291,0.09938,3.07113,0.36543,-0.24668,0.26961,2.31182,visitors_alone,Scenario_3A
2.8,24291,-0.0517,3.17952,0.46484,-0.37769,0.27098,2.51924,visitors_alone,Scenario_3A
3.2,24291,0.00605,3.13156,0.18767,0.14437,-0.11991,-0.69309,visitors_alone,Scenario_3A
3.6,24291,0.27353,2.96292,0.7905,0.6687,-0.42158,-0.56251,visitors_alone,Scenario_3A
4.0,24291,0.52385,2.80848,0.73532,0.62579,-0.38612,-0.55283,visitors_alone,Scenario_3A
4.4,24291,0.79237,2.60968,0.83526,0.67131,-0.49699,-0.63728,visitors_alone,Scenario_3A
4.8,24291,1.17978,2.44854,1.04898,0.96853,-0.40287,-0.39419,visitors_alone,Scenario_3A
5.2,24291,1.68665,2.35869,1.28693,1.26717,-0.22462,-0.17544,visitors_alone,Scenario_3A
5.6,24291,2.24258,2.2506,1.41583,1.38981,-0.27021,-0.19203,visitors_alone,Scenario_3A
6.0,24291,2.79628,2.19629,1.39091,1.38426,-0.13579,-0.09778,visitors_alone,Scenario_3A
6.4,24291,3.34907,2.15756,1.38537,1.38198,-0.09682,-0.06994,visitors_alone,Scenario_3A
6.8,24291,3.91255,2.10498,1.41481,1.40869,-0.13146,-0.09305,visitors_alone,Scenario_3A
7.2,24291,4.47715,2.12337,1.41224,1.41149,0.04599,0.03257,visitors_alone,Scenario_3A
7.6,24291,5.04467,2.14214,1.41959,1.41882,0.04691,0.03305,visitors_alone,Scenario_3A
0.0,24103,-6.27449,2.78319,0.0,0.0,0.0,0.0,visitors_alone,Scenario_3A
0.4,24103,-6.24212,2.75618,0.1054,0.08093,-0.06752,-0.69534,visitors_alone,Scenario_3A
0.8,24103,-6.22373,2.68762,0.17745,0.04596,-0.17139,-1.3088,visitors_alone,Scenario_3A
1.2,24103,-6.26611,2.57986,0.28949,-0.10595,-0.2694,-1.94548,visitors_alone,Scenario_3A
1.6,24103,-6.32752,2.41844,0.43176,-0.15351,-0.40355,-1.9343,visitors_alone,Scenario_3A
2.0,24103,-6.3938,2.28707,0.36786,-0.16571,-0.32842,-2.03809,visitors_alone,Scenario_3A
2.4,24103,-6.50142,2.3227,0.2834,-0.26904,0.08907,2.82188,visitors_alone,Scenario_3A
2.8,24103,-6.62135,2.46549,0.46618,-0.29983,0.35697,2.26942,visitors_alone,Scenario_3A
3.2,24103,-6.67642,2.56634,0.28726,-0.13768,0.25212,2.07062,visitors_alone,Scenario_3A
3.6,24103,-6.66702,2.59275,0.07008,0.0235,0.06603,1.22886,visitors_alone,Scenario_3A
4.0,24103,-6.67678,2.59471,0.02488,-0.02439,0.00491,2.94282,visitors_alone,Scenario_3A
4.4,24103,-6.75778,2.61949,0.21177,-0.2025,0.06195,2.84471,visitors_alone,Scenario_3A
4.8,24103,-6.82723,2.64019,0.18118,-0.17363,0.05175,2.85193,visitors_alone,Scenario_3A
5.2,24103,-6.84161,2.64044,0.03596,-0.03595,0.00061,3.12449,visitors_alone,Scenario_3A
5.6,24103,-6.84122,2.6303,0.02538,0.00098,-0.02536,-1.53207,visitors_alone,Scenario_3A
6.0,24103,-6.86553,2.59222,0.11293,-0.06077,-0.09519,-2.13895,visitors_alone,Scenario_3A
6.4,24103,-6.82054,2.55145,0.15177,0.11246,-0.10192,-0.73629,visitors_alone,Scenario_3A
6.8,24103,-6.58925,2.49866,0.5931,0.57823,-0.13198,-0.2244,visitors_alone,Scenario_3A
7.2,24103,-6.21368,2.3888,0.97829,0.93895,-0.27465,-0.28457,visitors_alone,Scenario_3A
7.6,24103,-5.88561,2.1552,1.00684,0.82016,-0.58399,-0.61876,visitors_alone,Scenario_3A
50.4,24160,-6.63902,2.59292,0.0,0.0,0.0,0.0,visitors_alone,Scenario_3A
50.8,24160,-6.48648,2.58223,0.38227,0.38134,-0.02672,-0.06995,visitors_alone,Scenario_3A
51.2,24160,-6.22666,2.55908,0.65211,0.64954,-0.05787,-0.08886,visitors_alone,Scenario_3A
51.6,24160,-5.9204,2.50147,0.77908,0.76566,-0.14403,-0.18593,visitors_alone,Scenario_3A
52.0,24160,-5.58971,2.38423,0.87715,0.82673,-0.29311,-0.34072,visitors_alone,Scenario_3A
52.4,24160,-5.2107,2.25638,0.99999,0.94754,-0.31961,-0.32532,visitors_alone,Scenario_3A
52.8,24160,-4.80864,2.11704,1.0638,1.00515,-0.34835,-0.33361,visitors_alone,Scenario_3A
53.2,24160,-4.40184,1.91989,1.13013,1.01699,-0.49287,-0.45128,visitors_alone,Scenario_3A
53.6,24160,-3.96091,1.68157,1.25305,1.10234,-0.5958,-0.49551,visitors_alone,Scenario_3A
54.0,24160,-3.52364,1.38738,1.31756,1.09317,-0.73548,-0.59223,visitors_alone,Scenario_3A
54.4,24160,-3.09802,1.03186,1.38641,1.06405,-0.88879,-0.69589,visitors_alone,Scenario_3A
54.8,24160,-2.68397,0.63685,1.43063,1.03513,-0.98753,-0.76187,visitors_alone,Scenario_3A
55.2,24160,-2.33481,0.18112,1.43529,0.8729,-1.13934,-0.91704,visitors_alone,Scenario_3A
55.6,24160,-2.01323,-0.29006,1.42615,0.80395,-1.17796,-0.97192,visitors_alone,Scenario_3A
56.0,24160,-1.74245,-0.75344,1.34174,0.67695,-1.15845,-1.04196,visitors_alone,Scenario_3A
56.4,24160,-1.53879,-1.21644,1.26453,0.50914,-1.15751,-1.15641,visitors_alone,Scenario_3A
56.8,24160,-1.34835,-1.656,1.19761,0.47612,-1.0989,-1.16194,visitors_alone,Scenario_3A
57.2,24160,-1.22013,-2.10127,1.1584,0.32053,-1.11317,-1.29043,visitors_alone,Scenario_3A
57.6,24160,-1.17665,-2.54714,1.11997,0.10871,-1.11468,-1.47358,visitors_alone,Scenario_3A
58.0,24160,-1.22568,-2.92692,0.95731,-0.12258,-0.94943,-1.6992,visitors_alone,Scenario_3A
210.0,24316,0.07388,3.4115,0.0,0.0,0.0,0.0,visitors_alone,Scenario_3A
210.4,24316,-0.07048,3.13557,0.77854,-0.36091,-0.68983,-2.05282,visitors_alone,Scenario_3A
210.8,24316,-0.15911,2.86844,0.70362,-0.22156,-0.66782,-1.89113,visitors_alone,Scenario_3A
211.2,24316,-0.12238,2.62576,0.61361,0.09182,-0.6067,-1.42059,visitors_alone,Scenario_3A
211.6,24316,-0.08783,2.51741,0.28432,0.08638,-0.27088,-1.2621,visitors_alone,Scenario_3A
212.0,24316,-0.16438,2.56563,0.22619,-0.19139,0.12055,2.57952,visitors_alone,Scenario_3A
212.4,24316,-0.34876,2.59934,0.46859,-0.46095,0.08429,2.96074,visitors_alone,Scenario_3A
212.8,24316,-0.66586,2.56449,0.79751,-0.79274,-0.08712,-3.03213,visitors_alone,Scenario_3A
213.2,24316,-1.09748,2.54943,1.07971,-1.07905,-0.03765,-3.10671,visitors_alone,Scenario_3A
213.6,24316,-1.58968,2.57814,1.23259,-1.2305,0.07176,3.08334,visitors_alone,Scenario_3A
214.0,24316,-2.12123,2.59602,1.32962,-1.32887,0.04469,3.10797,visitors_alone,Scenario_3A
214.4,24316,-2.6684,2.64824,1.37415,-1.36794,0.13055,3.04644,visitors_alone,Scenario_3A
214.8,24316,-3.20887,2.70112,1.35763,-1.35118,0.13221,3.04405,visitors_alone,Scenario_3A
215.2,24316,-3.75633,2.70094,1.36866,-1.36866,-0.00046,-3.14126,visitors_alone,Scenario_3A
215.6,24316,-4.30005,2.67326,1.36105,-1.35929,-0.0692,-3.09073,visitors_alone,Scenario_3A
216.0,24316,-4.80095,2.56588,1.2807,-1.25225,-0.26846,-2.93041,visitors_alone,Scenario_3A
216.4,24316,-5.27695,2.38021,1.27731,-1.18999,-0.46417,-2.76968,visitors_alone,Scenario_3A
216.8,24316,-5.74509,2.16169,1.29159,-1.17037,-0.5463,-2.70488,visitors_alone,Scenario_3A
217.2,24316,-6.16366,1.8734,1.27059,-1.04641,-0.72073,-2.53845,visitors_alone,Scenario_3A
217.6,24316,-6.58694,1.54928,1.3328,-1.0582,-0.81029,-2.4881,visitors_alone,Scenario_3A
42.8,24187,3.53836,2.36917,0.0,0.0,0.0,0.0,visitors_alone,Scenario_3A
43.2,24187,3.99257,2.41173,1.14049,1.13552,0.10638,0.09342,visitors_alone,Scenario_3A
43.6,24187,4.48919,2.39378,1.24236,1.24155,-0.04488,-0.03613,visitors_alone,Scenario_3A
44.0,24187,4.95761,2.41502,1.17227,1.17106,0.05311,0.04533,visitors_alone,Scenario_3A
44.4,24187,5.37825,2.46915,1.06026,1.0516,0.13531,0.12797,visitors_alone,Scenario_3A
44.8,24187,5.87687,2.42201,1.2521,1.24654,-0.11785,-0.09426,visitors_alone,Scenario_3A
45.2,24187,6.34307,2.41161,1.1658,1.16551,-0.02599,-0.0223,visitors_alone,Scenario_3A
45.6,24187,6.78433,2.49714,1.12368,1.10315,0.21382,0.19145,visitors_alone,Scenario_3A
46.0,24187,7.2521,2.50357,1.16953,1.16942,0.01608,0.01375,visitors_alone,Scenario_3A
46.4,24187,7.70104,2.52587,1.12374,1.12236,0.05574,0.04962,visitors_alone,Scenario_3A
46.8,24187,8.1279,2.5388,1.06764,1.06715,0.03232,0.03027,visitors_alone,Scenario_3A
47.2,24187,8.52539,2.43595,1.02645,0.99373,-0.25711,-0.25318,visitors_alone,Scenario_3A
47.6,24187,8.85991,2.36526,0.85475,0.83628,-0.17673,-0.20827,visitors_alone,Scenario_3A
48.0,24187,9.03394,2.35564,0.43575,0.43509,-0.02405,-0.05523,visitors_alone,Scenario_3A
48.4,24187,9.06691,2.35077,0.08333,0.08243,-0.01219,-0.14676,visitors_alone,Scenario_3A
48.8,24187,9.06953,2.34722,0.01101,0.00653,-0.00887,-0.9359,visitors_alone,Scenario_3A
49.2,24187,9.06097,2.33499,0.03731,-0.02138,-0.03057,-2.18109,visitors_alone,Scenario_3A
49.6,24187,9.0416,2.32864,0.05096,-0.04843,-0.01587,-2.82491,visitors_alone,Scenario_3A
50.0,24187,9.0162,2.34584,0.07669,-0.0635,0.04299,2.54652,visitors_alone,Scenario_3A
50.4,24187,8.98087,2.44465,0.26236,-0.08834,0.24704,1.91421,visitors_alone,Scenario_3A
201.6,24178,6.12398,0.7282,0.0,0.0,0.0,0.0,visitors_alone,Scenario_3A
202.0,24178,5.66526,0.47156,1.31406,-1.14678,-0.64161,-2.6315,visitors_alone,Scenario_3A
202.4,24178,5.18708,0.21162,1.36067,-1.19545,-0.64986,-2.64367,visitors_alone,Scenario_3A
202.8,24178,4.68072,-0.03844,1.41184,-1.2659,-0.62513,-2.6829,visitors_alone,Scenario_3A
203.2,24178,4.14112,-0.22925,1.43086,-1.349,-0.47705,-2.80169,visitors_alone,Scenario_3A
203.6,24178,3.6103,-0.4157,1.40653,-1.32705,-0.46611,-2.80381,visitors_alone,Scenario_3A
204.0,24178,3.08359,-0.5559,1.36264,-1.31679,-0.35051,-2.88144,visitors_alone,Scenario_3A
204.4,24178,2.51735,-0.64793,1.43417,-1.4156,-0.23006,-2.98049,visitors_alone,Scenario_3A
204.8,24178,1.93076,-0.70727,1.47397,-1.46648,-0.14837,-3.04076,visitors_alone,Scenario_3A
205.2,24178,1.32752,-0.70193,1.50816,-1.5081,0.01335,3.13274,visitors_alone,Scenario_3A
205.6,24178,0.70616,-0.66691,1.55585,-1.55338,0.08756,3.08528,visitors_alone,Scenario_3A
206.0,24178,0.09446,-0.59228,1.54059,-1.52925,0.18656,3.0202,visitors_alone,Scenario_3A
206.4,24178,-0.52827,-0.50191,1.57315,-1.55684,0.22593,2.99748,visitors_alone,Scenario_3A
206.8,24178,-1.11955,-0.39792,1.50087,-1.47818,0.26,2.96748,visitors_alone,Scenario_3A
207.2,24178,-1.66982,-0.24512,1.42773,-1.37568,0.38199,2.87074,visitors_alone,Scenario_3A
207.6,24178,-2.22703,-0.07639,1.4555,-1.39303,0.42181,2.84757,visitors_alone,Scenario_3A
208.0,24178,-2.74379,0.15893,1.41956,-1.29191,0.58831,2.71427,visitors_alone,Scenario_3A
208.4,24178,-3.24801,0.44286,1.44665,-1.26053,0.70983,2.62873,visitors_alone,Scenario_3A
208.8,24178,-3.7682,0.76082,1.52418,-1.30049,0.79489,2.59296,visitors_alone,Scenario_3A
209.2,24178,-4.25531,1.1366,1.53802,-1.21777,0.93945,2.4845,visitors_alone,Scenario_3A
143.6,24014,9.04015,0.06783,0.0,0.0,0.0,0.0,visitors_alone,Scenario_3A
144.0,24014,8.995,0.04095,0.13138,-0.11289,-0.06721,-2.60461,visitors_alone,Scenario_3A
144.4,24014,8.87419,-0.06293,0.39832,-0.30201,-0.2597,-2.43138,visitors_alone,Scenario_3A
144.8,24014,8.69322,-0.23479,0.62393,-0.45242,-0.42965,-2.382,visitors_alone,Scenario_3A
145.2,24014,8.54875,-0.34358,0.45213,-0.36119,-0.27197,-2.49619,visitors_alone,Scenario_3A
145.6,24014,8.40852,-0.31252,0.35906,-0.35057,0.07764,2.92365,visitors_alone,Scenario_3A
146.0,24014,8.20903,-0.26721,0.51143,-0.49873,0.1133,2.91821,visitors_alone,Scenario_3A
146.4,24014,7.97487,-0.31392,0.59692,-0.58539,-0.11679,-2.94467,visitors_alone,Scenario_3A
146.8,24014,7.79067,-0.34548,0.46721,-0.4605,-0.07889,-2.97193,visitors_alone,Scenario_3A
147.2,24014,7.67652,-0.2856,0.32226,-0.28539,0.14969,2.65853,visitors_alone,Scenario_3A
147.6,24014,7.59569,-0.20467,0.28596,-0.20207,0.20234,2.35555,visitors_alone,Scenario_3A
148.0,24014,7.55976,-0.00332,0.51131,-0.08983,0.50335,1.74741,visitors_alone,Scenario_3A
148.4,24014,7.48437,0.31961,0.82904,-0.18847,0.80734,1.80014,visitors_alone,Scenario_3A
148.8,24014,7.25682,0.63088,0.96393,-0.56887,0.77817,2.20205,visitors_alone,Scenario_3A
149.2,24014,6.98531,0.97174,1.08945,-0.67876,0.85217,2.24341,visitors_alone,Scenario_3A
149.6,24014,6.73211,1.2659,0.97032,-0.63301,0.7354,2.28151,visitors_alone,Scenario_3A
150.0,24014,6.38864,1.36376,0.89283,-0.85866,0.24465,2.86403,visitors_alone,Scenario_3A
150.4,24014,5.94921,1.34884,1.09921,-1.09858,-0.03731,-3.10764,visitors_alone,Scenario_3A
150.8,24014,5.51528,1.22216,1.1301,-1.08482,-0.31668,-2.85756,visitors_alone,Scenario_3A
151.2,24014,5.13485,0.93342,1.19399,-0.95108,-0.72185,-2.49237,visitors_alone,Scenario_3A
101.6,24009,7.02454,2.31334,0.0,0.0,0.0,0.0,visitors_alone,Scenario_3A
102.0,24009,6.79988,2.30766,0.56183,-0.56165,-0.0142,-3.11631,visitors_alone,Scenario_3A
102.4,24009,6.32586,2.32653,1.18599,-1.18505,0.04716,3.10182,visitors_alone,Scenario_3A
102.8,24009,5.8048,2.32122,1.30271,-1.30264,-0.01327,-3.13141,visitors_alone,Scenario_3A
103.2,24009,5.25621,2.30418,1.37215,-1.37149,-0.04261,-3.11053,visitors_alone,Scenario_3A
103.6,24009,4.7106,2.34317,1.3675,-1.36402,0.09748,3.07025,visitors_alone,Scenario_3A
104.0,24009,4.16201,2.3266,1.37209,-1.37146,-0.04141,-3.11141,visitors_alone,Scenario_3A
104.4,24009,3.60771,2.3132,1.38615,-1.38575,-0.0335,-3.11742,visitors_alone,Scenario_3A
104.8,24009,3.08306,2.36958,1.31918,-1.31163,0.14095,3.03454,visitors_alone,Scenario_3A
105.2,24009,2.54768,2.37401,1.3385,-1.33846,0.01106,3.13333,visitors_alone,Scenario_3A
105.6,24009,1.99236,2.4121,1.39156,-1.3883,0.09522,3.07311,visitors_alone,Scenario_3A
106.0,24009,1.4548,2.522,1.37172,-1.34391,0.27477,2.93992,visitors_alone,Scenario_3A
106.4,24009,0.91603,2.61479,1.36675,-1.34692,0.23196,2.97105,visitors_alone,Scenario_3A
106.8,24009,0.4253,2.80504,1.31579,-1.22681,0.47564,2.77173,visitors_alone,Scenario_3A
107.2,24009,-0.01984,3.12321,1.36788,-1.11284,0.79541,2.52103,visitors_alone,Scenario_3A
107.6,24009,-0.32921,3.34833,0.95652,-0.77343,0.5628,2.51254,visitors_alone,Scenario_3A
108.0,24009,-0.41946,3.40523,0.26674,-0.22564,0.14226,2.57907,visitors_alone,Scenario_3A
108.4,24009,-0.42828,3.38748,0.04955,-0.02203,-0.04438,-2.03165,visitors_alone,Scenario_3A
108.8,24009,-0.4287,3.36353,0.05989,-0.00107,-0.05988,-1.5886,visitors_alone,Scenario_3A
109.2,24009,-0.43469,3.36755,0.01802,-0.01495,0.01006,2.54949,visitors_alone,Scenario_3A
218.4,24051,-2.08688,2.32845,0.0,0.0,0.0,0.0,visitors_alone,Scenario_3A
218.8,24051,-2.56019,2.09862,1.3154,-1.18327,-0.57459,-2.68954,visitors_alone,Scenario_3A
219.2,24051,-3.04796,1.83339,1.38805,-1.21943,-0.66307,-2.64356,visitors_alone,Scenario_3A
219.6,24051,-3.56684,1.59372,1.42889,-1.29719,-0.59917,-2.70889,visitors_alone,Scenario_3A
220.0,24051,-4.10069,1.36994,1.44714,-1.33463,-0.55944,-2.74467,visitors_alone,Scenario_3A
220.4,24051,-4.62634,1.1901,1.3889,-1.31412,-0.44959,-2.81196,visitors_alone,Scenario_3A
220.8,24051,-5.14883,1.01506,1.37759,-1.30623,-0.43761,-2.81832,visitors_alone,Scenario_3A
221.2,24051,-5.66745,0.80231,1.4014,-1.29654,-0.53187,-2.75231,visitors_alone,Scenario_3A
221.6,24051,-6.18263,0.57956,1.40319,-1.28796,-0.55687,-2.7335,visitors_alone,Scenario_3A
222.0,24051,-6.69866,0.30604,1.46009,-1.29007,-0.6838,-2.6542,visitors_alone,Scenario_3A
222.4,24051,-7.19374,0.03172,1.415,-1.2377,-0.6858,-2.63561,visitors_alone,Scenario_3A
222.8,24051,-7.63238,-0.16683,1.20371,-1.0966,-0.49638,-2.71653,visitors_alone,Scenario_3A
223.2,24051,-8.01742,-0.34226,1.0578,-0.9626,-0.43858,-2.71407,visitors_alone,Scenario_3A
223.6,24051,-8.37516,-0.4626,0.94361,-0.89437,-0.30084,-2.81711,visitors_alone,Scenario_3A
224.0,24051,-8.61796,-0.52883,0.62916,-0.60698,-0.16557,-2.87529,visitors_alone,Scenario_3A
224.4,24051,-8.70116,-0.57817,0.24183,-0.208,-0.12335,-2.60631,visitors_alone,Scenario_3A
224.8,24051,-8.7153,-0.58916,0.04479,-0.03536,-0.02749,-2.48066,visitors_alone,Scenario_3A
225.2,24051,-8.64008,-0.54819,0.21415,0.18806,0.10244,0.49881,visitors_alone,Scenario_3A
225.6,24051,-8.50214,-0.44939,0.42418,0.34484,0.247,0.62156,visitors_alone,Scenario_3A
226.0,24051,-8.42418,-0.36092,0.2948,0.19491,0.22116,0.8484,visitors_alone,Scenario_3A
142.8,24308,6.22105,0.38109,0.0,0.0,0.0,0.0,visitors_alone,Scenario_3A
143.2,24308,5.74451,0.27041,1.22306,-1.19135,-0.27669,-2.91339,visitors_alone,Scenario_3A
143.6,24308,5.26325,0.21276,1.21177,-1.20316,-0.14414,-3.02236,visitors_alone,Scenario_3A
144.0,24308,4.80274,0.19382,1.15224,-1.15127,-0.04734,-3.10049,visitors_alone,Scenario_3A
144.4,24308,4.35519,0.16991,1.12047,-1.11887,-0.05977,-3.08822,visitors_alone,Scenario_3A
144.8,24308,3.91648,0.18211,1.0972,-1.09677,0.0305,3.11379,visitors_alone,Scenario_3A
145.2,24308,3.49521,0.17978,1.05321,-1.05319,-0.00584,-3.13605,visitors_alone,Scenario_3A
145.6,24308,3.07441,0.12945,1.05949,-1.052,-0.12583,-3.02255,visitors_alone,Scenario_3A
146.0,24308,2.65631,0.1033,1.04727,-1.04523,-0.06537,-3.07913,visitors_alone,Scenario_3A
146.4,24308,2.26308,0.08004,0.98479,-0.98307,-0.05813,-3.08253,visitors_alone,Scenario_3A
146.8,24308,1.88715,0.06188,0.94094,-0.93984,-0.04542,-3.0933,visitors_alone,Scenario_3A
147.2,24308,1.49969,0.10137,0.97366,-0.96864,0.09873,3.04001,visitors_alone,Scenario_3A
147.6,24308,1.05574,0.16502,1.12123,-1.10988,0.15914,2.99918,visitors_alone,Scenario_3A
148.0,24308,0.55625,0.17263,1.24886,-1.24872,0.01902,3.12636,visitors_alone,Scenario_3A
148.4,24308,0.03007,0.14123,1.31781,-1.31547,-0.07852,-3.08197,visitors_alone,Scenario_3A
148.8,24308,-0.50353,0.10476,1.33711,-1.33399,-0.09117,-3.07335,visitors_alone,Scenario_3A
149.2,24308,-1.02997,0.01331,1.3358,-1.31609,-0.22861,-2.9696,visitors_alone,Scenario_3A
149.6,24308,-1.56165,-0.09484,1.35643,-1.32921,-0.27038,-2.94091,visitors_alone,Scenario_3A
150.0,24308,-2.08661,-0.21346,1.34547,-1.31239,-0.29655,-2.91936,visitors_alone,Scenario_3A
150.4,24308,-2.60585,-0.36621,1.3531,-1.2981,-0.38186,-2.8555,visitors_alone,Scenario_3A
44.4,24242,8.09545,2.81024,0.0,0.0,0.0,0.0,visitors_alone,Scenario_3A
44.8,24242,8.48109,2.74704,0.97696,0.9641,-0.15798,-0.16242,visitors_alone,Scenario_3A
45.2,24242,8.81008,2.59575,0.90529,0.82248,-0.37825,-0.43104,visitors_alone,Scenario_3A
45.6,24242,9.00694,2.46724,0.58771,0.49214,-0.32125,-0.57832,visitors_alone,Scenario_3A
46.0,24242,9.04097,2.45919,0.08742,0.08507,-0.02013,-0.23237,visitors_alone,Scenario_3A
46.4,24242,9.01183,2.5371,0.20795,-0.07285,0.19477,1.92872,visitors_alone,Scenario_3A
46.8,24242,8.97655,2.62739,0.24235,-0.0882,0.22573,1.94328,visitors_alone,Scenario_3A
47.2,24242,8.90563,2.68345,0.226,-0.17729,0.14015,2.47266,visitors_alone,Scenario_3A
47.6,24242,8.81669,2.71467,0.23567,-0.22237,0.07805,2.80402,visitors_alone,Scenario_3A
48.0,24242,8.77309,2.70795,0.11027,-0.10898,-0.01681,-2.98856,visitors_alone,Scenario_3A
48.4,24242,8.76772,2.68856,0.05031,-0.01343,-0.04848,-1.84109,visitors_alone,Scenario_3A
48.8,24242,8.76898,2.68109,0.01893,0.00316,-0.01866,-1.40331,visitors_alone,Scenario_3A
49.2,24242,8.76737,2.68014,0.00467,-0.00402,-0.00238,-2.60792,visitors_alone,Scenario_3A
49.6,24242,8.77008,2.67027,0.02559,0.00677,-0.02467,-1.30286,visitors_alone,Scenario_3A
50.0,24242,8.87622,2.67193,0.26538,0.26535,0.00415,0.01564,visitors_alone,Scenario_3A
50.4,24242,9.05673,2.69907,0.45634,0.45127,0.06785,0.14924,visitors_alone,Scenario_3A
50.8,24242,9.06013,2.69002,0.02418,0.0085,-0.02263,-1.2114,visitors_alone,Scenario_3A
51.2,24242,8.91605,2.60889,0.41337,-0.36019,-0.20283,-2.62873,visitors_alone,Scenario_3A
51.6,24242,8.86577,2.42665,0.47262,-0.1257,-0.4556,-1.84,visitors_alone,Scenario_3A
52.0,24242,8.92597,2.13258,0.75042,0.15049,-0.73518,-1.36889,visitors_alone,Scenario_3A
193.6,24123,-0.09332,3.51545,0.0,0.0,0.0,0.0,visitors_alone,Scenario_3A
194.0,24123,-0.11148,3.47167,0.1185,-0.0454,-0.10946,-1.96395,visitors_alone,Scenario_3A
194.4,24123,-0.15886,3.35904,0.30547,-0.11845,-0.28157,-1.96901,visitors_alone,Scenario_3A
194.8,24123,-0.24466,3.21244,0.42464,-0.21448,-0.36649,-2.10028,visitors_alone,Scenario_3A
195.2,24123,-0.44646,3.02541,0.68787,-0.50452,-0.46758,-2.39418,visitors_alone,Scenario_3A
195.6,24123,-0.68952,2.75687,0.9055,-0.60763,-0.67135,-2.30642,visitors_alone,Scenario_3A
196.0,24123,-0.97617,2.46035,1.03106,-0.71662,-0.74131,-2.33927,visitors_alone,Scenario_3A
196.4,24123,-1.39257,2.31191,1.10517,-1.041,-0.37111,-2.79915,visitors_alone,Scenario_3A
196.8,24123,-1.85419,2.2036,1.1854,-1.15406,-0.27076,-2.91114,visitors_alone,Scenario_3A
197.2,24123,-2.33177,2.03972,1.26229,-1.19395,-0.4097,-2.81104,visitors_alone,Scenario_3A
197.6,24123,-2.84663,1.99578,1.29182,-1.28714,-0.10985,-3.05645,visitors_alone,Scenario_3A
198.0,24123,-3.34404,1.92271,1.25686,-1.24351,-0.18268,-2.99573,visitors_alone,Scenario_3A
198.4,24123,-3.84412,1.81468,1.27905,-1.25021,-0.27008,-2.92884,visitors_alone,Scenario_3A
198.8,24123,-4.37799,1.83569,1.33571,-1.33467,0.05253,3.10225,visitors_alone,Scenario_3A
199.2,24123,-4.86662,1.77268,1.23168,-1.22157,-0.15754,-3.01333,visitors_alone,Scenario_3A
199.6,24123,-5.36348,1.66403,1.27151,-1.24216,-0.27161,-2.92632,visitors_alone,Scenario_3A
200.0,24123,-5.89525,1.62948,1.33223,-1.32943,-0.08639,-3.0767,visitors_alone,Scenario_3A
200.4,24123,-6.37291,1.48788,1.2455,-1.19414,-0.35399,-2.8534,visitors_alone,Scenario_3A
200.8,24123,-6.83439,1.31375,1.23311,-1.15371,-0.43532,-2.78079,visitors_alone,Scenario_3A
201.2,24123,-7.29967,1.15574,1.22844,-1.1632,-0.39502,-2.81421,visitors_alone,Scenario_3A
33.6,24267,-4.88904,1.06455,0.0,0.0,0.0,0.0,visitors_alone,Scenario_3A
34.0,24267,-5.37787,0.96635,1.24649,-1.22208,-0.24549,-2.94335,visitors_alone,Scenario_3A
34.4,24267,-5.87773,0.89184,1.26346,-1.24965,-0.18629,-2.99361,visitors_alone,Scenario_3A
34.8,24267,-6.3857,0.79783,1.29149,-1.26993,-0.23501,-2.9586,visitors_alone,Scenario_3A
35.2,24267,-6.88081,0.78693,1.23808,-1.23778,-0.02726,-3.11957,visitors_alone,Scenario_3A
35.6,24267,-7.33611,0.77896,1.13841,-1.13824,-0.01992,-3.12409,visitors_alone,Scenario_3A
36.0,24267,-7.78815,0.71613,1.14096,-1.1301,-0.15706,-3.00349,visitors_alone,Scenario_3A
36.4,24267,-8.22746,0.64236,1.11366,-1.09829,-0.18443,-2.97522,visitors_alone,Scenario_3A
36.8,24267,-8.58579,0.54135,0.93073,-0.89582,-0.25253,-2.86683,visitors_alone,Scenario_3A
37.2,24267,-8.77918,0.46595,0.51892,-0.48347,-0.18851,-2.76981,visitors_alone,Scenario_3A
37.6,24267,-8.84118,0.45241,0.15866,-0.15501,-0.03383,-2.92672,visitors_alone,Scenario_3A
38.0,24267,-8.86086,0.45507,0.04966,-0.04921,0.00664,3.00741,visitors_alone,Scenario_3A
38.4,24267,-8.88151,0.46119,0.05383,-0.05162,0.01529,2.85359,visitors_alone,Scenario_3A
38.8,24267,-8.9015,0.48164,0.07148,-0.04996,0.05112,2.34476,visitors_alone,Scenario_3A
39.2,24267,-8.90206,0.49508,0.03363,-0.00141,0.0336,1.61262,visitors_alone,Scenario_3A
39.6,24267,-8.90353,0.49824,0.00871,-0.00368,0.00789,2.00677,visitors_alone,Scenario_3A
40.0,24267,-8.91231,0.51026,0.03721,-0.02194,0.03006,2.20137,visitors_alone,Scenario_3A
40.4,24267,-8.92215,0.52428,0.04282,-0.0246,0.03505,2.18286,visitors_alone,Scenario_3A
40.8,24267,-8.93043,0.52671,0.0216,-0.02072,0.0061,2.8553,visitors_alone,Scenario_3A
41.2,24267,-8.93378,0.5349,0.0221,-0.00837,0.02045,1.95927,visitors_alone,Scenario_3A
168.0,24311,0.19213,3.34483,0.0,0.0,0.0,0.0,visitors_alone,Scenario_3A
168.4,24311,0.03788,3.22422,0.48952,-0.38563,-0.30152,-2.47799,visitors_alone,Scenario_3A
168.8,24311,0.03783,3.08441,0.34953,-0.00014,-0.34953,-1.57119,visitors_alone,Scenario_3A
169.2,24311,0.32003,2.96076,0.77026,0.70551,-0.30912,-0.41295,visitors_alone,Scenario_3A
169.6,24311,0.73233,2.87871,1.05098,1.03076,-0.20512,-0.19644,visitors_alone,Scenario_3A
170.0,24311,1.11728,2.80088,0.98184,0.96237,-0.19457,-0.19949,visitors_alone,Scenario_3A
170.4,24311,1.42092,2.77211,0.7625,0.7591,-0.07193,-0.09447,visitors_alone,Scenario_3A
170.8,24311,1.61446,2.79595,0.48751,0.48386,0.0596,0.12256,visitors_alone,Scenario_3A
171.2,24311,1.69222,2.8304,0.21261,0.19438,0.08612,0.41705,visitors_alone,Scenario_3A
171.6,24311,1.70355,2.85975,0.07865,0.02833,0.07337,1.20232,visitors_alone,Scenario_3A
172.0,24311,1.7069,2.8801,0.05155,0.00837,0.05086,1.40766,visitors_alone,Scenario_3A
172.4,24311,1.70892,2.88759,0.01941,0.00505,0.01874,1.30748,visitors_alone,Scenario_3A
172.8,24311,1.70522,2.87798,0.02575,-0.00924,-0.02404,-1.93759,visitors_alone,Scenario_3A
173.2,24311,1.7044,2.86768,0.02583,-0.00205,-0.02575,-1.65039,visitors_alone,Scenario_3A
173.6,24311,1.72086,2.86061,0.04478,0.04114,-0.01766,-0.40549,visitors_alone,Scenario_3A
174.0,24311,1.74504,2.84124,0.07746,0.06046,-0.04843,-0.67533,visitors_alone,Scenario_3A
174.4,24311,1.77098,2.80106,0.11956,0.06484,-0.10045,-0.99755,visitors_alone,Scenario_3A
174.8,24311,1.83126,2.71198,0.2689,0.15069,-0.22271,-0.97592,visitors_alone,Scenario_3A
175.2,24311,2.01721,2.56708,0.58935,0.46488,-0.36225,-0.66195,visitors_alone,Scenario_3A
175.6,24311,2.32536,2.38731,0.89188,0.77037,-0.44942,-0.52811,visitors_alone,Scenario_3A
151.2,24309,-3.60999,-0.64456,0.0,0.0,0.0,0.0,visitors_alone,Scenario_3A
151.6,24309,-4.09026,-0.9017,1.36193,-1.20066,-0.64285,-2.65002,visitors_alone,Scenario_3A
152.0,24309,-4.5706,-1.13697,1.33717,-1.20086,-0.58818,-2.68614,visitors_alone,Scenario_3A
152.4,24309,-5.01423,-1.36324,1.245,-1.10907,-0.56567,-2.66995,visitors_alone,Scenario_3A
152.8,24309,-5.43811,-1.63295,1.25602,-1.05968,-0.67429,-2.5749,visitors_alone,Scenario_3A
153.2,24309,-5.86487,-1.8748,1.22631,-1.0669,-0.60462,-2.62602,visitors_alone,Scenario_3A
153.6,24309,-6.25241,-2.09752,1.11746,-0.96886,-0.5568,-2.61999,visitors_alone,Scenario_3A
154.0,24309,-6.62645,-2.31308,1.07927,-0.9351,-0.53889,-2.61879,visitors_alone,Scenario_3A
154.4,24309,-7.07467,-2.4461,1.16885,-1.12054,-0.33255,-2.85309,visitors_alone,Scenario_3A
154.8,24309,-7.50325,-2.51013,1.08335,-1.07146,-0.16008,-2.99329,visitors_alone,Scenario_3A
155.2,24309,-7.66242,-2.53339,0.40214,-0.39791,-0.05815,-2.99648,visitors_alone,Scenario_3A
155.6,24309,-7.62549,-2.52786,0.09334,0.09231,0.01382,0.14862,visitors_alone,Scenario_3A
156.0,24309,-7.58857,-2.52233,0.09334,0.09231,0.01382,0.14862,visitors_alone,Scenario_3A
156.4,24309,-7.55165,-2.5168,0.09334,0.09231,0.01382,0.14862,visitors_alone,Scenario_3A
156.8,24309,-7.51472,-2.51128,0.09334,0.09231,0.01382,0.14862,visitors_alone,Scenario_3A
157.2,24309,-7.4778,-2.50575,0.09334,0.09231,0.01382,0.14862,visitors_alone,Scenario_3A
157.6,24309,-7.44087,-2.50022,0.09334,0.09231,0.01382,0.14862,visitors_alone,Scenario_3A
158.0,24309,-7.40395,-2.49469,0.09334,0.09231,0.01382,0.14862,visitors_alone,Scenario_3A
158.4,24309,-7.36703,-2.48916,0.09334,0.09231,0.01382,0.14862,visitors_alone,Scenario_3A
158.8,24309,-7.14574,-2.42671,0.57483,0.55322,0.15613,0.27507,visitors_alone,Scenario_3A
218.8,24261,5.61289,2.21605,0.0,0.0,0.0,0.0,visitors_alone,Scenario_3A
219.2,24261,6.20015,2.27759,1.47619,1.46815,0.15384,0.10441,visitors_alone,Scenario_3A
219.6,24261,6.76044,2.36443,1.41746,1.40074,0.21709,0.15376,visitors_alone,Scenario_3A
220.0,24261,7.27396,2.47933,1.31554,1.2838,0.28726,0.22013,visitors_alone,Scenario_3A
220.4,24261,7.76542,2.52584,1.23412,1.22863,0.11628,0.09436,visitors_alone,Scenario_3A
220.8,24261,8.22422,2.46241,1.15792,1.147,-0.15859,-0.13739,visitors_alone,Scenario_3A
221.2,24261,8.67598,2.45681,1.12949,1.12941,-0.01398,-0.01238,visitors_alone,Scenario_3A
221.6,24261,9.02936,2.49449,0.88845,0.88344,0.09419,0.10622,visitors_alone,Scenario_3A
222.0,24261,9.09354,2.51794,0.17083,0.16046,0.05862,0.35024,visitors_alone,Scenario_3A
222.4,24261,8.99605,2.5574,0.26294,-0.24374,0.09866,2.75699,visitors_alone,Scenario_3A
222.8,24261,8.91115,2.57899,0.21899,-0.21224,0.05396,2.89261,visitors_alone,Scenario_3A
223.2,24261,8.83673,2.57215,0.18683,-0.18604,-0.01709,-3.05001,visitors_alone,Scenario_3A
223.6,24261,8.76231,2.56532,0.18683,-0.18604,-0.01709,-3.05001,visitors_alone,Scenario_3A
224.0,24261,8.71204,2.54179,0.13877,-0.12569,-0.05882,-2.70393,visitors_alone,Scenario_3A
224.4,24261,8.74523,2.48448,0.16557,0.08298,-0.14328,-1.04589,visitors_alone,Scenario_3A
224.8,24261,8.78995,2.47336,0.11522,0.11182,-0.02778,-0.24353,visitors_alone,Scenario_3A
225.2,24261,8.76145,2.53018,0.15892,-0.07127,0.14204,2.03582,visitors_alone,Scenario_3A
225.6,24261,8.67602,2.59136,0.26269,-0.21357,0.15295,2.5201,visitors_alone,Scenario_3A
226.0,24261,8.43213,2.61396,0.61232,-0.60971,0.0565,3.04919,visitors_alone,Scenario_3A
226.4,24261,8.03462,2.54581,1.00828,-0.99378,-0.17038,-2.9718,visitors_alone,Scenario_3A
114.8,24141,8.83075,-0.22849,0.0,0.0,0.0,0.0,visitors_alone,Scenario_3A
115.2,24141,8.76993,-0.12395,0.30235,-0.15203,0.26134,2.09769,visitors_alone,Scenario_3A
115.6,24141,8.75728,-0.0924,0.08498,-0.03164,0.07887,1.95228,visitors_alone,Scenario_3A
116.0,24141,8.76685,-0.09377,0.02418,0.02394,-0.00342,-0.14208,visitors_alone,Scenario_3A
116.4,24141,8.79022,-0.11264,0.07508,0.05842,-0.04715,-0.67911,visitors_alone,Scenario_3A
116.8,24141,8.85458,-0.14726,0.18271,0.16091,-0.08655,-0.49352,visitors_alone,Scenario_3A
117.2,24141,8.94126,-0.20639,0.26232,0.2167,-0.14782,-0.59866,visitors_alone,Scenario_3A
117.6,24141,9.00003,-0.23801,0.16685,0.14693,-0.07905,-0.49356,visitors_alone,Scenario_3A
118.0,24141,8.95474,-0.17705,0.18985,-0.11323,0.15239,2.2098,visitors_alone,Scenario_3A
118.4,24141,8.77499,0.06632,0.75638,-0.44937,0.60843,2.20695,visitors_alone,Scenario_3A
118.8,24141,8.52422,0.32261,0.89642,-0.62693,0.64073,2.34531,visitors_alone,Scenario_3A
119.2,24141,8.22947,0.36092,0.74307,-0.73687,0.09578,3.01234,visitors_alone,Scenario_3A
119.6,24141,7.92224,0.42471,0.78447,-0.76809,0.15947,2.93688,visitors_alone,Scenario_3A
120.0,24141,7.60301,0.60286,0.91392,-0.79806,0.44537,2.63258,visitors_alone,Scenario_3A
120.4,24141,7.23884,0.75341,0.98516,-0.91043,0.37636,2.7496,visitors_alone,Scenario_3A
120.8,24141,6.84705,0.94579,1.0912,-0.97949,0.48095,2.68515,visitors_alone,Scenario_3A
121.2,24141,6.41614,1.11814,1.16025,-1.07727,0.43089,2.7611,visitors_alone,Scenario_3A
121.6,24141,5.92965,1.15098,1.21898,-1.21621,0.0821,3.07419,visitors_alone,Scenario_3A
122.0,24141,5.43492,1.13187,1.23775,-1.23683,-0.04778,-3.10298,visitors_alone,Scenario_3A
122.4,24141,4.97264,1.0306,1.18311,-1.15571,-0.25318,-2.92593,visitors_alone,Scenario_3A
210.0,24288,-0.00506,2.95734,0.0,0.0,0.0,0.0,visitors_alone,Scenario_3A
210.4,24288,-0.04446,2.93602,0.11202,-0.09852,-0.0533,-2.64568,visitors_alone,Scenario_3A
210.8,24288,-0.09444,2.88312,0.18193,-0.12494,-0.13225,-2.32778,visitors_alone,Scenario_3A
211.2,24288,-0.12203,2.79104,0.2403,-0.06898,-0.23019,-1.86195,visitors_alone,Scenario_3A
211.6,24288,-0.10529,2.62926,0.40662,0.04185,-0.40446,-1.46769,visitors_alone,Scenario_3A
212.0,24288,-0.12662,2.38142,0.62189,-0.05332,-0.6196,-1.65664,visitors_alone,Scenario_3A
212.4,24288,-0.15229,2.06371,0.79686,-0.06417,-0.79427,-1.65142,visitors_alone,Scenario_3A
212.8,24288,-0.12626,1.71897,0.86429,0.06507,-0.86184,-1.49543,visitors_alone,Scenario_3A
213.2,24288,-0.1474,1.41116,0.77134,-0.05285,-0.76953,-1.63937,visitors_alone,Scenario_3A
213.6,24288,-0.23018,1.13089,0.73062,-0.20695,-0.70069,-1.85799,visitors_alone,Scenario_3A
214.0,24288,-0.29473,0.83558,0.7557,-0.16136,-0.73827,-1.78598,visitors_alone,Scenario_3A
214.4,24288,-0.37416,0.54834,0.74504,-0.19858,-0.71809,-1.8406,visitors_alone,Scenario_3A
214.8,24288,-0.53603,0.33647,0.66657,-0.40466,-0.52968,-2.22318,visitors_alone,Scenario_3A
215.2,24288,-0.69589,0.18887,0.54396,-0.39966,-0.369,-2.39606,visitors_alone,Scenario_3A
215.6,24288,-0.7761,0.01028,0.48944,-0.20052,-0.44647,-1.99292,visitors_alone,Scenario_3A
216.0,24288,-0.84174,-0.20884,0.57185,-0.1641,-0.5478,-1.86186,visitors_alone,Scenario_3A
216.4,24288,-0.96373,-0.40566,0.5789,-0.30497,-0.49206,-2.12563,visitors_alone,Scenario_3A
216.8,24288,-1.09142,-0.53854,0.4607,-0.31922,-0.33218,-2.3363,visitors_alone,Scenario_3A
217.2,24288,-1.13848,-0.64685,0.29524,-0.11765,-0.27079,-1.98067,visitors_alone,Scenario_3A
217.6,24288,-1.12575,-0.76446,0.29575,0.03182,-0.29403,-1.46301,visitors_alone,Scenario_3A
0.0,24054,9.00488,-0.42643,0.0,0.0,0.0,0.0,visitors_alone,Scenario_3A
0.4,24054,9.00737,-0.42992,0.01071,0.00622,-0.00872,-0.95143,visitors_alone,Scenario_3A
0.8,24054,9.01616,-0.43239,0.02283,0.02197,-0.00618,-0.27415,visitors_alone,Scenario_3A
1.2,24054,9.0265,-0.43028,0.02639,0.02586,0.00527,0.20111,visitors_alone,Scenario_3A
1.6,24054,9.03871,-0.4264,0.03202,0.03052,0.00971,0.30794,visitors_alone,Scenario_3A
2.0,24054,9.05879,-0.41664,0.0558,0.05019,0.02439,0.45237,visitors_alone,Scenario_3A
2.4,24054,9.07221,-0.40075,0.05201,0.03355,0.03974,0.86955,visitors_alone,Scenario_3A
2.8,24054,9.05678,-0.37432,0.0765,-0.03857,0.06606,2.09924,visitors_alone,Scenario_3A
3.2,24054,8.97886,-0.29315,0.28128,-0.19479,0.20292,2.33578,visitors_alone,Scenario_3A
3.6,24054,8.83639,-0.07408,0.65332,-0.35618,0.54769,2.1474,visitors_alone,Scenario_3A
4.0,24054,8.67282,0.13355,0.66079,-0.40892,0.51907,2.23805,visitors_alone,Scenario_3A
4.4,24054,8.4874,0.19574,0.48894,-0.46356,0.15548,2.81797,visitors_alone,Scenario_3A
4.8,24054,8.13012,0.20516,0.89352,-0.89321,0.02355,3.11523,visitors_alone,Scenario_3A
5.2,24054,7.62225,0.20406,1.26968,-1.26968,-0.00276,-3.13942,visitors_alone,Scenario_3A
5.6,24054,7.11437,0.20295,1.26968,-1.26968,-0.00276,-3.13942,visitors_alone,Scenario_3A
6.0,24054,6.6065,0.20185,1.26968,-1.26968,-0.00276,-3.13942,visitors_alone,Scenario_3A
6.4,24054,6.09863,0.20074,1.26968,-1.26968,-0.00276,-3.13942,visitors_alone,Scenario_3A
6.8,24054,5.59076,0.19963,1.26968,-1.26968,-0.00276,-3.13942,visitors_alone,Scenario_3A
7.2,24054,5.05923,0.1825,1.32951,-1.32882,-0.04284,-3.10937,visitors_alone,Scenario_3A
7.6,24054,4.50605,0.16332,1.38377,-1.38294,-0.04796,-3.10693,visitors_alone,Scenario_3A
34.4,24186,0.10124,3.33657,0.0,0.0,0.0,0.0,visitors_alone,Scenario_3A
34.8,24186,-0.01279,3.44691,0.39668,-0.28508,0.27584,2.37266,visitors_alone,Scenario_3A
35.2,24186,-0.04042,3.4631,0.08005,-0.06907,0.04047,2.61161,visitors_alone,Scenario_3A
35.6,24186,-0.0528,3.46609,0.03183,-0.03094,0.00748,2.90434,visitors_alone,Scenario_3A
36.0,24186,-0.0635,3.46005,0.03072,-0.02675,-0.0151,-2.62766,visitors_alone,Scenario_3A
36.4,24186,-0.06884,3.46124,0.01368,-0.01335,0.00299,2.92137,visitors_alone,Scenario_3A
36.8,24186,-0.08015,3.46642,0.03109,-0.02827,0.01293,2.71282,visitors_alone,Scenario_3A
37.2,24186,-0.0974,3.45937,0.04659,-0.04313,-0.01761,-2.75392,visitors_alone,Scenario_3A
37.6,24186,-0.11253,3.44861,0.04643,-0.03784,-0.0269,-2.5236,visitors_alone,Scenario_3A
38.0,24186,-0.13147,3.41433,0.09791,-0.04734,-0.0857,-2.07549,visitors_alone,Scenario_3A
38.4,24186,-0.13335,3.3633,0.12767,-0.00469,-0.12758,-1.60756,visitors_alone,Scenario_3A
38.8,24186,-0.04706,3.24063,0.37494,0.21572,-0.30667,-0.95778,visitors_alone,Scenario_3A
39.2,24186,0.16562,3.02953,0.74915,0.53169,-0.52776,-0.78168,visitors_alone,Scenario_3A
39.6,24186,0.42378,2.83674,0.80551,0.6454,-0.48197,-0.64144,visitors_alone,Scenario_3A
40.0,24186,0.66923,2.63836,0.78899,0.61364,-0.49594,-0.67971,visitors_alone,Scenario_3A
40.4,24186,0.92761,2.4995,0.73332,0.64593,-0.34717,-0.49317,visitors_alone,Scenario_3A
40.8,24186,1.22377,2.47852,0.74227,0.74041,-0.05245,-0.07072,visitors_alone,Scenario_3A
41.2,24186,1.5999,2.43033,0.94801,0.94033,-0.12047,-0.12742,visitors_alone,Scenario_3A
41.6,24186,2.0168,2.38366,1.04876,1.04225,-0.11668,-0.11148,visitors_alone,Scenario_3A
42.0,24186,2.48432,2.3939,1.16906,1.16878,0.02559,0.02189,visitors_alone,Scenario_3A
67.2,24218,1.91263,-0.9726,0.0,0.0,0.0,0.0,visitors_alone,Scenario_3A
67.6,24218,2.43823,-1.03864,1.32435,1.31402,-0.1651,-0.12499,visitors_alone,Scenario_3A
68.0,24218,2.9617,-1.06787,1.3107,1.30866,-0.07307,-0.05578,visitors_alone,Scenario_3A
68.4,24218,3.51051,-1.03123,1.37508,1.37202,0.09161,0.06667,visitors_alone,Scenario_3A
68.8,24218,4.09633,-0.97821,1.47054,1.46455,0.13256,0.09026,visitors_alone,Scenario_3A
69.2,24218,4.66566,-0.90568,1.43484,1.42334,0.18132,0.12671,visitors_alone,Scenario_3A
69.6,24218,5.22048,-0.82448,1.4018,1.38703,0.20299,0.14532,visitors_alone,Scenario_3A
70.0,24218,5.79041,-0.79399,1.42688,1.42484,0.07622,0.05344,visitors_alone,Scenario_3A
70.4,24218,6.35163,-0.74513,1.40836,1.40305,0.12217,0.08686,visitors_alone,Scenario_3A
70.8,24218,6.90287,-0.66364,1.39307,1.37809,0.20372,0.14676,visitors_alone,Scenario_3A
71.2,24218,7.43324,-0.61424,1.33165,1.32591,0.12351,0.09288,visitors_alone,Scenario_3A
71.6,24218,7.90798,-0.56369,1.19357,1.18687,0.12636,0.10606,visitors_alone,Scenario_3A
72.0,24218,8.33475,-0.50379,1.07737,1.06691,0.14977,0.13947,visitors_alone,Scenario_3A
72.4,24218,8.74195,-0.47561,1.02044,1.01801,0.07044,0.06908,visitors_alone,Scenario_3A
72.8,24218,9.06946,-0.4472,0.82185,0.81878,0.07103,0.08653,visitors_alone,Scenario_3A
73.2,24218,9.24821,-0.3964,0.46458,0.44688,0.127,0.27689,visitors_alone,Scenario_3A
73.6,24218,9.31731,-0.36654,0.18817,0.17273,0.07464,0.40788,visitors_alone,Scenario_3A
74.0,24218,9.33358,-0.35768,0.04633,0.0407,0.02214,0.49832,visitors_alone,Scenario_3A
74.4,24218,9.32189,-0.34351,0.04594,-0.02925,0.03543,2.26082,visitors_alone,Scenario_3A
74.8,24218,9.29816,-0.3243,0.07632,-0.05932,0.04802,2.46101,visitors_alone,Scenario_3A
58.8,24161,-1.59917,-3.39706,0.0,0.0,0.0,0.0,visitors_alone,Scenario_3A
59.2,24161,-1.65933,-3.4757,0.24752,-0.15039,-0.19659,-2.22384,visitors_alone,Scenario_3A
59.6,24161,-1.70348,-3.51587,0.14924,-0.11038,-0.10045,-2.40327,visitors_alone,Scenario_3A
60.0,24161,-1.73493,-3.53926,0.09799,-0.07863,-0.05848,-2.50216,visitors_alone,Scenario_3A
60.4,24161,-1.73728,-3.54819,0.02306,-0.00587,-0.0223,-1.82838,visitors_alone,Scenario_3A
60.8,24161,-1.68167,-3.54308,0.13961,0.13902,0.01276,0.09154,visitors_alone,Scenario_3A
61.2,24161,-1.61002,-3.54186,0.17916,0.17913,0.00304,0.017,visitors_alone,Scenario_3A
61.6,24161,-1.62899,-3.54408,0.04774,-0.04742,-0.00553,-3.0255,visitors_alone,Scenario_3A
62.0,24161,-1.66477,-3.54391,0.08946,-0.08946,0.00042,3.13691,visitors_alone,Scenario_3A
62.4,24161,-1.65753,-3.51549,0.07331,0.0181,0.07104,1.32128,visitors_alone,Scenario_3A
62.8,24161,-1.64681,-3.4717,0.11272,0.02681,0.10949,1.33068,visitors_alone,Scenario_3A
63.2,24161,-1.64264,-3.45375,0.04606,0.01042,0.04487,1.34267,visitors_alone,Scenario_3A
63.6,24161,-1.54524,-3.44132,0.24548,0.24351,0.03106,0.12688,visitors_alone,Scenario_3A
64.0,24161,-1.31072,-3.39981,0.59541,0.5863,0.10378,0.17519,visitors_alone,Scenario_3A
64.4,24161,-1.0511,-3.25649,0.74138,0.64905,0.3583,0.5044,visitors_alone,Scenario_3A
64.8,24161,-0.79224,-2.97186,0.96184,0.64715,0.71158,0.83278,visitors_alone,Scenario_3A
65.2,24161,-0.46678,-2.63839,1.16493,0.81365,0.83369,0.79757,visitors_alone,Scenario_3A
65.6,24161,-0.07512,-2.32013,1.26164,0.97914,0.79564,0.68237,visitors_alone,Scenario_3A
66.0,24161,0.34313,-2.01051,1.30097,1.04563,0.77407,0.63725,visitors_alone,Scenario_3A
66.4,24161,0.80422,-1.74272,1.33302,1.15272,0.66946,0.52616,visitors_alone,Scenario_3A
8.4,24211,-0.09854,3.24093,0.0,0.0,0.0,0.0,visitors_alone,Scenario_3A
8.8,24211,-0.08738,3.50502,0.6608,0.02789,0.66021,1.52857,visitors_alone,Scenario_3A
9.2,24211,-0.04513,3.61019,0.28337,0.10564,0.26294,1.18877,visitors_alone,Scenario_3A
9.6,24211,-0.02515,3.63111,0.07231,0.04993,0.05229,0.80849,visitors_alone,Scenario_3A
10.0,24211,-0.02151,3.63302,0.01028,0.0091,0.00478,0.48328,visitors_alone,Scenario_3A
10.4,24211,-0.02819,3.62766,0.02141,-0.01669,-0.01341,-2.46495,visitors_alone,Scenario_3A
10.8,24211,-0.03511,3.62329,0.02046,-0.0173,-0.01092,-2.57858,visitors_alone,Scenario_3A
11.2,24211,-0.04125,3.62116,0.01624,-0.01534,-0.00532,-2.8076,visitors_alone,Scenario_3A
11.6,24211,-0.05579,3.61538,0.03913,-0.03636,-0.01445,-2.76344,visitors_alone,Scenario_3A
12.0,24211,-0.07111,3.61278,0.03885,-0.0383,-0.00651,-2.97337,visitors_alone,Scenario_3A
12.4,24211,-0.08627,3.61521,0.03837,-0.03789,0.00608,2.98244,visitors_alone,Scenario_3A
12.8,24211,-0.09736,3.61816,0.02869,-0.02773,0.00736,2.88222,visitors_alone,Scenario_3A
13.2,24211,-0.10523,3.61752,0.01973,-0.01966,-0.00159,-3.0609,visitors_alone,Scenario_3A
13.6,24211,-0.12623,3.61517,0.05283,-0.0525,-0.00588,-3.02997,visitors_alone,Scenario_3A
14.0,24211,-0.21276,3.529,0.30529,-0.21633,-0.21542,-2.35832,visitors_alone,Scenario_3A
14.4,24211,-0.28385,3.24999,0.71981,-0.17773,-0.69752,-1.8203,visitors_alone,Scenario_3A
14.8,24211,-0.34384,2.89916,0.8898,-0.14997,-0.87707,-1.74015,visitors_alone,Scenario_3A
15.2,24211,-0.56301,2.63618,0.85584,-0.54793,-0.65744,-2.26559,visitors_alone,Scenario_3A
15.6,24211,-0.88492,2.4302,0.95542,-0.80476,-0.51497,-2.57234,visitors_alone,Scenario_3A
16.0,24211,-1.23116,2.21448,1.01986,-0.86561,-0.53929,-2.58443,visitors_alone,Scenario_3A
227.6,24209,-3.10074,-1.35066,0.0,0.0,0.0,0.0,visitors_alone,Scenario_3A
228.0,24209,-3.597,-1.28473,1.25156,-1.24066,0.16484,3.0095,visitors_alone,Scenario_3A
228.4,24209,-4.06424,-1.13796,1.22436,-1.16809,0.36692,2.83724,visitors_alone,Scenario_3A
228.8,24209,-4.52033,-0.96805,1.2168,-1.14025,0.42477,2.785,visitors_alone,Scenario_3A
229.2,24209,-4.94851,-0.74286,1.20947,-1.07045,0.56299,2.65741,visitors_alone,Scenario_3A
229.6,24209,-5.31466,-0.40499,1.24553,-0.91536,0.84467,2.39634,visitors_alone,Scenario_3A
230.0,24209,-5.67485,-0.03728,1.28683,-0.90047,0.91928,2.34585,visitors_alone,Scenario_3A
230.4,24209,-5.93359,0.36077,1.18688,-0.64686,0.99511,2.14719,visitors_alone,Scenario_3A
230.8,24209,-6.12354,0.78957,1.1725,-0.47489,1.07202,1.9878,visitors_alone,Scenario_3A
231.2,24209,-6.32712,1.21772,1.1852,-0.50893,1.07037,2.01463,visitors_alone,Scenario_3A
231.6,24209,-6.43945,1.69804,1.23321,-0.28083,1.2008,1.80053,visitors_alone,Scenario_3A
232.0,24209,-6.53183,2.16181,1.1822,-0.23095,1.15942,1.76742,visitors_alone,Scenario_3A
232.4,24209,-6.6588,2.44255,0.77029,-0.31742,0.70185,1.99553,visitors_alone,Scenario_3A
232.8,24209,-6.7234,2.52956,0.27092,-0.1615,0.21751,2.20948,visitors_alone,Scenario_3A
233.2,24209,-6.70864,2.54016,0.04544,0.03691,0.02651,0.62281,visitors_alone,Scenario_3A
233.6,24209,-6.6986,2.55879,0.0529,0.02508,0.04657,1.07681,visitors_alone,Scenario_3A
234.0,24209,-6.7078,2.5772,0.05144,-0.02299,0.04602,2.03414,visitors_alone,Scenario_3A
234.4,24209,-6.70799,2.58777,0.02645,-0.00048,0.02645,1.58909,visitors_alone,Scenario_3A
234.8,24209,-6.7068,2.58254,0.01342,0.00297,-0.01309,-1.34757,visitors_alone,Scenario_3A
235.2,24209,-6.6805,2.42623,0.39626,0.06575,-0.39077,-1.4041,visitors_alone,Scenario_3A
16.8,24212,-2.00015,1.63845,0.0,0.0,0.0,0.0,visitors_alone,Scenario_3A
17.2,24212,-2.20425,1.19959,1.20999,-0.51026,-1.09714,-2.00612,visitors_alone,Scenario_3A
17.6,24212,-2.32707,0.68365,1.3259,-0.30705,-1.28986,-1.8045,visitors_alone,Scenario_3A
18.0,24212,-2.39098,0.16425,1.30828,-0.15976,-1.29849,-1.69322,visitors_alone,Scenario_3A
18.4,24212,-2.3709,-0.38205,1.36668,0.05019,-1.36576,-1.53407,visitors_alone,Scenario_3A
18.8,24212,-2.34276,-0.9579,1.44134,0.07037,-1.43962,-1.52195,visitors_alone,Scenario_3A
19.2,24212,-2.24546,-1.44832,1.24995,0.24323,-1.22606,-1.37496,visitors_alone,Scenario_3A
19.6,24212,-2.06458,-1.86873,1.14419,0.45222,-1.05103,-1.16448,visitors_alone,Scenario_3A
20.0,24212,-1.90714,-2.31062,1.17274,0.39359,-1.10472,-1.22854,visitors_alone,Scenario_3A
20.4,24212,-1.7374,-2.72106,1.11038,0.42436,-1.02609,-1.17864,visitors_alone,Scenario_3A
20.8,24212,-1.52767,-3.08295,1.04569,0.52433,-0.90473,-1.04556,visitors_alone,Scenario_3A
21.2,24212,-1.3276,-3.39418,0.92495,0.50017,-0.77806,-0.99947,visitors_alone,Scenario_3A
21.6,24212,-1.18227,-3.58106,0.59186,0.36332,-0.46722,-0.90985,visitors_alone,Scenario_3A
22.0,24212,-1.12147,-3.64006,0.21178,0.15199,-0.14748,-0.77034,visitors_alone,Scenario_3A
22.4,24212,-1.12414,-3.65053,0.02701,-0.00667,-0.02618,-1.8202,visitors_alone,Scenario_3A
22.8,24212,-1.1338,-3.64757,0.02526,-0.02415,0.0074,2.84441,visitors_alone,Scenario_3A
23.2,24212,-1.13475,-3.64216,0.01373,-0.00236,0.01353,1.74367,visitors_alone,Scenario_3A
23.6,24212,-1.13315,-3.6446,0.00729,0.00398,-0.00611,-0.99273,visitors_alone,Scenario_3A
24.0,24212,-1.13435,-3.6383,0.01603,-0.00299,0.01575,1.75837,visitors_alone,Scenario_3A
24.4,24212,-1.17426,-3.54363,0.25686,-0.09979,0.23668,1.9698,visitors_alone,Scenario_3A
151.2,24043,-1.24395,-3.29212,0.0,0.0,0.0,0.0,visitors_alone,Scenario_3A
151.6,24043,-0.98171,-3.63138,1.07199,0.65559,-0.84815,-0.91275,visitors_alone,Scenario_3A
152.0,24043,-0.84603,-3.85954,0.66364,0.33919,-0.57041,-1.03432,visitors_alone,Scenario_3A
152.4,24043,-0.81354,-3.93286,0.2005,0.08123,-0.1833,-1.15363,visitors_alone,Scenario_3A
152.8,24043,-0.80171,-3.93174,0.02972,0.02958,0.00281,0.09462,visitors_alone,Scenario_3A
153.2,24043,-0.81275,-3.89864,0.08723,-0.0276,0.08275,1.89276,visitors_alone,Scenario_3A
153.6,24043,-0.92968,-3.78015,0.41618,-0.29233,0.29622,2.34958,visitors_alone,Scenario_3A
154.0,24043,-1.13426,-3.58587,0.70533,-0.51145,0.48571,2.382,visitors_alone,Scenario_3A
154.4,24043,-1.41071,-3.45404,0.76569,-0.69113,0.32957,2.69663,visitors_alone,Scenario_3A
154.8,24043,-1.78396,-3.39419,0.94506,-0.93313,0.14964,2.98259,visitors_alone,Scenario_3A
155.2,24043,-2.20639,-3.28951,1.08802,-1.05608,0.26169,2.89869,visitors_alone,Scenario_3A
155.6,24043,-2.64804,-3.01604,1.29864,-1.10411,0.68367,2.58717,visitors_alone,Scenario_3A
156.0,24043,-3.07743,-2.64204,1.42358,-1.07347,0.93501,2.42503,visitors_alone,Scenario_3A
156.4,24043,-3.46711,-2.24961,1.3826,-0.9742,0.98108,2.35268,visitors_alone,Scenario_3A
156.8,24043,-3.84539,-1.80274,1.46369,-0.94569,1.11716,2.27326,visitors_alone,Scenario_3A
157.2,24043,-4.20723,-1.34457,1.45958,-0.90462,1.14544,2.23926,visitors_alone,Scenario_3A
157.6,24043,-4.51429,-0.87002,1.41307,-0.76765,1.18637,2.1451,visitors_alone,Scenario_3A
158.0,24043,-4.81637,-0.37251,1.45509,-0.7552,1.24377,2.11648,visitors_alone,Scenario_3A
158.4,24043,-5.13239,0.11625,1.45506,-0.79005,1.22189,2.14476,visitors_alone,Scenario_3A
158.8,24043,-5.434,0.60741,1.44095,-0.75403,1.22791,2.1215,visitors_alone,Scenario_3A
99.2,24064,8.27229,3.05513,0.0,0.0,0.0,0.0,visitors_alone,Scenario_3A
99.6,24064,8.16545,3.05064,0.26733,-0.2671,-0.01121,-3.09964,visitors_alone,Scenario_3A
100.0,24064,7.83045,3.0117,0.84314,-0.8375,-0.09736,-3.02586,visitors_alone,Scenario_3A
100.4,24064,7.34738,2.9864,1.20934,-1.20769,-0.06324,-3.08927,visitors_alone,Scenario_3A
100.8,24064,6.84556,2.98297,1.25456,-1.25453,-0.00859,-3.13475,visitors_alone,Scenario_3A
101.2,24064,6.3313,2.87813,1.31209,-1.28565,-0.26209,-2.94049,visitors_alone,Scenario_3A
101.6,24064,5.80003,2.75091,1.36574,-1.32819,-0.31805,-2.90656,visitors_alone,Scenario_3A
102.0,24064,5.28824,2.68977,1.28857,-1.27947,-0.15285,-3.02269,visitors_alone,Scenario_3A
102.4,24064,4.74437,2.60124,1.37757,-1.35967,-0.22133,-2.98023,visitors_alone,Scenario_3A
102.8,24064,4.16203,2.53794,1.46443,-1.45586,-0.15823,-3.03333,visitors_alone,Scenario_3A
103.2,24064,3.59135,2.54096,1.42671,-1.42669,0.00754,3.13631,visitors_alone,Scenario_3A
103.6,24064,3.02594,2.52689,1.41397,-1.41353,-0.03518,-3.11671,visitors_alone,Scenario_3A
104.0,24064,2.47916,2.56671,1.37056,-1.36693,0.09955,3.06889,visitors_alone,Scenario_3A
104.4,24064,1.95252,2.68074,1.34711,-1.3166,0.28508,2.92836,visitors_alone,Scenario_3A
104.8,24064,1.3995,2.73339,1.38881,-1.38256,0.13162,3.04668,visitors_alone,Scenario_3A
105.2,24064,0.84174,2.73071,1.39442,-1.3944,-0.00669,-3.13679,visitors_alone,Scenario_3A
105.6,24064,0.30534,2.69384,1.34416,-1.341,-0.09217,-3.07297,visitors_alone,Scenario_3A
106.0,24064,-0.26093,2.54586,1.46322,-1.41567,-0.36997,-2.88597,visitors_alone,Scenario_3A
106.4,24064,-0.84617,2.37677,1.52294,-1.46311,-0.42271,-2.86034,visitors_alone,Scenario_3A
106.8,24064,-1.4306,2.24077,1.50009,-1.46105,-0.34,-2.91296,visitors_alone,Scenario_3A
36.0,24241,-0.53989,-2.26141,0.0,0.0,0.0,0.0,visitors_alone,Scenario_3A
36.4,24241,-0.22514,-1.86004,1.27516,0.78688,1.00342,0.90577,visitors_alone,Scenario_3A
36.8,24241,0.06249,-1.41907,1.31621,0.71907,1.10242,0.99283,visitors_alone,Scenario_3A
37.2,24241,0.35338,-0.96954,1.33861,0.72724,1.12384,0.99646,visitors_alone,Scenario_3A
37.6,24241,0.6191,-0.48276,1.38644,0.6643,1.21694,1.07113,visitors_alone,Scenario_3A
38.0,24241,0.89396,-0.00105,1.38652,0.68714,1.20428,1.05229,visitors_alone,Scenario_3A
38.4,24241,1.17641,0.46305,1.35823,0.70614,1.16025,1.02407,visitors_alone,Scenario_3A
38.8,24241,1.48504,0.90011,1.33761,0.77156,1.09266,0.95597,visitors_alone,Scenario_3A
39.2,24241,1.8554,1.27279,1.31354,0.9259,0.93172,0.78853,visitors_alone,Scenario_3A
39.6,24241,2.2661,1.60086,1.31411,1.02675,0.82017,0.67401,visitors_alone,Scenario_3A
40.0,24241,2.74244,1.84827,1.34191,1.19086,0.61853,0.47905,visitors_alone,Scenario_3A
40.4,24241,3.25458,2.02987,1.35846,1.28035,0.454,0.34076,visitors_alone,Scenario_3A
40.8,24241,3.77607,2.14521,1.33522,1.30371,0.28836,0.21768,visitors_alone,Scenario_3A
41.2,24241,4.30472,2.19539,1.32758,1.32164,0.12543,0.09462,visitors_alone,Scenario_3A
41.6,24241,4.81259,2.24717,1.27626,1.26968,0.12945,0.1016,visitors_alone,Scenario_3A
42.0,24241,5.30644,2.3039,1.24275,1.23463,0.14182,0.11437,visitors_alone,Scenario_3A
42.4,24241,5.79154,2.38808,1.23088,1.21275,0.21047,0.17184,visitors_alone,Scenario_3A
42.8,24241,6.25969,2.52387,1.21861,1.17037,0.33946,0.2823,visitors_alone,Scenario_3A
43.2,24241,6.72555,2.66184,1.21465,1.16464,0.34494,0.28794,visitors_alone,Scenario_3A
43.6,24241,7.20194,2.77973,1.22689,1.19097,0.29471,0.24258,visitors_alone,Scenario_3A
42.0,24059,-1.21931,-3.55068,0.0,0.0,0.0,0.0,visitors_alone,Scenario_3A
42.4,24059,-1.43543,-3.28297,0.86014,-0.54029,0.66928,2.24996,visitors_alone,Scenario_3A
42.8,24059,-1.60178,-2.95332,0.92311,-0.41587,0.82413,2.03814,visitors_alone,Scenario_3A
43.2,24059,-1.6594,-2.53048,1.06686,-0.14406,1.05708,1.70624,visitors_alone,Scenario_3A
43.6,24059,-1.69787,-2.0596,1.18113,-0.09615,1.17721,1.65229,visitors_alone,Scenario_3A
44.0,24059,-1.80202,-1.6383,1.08496,-0.26037,1.05326,1.81315,visitors_alone,Scenario_3A
44.4,24059,-1.87141,-1.22616,1.04486,-0.17348,1.03036,1.7376,visitors_alone,Scenario_3A
44.8,24059,-1.8934,-0.80452,1.05553,-0.05497,1.0541,1.6229,visitors_alone,Scenario_3A
45.2,24059,-1.9291,-0.38431,1.05431,-0.08925,1.05053,1.65555,visitors_alone,Scenario_3A
45.6,24059,-1.89966,0.01885,1.01057,0.0736,1.00789,1.49791,visitors_alone,Scenario_3A
46.0,24059,-1.78804,0.4214,1.04436,0.27906,1.00639,1.3003,visitors_alone,Scenario_3A
46.4,24059,-1.71136,0.88356,1.17118,0.19169,1.15539,1.40638,visitors_alone,Scenario_3A
46.8,24059,-1.6775,1.3442,1.15472,0.08465,1.15161,1.49742,visitors_alone,Scenario_3A
47.2,24059,-1.59245,1.77622,1.10078,0.21263,1.08004,1.37641,visitors_alone,Scenario_3A
47.6,24059,-1.47073,2.21225,1.13175,0.3043,1.09007,1.29857,visitors_alone,Scenario_3A
48.0,24059,-1.32299,2.62528,1.09664,0.36934,1.03258,1.22729,visitors_alone,Scenario_3A
48.4,24059,-1.05832,2.94799,1.04341,0.66167,0.80679,0.8839,visitors_alone,Scenario_3A
48.8,24059,-0.71486,3.13747,0.98066,0.85867,0.47369,0.50411,visitors_alone,Scenario_3A
49.2,24059,-0.43731,3.20258,0.7127,0.69386,0.16278,0.23043,visitors_alone,Scenario_3A
49.6,24059,-0.32518,3.18959,0.28219,0.28032,-0.03247,-0.11531,visitors_alone,Scenario_3A
120.8,24090,0.5669,-2.71968,0.0,0.0,0.0,0.0,visitors_alone,Scenario_3A
121.2,24090,1.02859,-2.47964,1.30092,1.15423,0.60012,0.47946,visitors_alone,Scenario_3A
121.6,24090,1.47486,-2.20687,1.30758,1.11568,0.68193,0.54863,visitors_alone,Scenario_3A
122.0,24090,1.90296,-1.87346,1.35653,1.07024,0.83352,0.66169,visitors_alone,Scenario_3A
122.4,24090,2.36023,-1.57743,1.36183,1.14319,0.74006,0.57452,visitors_alone,Scenario_3A
122.8,24090,2.81078,-1.2783,1.35201,1.12636,0.74783,0.58611,visitors_alone,Scenario_3A
123.2,24090,3.26892,-1.04232,1.28838,1.14536,0.58996,0.47565,visitors_alone,Scenario_3A
123.6,24090,3.76182,-0.92902,1.26437,1.23224,0.28324,0.22593,visitors_alone,Scenario_3A
124.0,24090,4.26802,-0.80387,1.3036,1.2655,0.31287,0.24237,visitors_alone,Scenario_3A
124.4,24090,4.78521,-0.73043,1.30595,1.29298,0.18362,0.14107,visitors_alone,Scenario_3A
124.8,24090,5.29101,-0.6935,1.26787,1.2645,0.09232,0.07288,visitors_alone,Scenario_3A
125.2,24090,5.79015,-0.5971,1.27091,1.24786,0.24098,0.19077,visitors_alone,Scenario_3A
125.6,24090,6.30718,-0.55178,1.29753,1.29258,0.11331,0.08744,visitors_alone,Scenario_3A
126.0,24090,6.83784,-0.5001,1.33294,1.32667,0.12922,0.09709,visitors_alone,Scenario_3A
126.4,24090,7.3682,-0.40973,1.34499,1.32588,0.22592,0.16877,visitors_alone,Scenario_3A
126.8,24090,7.87341,-0.36418,1.26815,1.26303,0.11387,0.08991,visitors_alone,Scenario_3A
127.2,24090,8.33745,-0.26444,1.18661,1.16011,0.24936,0.21172,visitors_alone,Scenario_3A
127.6,24090,8.7665,-0.14531,1.1132,1.07261,0.29783,0.27085,visitors_alone,Scenario_3A
128.0,24090,9.09027,-0.11615,0.8127,0.80943,0.07289,0.0898,visitors_alone,Scenario_3A
128.4,24090,9.13236,-0.13439,0.11469,0.10524,-0.04559,-0.4088,visitors_alone,Scenario_3A
107.6,24065,-2.55661,1.94738,0.0,0.0,0.0,0.0,visitors_alone,Scenario_3A
108.0,24065,-3.11643,1.81264,1.43952,-1.39955,-0.33685,-2.9054,visitors_alone,Scenario_3A
108.4,24065,-3.65807,1.6249,1.43314,-1.3541,-0.46935,-2.80794,visitors_alone,Scenario_3A
108.8,24065,-4.18719,1.46101,1.38481,-1.3228,-0.40974,-2.84122,visitors_alone,Scenario_3A
109.2,24065,-4.72203,1.29504,1.4,-1.3371,-0.41492,-2.8407,visitors_alone,Scenario_3A
109.6,24065,-5.24732,1.08183,1.41727,-1.31322,-0.53302,-2.75602,visitors_alone,Scenario_3A
110.0,24065,-5.77302,0.90115,1.38973,-1.31427,-0.45171,-2.81054,visitors_alone,Scenario_3A
110.4,24065,-6.29476,0.70641,1.39225,-1.30435,-0.48685,-2.78435,visitors_alone,Scenario_3A
110.8,24065,-6.79826,0.4557,1.40616,-1.25875,-0.62677,-2.6796,visitors_alone,Scenario_3A
111.2,24065,-7.31165,0.21662,1.41581,-1.28347,-0.59769,-2.70578,visitors_alone,Scenario_3A
111.6,24065,-7.80993,-0.03983,1.40101,-1.24571,-0.64113,-2.66628,visitors_alone,Scenario_3A
112.0,24065,-8.26654,-0.34439,1.37215,-1.14151,-0.76141,-2.55334,visitors_alone,Scenario_3A
112.4,24065,-8.59114,-0.59336,1.02272,-0.81151,-0.62242,-2.4873,visitors_alone,Scenario_3A
112.8,24065,-8.76516,-0.74254,0.57302,-0.43504,-0.37294,-2.4329,visitors_alone,Scenario_3A
113.2,24065,-8.83675,-0.82423,0.27157,-0.17898,-0.20424,-2.29036,visitors_alone,Scenario_3A
113.6,24065,-8.82398,-0.85383,0.08058,0.03191,-0.074,-1.1637,visitors_alone,Scenario_3A
114.0,24065,-8.81811,-0.86643,0.03476,0.01469,-0.0315,-1.13448,visitors_alone,Scenario_3A
114.4,24065,-8.82521,-0.8628,0.01995,-0.01776,0.00909,2.66859,visitors_alone,Scenario_3A
114.8,24065,-8.8122,-0.85396,0.03933,0.03254,0.02209,0.59634,visitors_alone,Scenario_3A
115.2,24065,-8.74492,-0.83411,0.17537,0.16819,0.04964,0.287,visitors_alone,Scenario_3A
116.0,24066,-8.39581,-0.50367,0.0,0.0,0.0,0.0,visitors_alone,Scenario_3A
116.4,24066,-8.18791,-0.32523,0.68495,0.51975,0.44611,0.70931,visitors_alone,Scenario_3A
116.8,24066,-7.85404,-0.23273,0.86613,0.83469,0.23123,0.27025,visitors_alone,Scenario_3A
117.2,24066,-7.39508,-0.16717,1.15903,1.14739,0.1639,0.14189,visitors_alone,Scenario_3A
117.6,24066,-6.88803,-0.06617,1.29252,1.26762,0.2525,0.19662,visitors_alone,Scenario_3A
118.0,24066,-6.34757,-0.02351,1.35537,1.35116,0.10667,0.07878,visitors_alone,Scenario_3A
118.4,24066,-5.78073,-0.01399,1.41728,1.41708,0.02379,0.01679,visitors_alone,Scenario_3A
118.8,24066,-5.19966,0.06208,1.46509,1.4527,0.19018,0.13017,visitors_alone,Scenario_3A
119.2,24066,-4.61611,0.12371,1.46698,1.45886,0.15407,0.10522,visitors_alone,Scenario_3A
119.6,24066,-4.02357,0.19584,1.49229,1.48136,0.18034,0.12115,visitors_alone,Scenario_3A
120.0,24066,-3.47193,0.31613,1.41151,1.3791,0.30072,0.2147,visitors_alone,Scenario_3A
120.4,24066,-2.94959,0.39185,1.3195,1.30585,0.18929,0.14395,visitors_alone,Scenario_3A
120.8,24066,-2.43297,0.50222,1.32068,1.29154,0.27593,0.21048,visitors_alone,Scenario_3A
121.2,24066,-1.94959,0.69927,1.305,1.20845,0.49262,0.38708,visitors_alone,Scenario_3A
121.6,24066,-1.45387,0.90496,1.34174,1.23929,0.51423,0.39332,visitors_alone,Scenario_3A
122.0,24066,-0.98554,1.15829,1.33115,1.17084,0.63332,0.49584,visitors_alone,Scenario_3A
122.4,24066,-0.52637,1.42422,1.32654,1.14792,0.66483,0.52496,visitors_alone,Scenario_3A
122.8,24066,0.01232,1.55843,1.38789,1.34673,0.33553,0.24418,visitors_alone,Scenario_3A
123.2,24066,0.59374,1.63917,1.46749,1.45354,0.20183,0.13797,visitors_alone,Scenario_3A
123.6,24066,1.17441,1.73978,1.47331,1.45168,0.25153,0.17156,visitors_alone,Scenario_3A
202.4,24021,-3.11422,-0.27754,0.0,0.0,0.0,0.0,visitors_alone,Scenario_3A
202.8,24021,-3.57783,-0.21191,1.17057,-1.15902,0.16406,3.00097,visitors_alone,Scenario_3A
203.2,24021,-4.0685,-0.17976,1.22931,-1.22668,0.08038,3.07616,visitors_alone,Scenario_3A
203.6,24021,-4.57423,-0.16287,1.26503,-1.26432,0.04223,3.1082,visitors_alone,Scenario_3A
204.0,24021,-5.04945,0.00933,1.26365,-1.18806,0.43049,2.79396,visitors_alone,Scenario_3A
204.4,24021,-5.52698,0.21148,1.29639,-1.19382,0.50539,2.74113,visitors_alone,Scenario_3A
204.8,24021,-5.95416,0.38403,1.15177,-1.06794,0.43137,2.75771,visitors_alone,Scenario_3A
205.2,24021,-6.27202,0.63383,1.01068,-0.79467,0.62449,2.47554,visitors_alone,Scenario_3A
205.6,24021,-6.59016,0.90396,1.04338,-0.79535,0.67532,2.43763,visitors_alone,Scenario_3A
206.0,24021,-6.88148,1.16379,0.9759,-0.7283,0.64958,2.41326,visitors_alone,Scenario_3A
206.4,24021,-7.02139,1.46423,0.82855,-0.34977,0.7511,2.00662,visitors_alone,Scenario_3A
206.8,24021,-7.12137,1.76534,0.79318,-0.24994,0.75277,1.89137,visitors_alone,Scenario_3A
207.2,24021,-7.20973,1.98217,0.58535,-0.2209,0.54207,1.95777,visitors_alone,Scenario_3A
207.6,24021,-7.16248,2.18283,0.51538,0.11813,0.50165,1.33953,visitors_alone,Scenario_3A
208.0,24021,-7.0219,2.4701,0.79956,0.35145,0.71818,1.11569,visitors_alone,Scenario_3A
208.4,24021,-6.96132,2.66117,0.50111,0.15144,0.47768,1.26378,visitors_alone,Scenario_3A
208.8,24021,-6.99489,2.67053,0.08712,-0.08392,0.02341,2.86956,visitors_alone,Scenario_3A
209.2,24021,-7.01264,2.59534,0.19316,-0.04438,-0.18799,-1.80264,visitors_alone,Scenario_3A
209.6,24021,-7.03918,2.50517,0.23499,-0.06636,-0.22542,-1.85708,visitors_alone,Scenario_3A
210.0,24021,-7.06793,2.47178,0.11016,-0.07187,-0.08349,-2.28158,visitors_alone,Scenario_3A
61.2,24244,-0.89048,-1.66715,0.0,0.0,0.0,0.0,visitors_alone,Scenario_3A
61.6,24244,-1.42673,-1.80139,1.38198,-1.34061,-0.3356,-2.8963,visitors_alone,Scenario_3A
62.0,24244,-1.96584,-1.91412,1.37693,-1.34779,-0.28181,-2.93547,visitors_alone,Scenario_3A
62.4,24244,-2.51321,-2.03303,1.40033,-1.36842,-0.29728,-2.92767,visitors_alone,Scenario_3A
62.8,24244,-3.06655,-2.11522,1.39853,-1.38335,-0.20548,-2.99413,visitors_alone,Scenario_3A
63.2,24244,-3.61804,-2.17482,1.38676,-1.37873,-0.14898,-3.03395,visitors_alone,Scenario_3A
63.6,24244,-4.17627,-2.22364,1.4009,-1.39557,-0.12205,-3.05436,visitors_alone,Scenario_3A
64.0,24244,-4.72977,-2.24637,1.38491,-1.38374,-0.05685,-3.10053,visitors_alone,Scenario_3A
64.4,24244,-5.26445,-2.26782,1.33779,-1.33671,-0.05362,-3.1015,visitors_alone,Scenario_3A
64.8,24244,-5.79696,-2.27337,1.33133,-1.33126,-0.01386,-3.13118,visitors_alone,Scenario_3A
65.2,24244,-6.31353,-2.3076,1.29427,-1.29144,-0.08558,-3.07542,visitors_alone,Scenario_3A
65.6,24244,-6.7828,-2.41864,1.20557,-1.17317,-0.2776,-2.90924,visitors_alone,Scenario_3A
66.0,24244,-7.18395,-2.60559,1.10643,-1.00286,-0.46739,-2.70547,visitors_alone,Scenario_3A
66.4,24244,-7.34614,-2.72016,0.49644,-0.40548,-0.28642,-2.5266,visitors_alone,Scenario_3A
66.8,24244,-7.29421,-2.71516,0.13042,0.12982,0.0125,0.096,visitors_alone,Scenario_3A
67.2,24244,-7.23369,-2.70418,0.15377,0.1513,0.02745,0.17944,visitors_alone,Scenario_3A
67.6,24244,-7.18167,-2.66258,0.16653,0.13005,0.10402,0.67466,visitors_alone,Scenario_3A
68.0,24244,-7.15816,-2.55869,0.26629,0.05876,0.25972,1.3483,visitors_alone,Scenario_3A
68.4,24244,-7.15588,-2.50292,0.13953,0.00572,0.13941,1.52977,visitors_alone,Scenario_3A
68.8,24244,-7.15479,-2.52693,0.06009,0.00271,-0.06003,-1.52562,visitors_alone,Scenario_3A
58.8,24135,-7.34842,-3.06817,0.0,0.0,0.0,0.0,visitors_alone,Scenario_3A
59.2,24135,-7.2858,-3.00789,0.2173,0.15655,0.1507,0.76638,visitors_alone,Scenario_3A
59.6,24135,-7.09191,-3.00242,0.48491,0.48472,0.01367,0.02819,visitors_alone,Scenario_3A
60.0,24135,-6.90817,-3.0349,0.46648,0.45936,-0.08121,-0.17498,visitors_alone,Scenario_3A
60.4,24135,-6.76513,-2.93041,0.44285,0.3576,0.26123,0.63091,visitors_alone,Scenario_3A
60.8,24135,-6.58599,-2.73252,0.66734,0.44785,0.49474,0.83511,visitors_alone,Scenario_3A
61.2,24135,-6.3128,-2.62141,0.73731,0.68298,0.27777,0.38627,visitors_alone,Scenario_3A
61.6,24135,-5.97761,-2.49441,0.89609,0.83796,0.31749,0.36217,visitors_alone,Scenario_3A
62.0,24135,-5.60779,-2.28738,1.05956,0.92455,0.51758,0.51035,visitors_alone,Scenario_3A
62.4,24135,-5.14072,-2.1797,1.19832,1.16769,0.2692,0.22658,visitors_alone,Scenario_3A
62.8,24135,-4.69019,-2.09843,1.1445,1.12633,0.20317,0.17846,visitors_alone,Scenario_3A
63.2,24135,-4.27262,-1.92705,1.12842,1.04391,0.42846,0.38947,visitors_alone,Scenario_3A
63.6,24135,-3.79435,-1.87295,1.2033,1.19567,0.13525,0.11264,visitors_alone,Scenario_3A
64.0,24135,-3.32577,-1.86284,1.17174,1.17146,0.02526,0.02156,visitors_alone,Scenario_3A
64.4,24135,-2.86672,-1.7996,1.15847,1.14763,0.1581,0.1369,visitors_alone,Scenario_3A
64.8,24135,-2.38595,-1.81417,1.20247,1.20192,-0.03642,-0.0303,visitors_alone,Scenario_3A
65.2,24135,-1.93729,-1.76129,1.12941,1.12165,0.13221,0.11733,visitors_alone,Scenario_3A
65.6,24135,-1.49321,-1.63808,1.15213,1.11019,0.30802,0.27064,visitors_alone,Scenario_3A
66.0,24135,-1.02674,-1.5657,1.18013,1.16617,0.18096,0.15395,visitors_alone,Scenario_3A
66.4,24135,-0.58017,-1.44082,1.15926,1.11643,0.31219,0.27267,visitors_alone,Scenario_3A
0.0,24210,-1.65912,-3.7668,0.0,0.0,0.0,0.0,visitors_alone,Scenario_3A
0.4,24210,-1.6654,-3.7623,0.01932,-0.01569,0.01126,2.51907,visitors_alone,Scenario_3A
0.8,24210,-1.6766,-3.76287,0.02804,-0.028,-0.00144,-3.0903,visitors_alone,Scenario_3A
1.2,24210,-1.66828,-3.78455,0.05806,0.02081,-0.0542,-1.20416,visitors_alone,Scenario_3A
1.6,24210,-1.64797,-3.76407,0.0721,0.05077,0.0512,0.78957,visitors_alone,Scenario_3A
2.0,24210,-1.56702,-3.6512,0.34725,0.20237,0.28218,0.94863,visitors_alone,Scenario_3A
2.4,24210,-1.38918,-3.4836,0.61093,0.4446,0.41902,0.75579,visitors_alone,Scenario_3A
2.8,24210,-1.18837,-3.28637,0.70366,0.50203,0.49306,0.77639,visitors_alone,Scenario_3A
3.2,24210,-1.01692,-3.06048,0.70896,0.42861,0.56472,0.92157,visitors_alone,Scenario_3A
3.6,24210,-0.88973,-2.74398,0.85276,0.31799,0.79125,1.18867,visitors_alone,Scenario_3A
4.0,24210,-0.72762,-2.31593,1.1443,0.40527,1.07013,1.20878,visitors_alone,Scenario_3A
4.4,24210,-0.53373,-1.84324,1.27728,0.48472,1.18173,1.18154,visitors_alone,Scenario_3A
4.8,24210,-0.42479,-1.32836,1.31569,0.27236,1.28719,1.36228,visitors_alone,Scenario_3A
5.2,24210,-0.3624,-0.79259,1.34848,0.15598,1.33943,1.45487,visitors_alone,Scenario_3A
5.6,24210,-0.29001,-0.25654,1.3523,0.18096,1.34013,1.43657,visitors_alone,Scenario_3A
6.0,24210,-0.24364,0.28752,1.36507,0.11593,1.36013,1.48576,visitors_alone,Scenario_3A
6.4,24210,-0.17551,0.84384,1.4012,0.17033,1.39081,1.44894,visitors_alone,Scenario_3A
6.8,24210,-0.08378,1.40487,1.4212,0.22933,1.40258,1.40872,visitors_alone,Scenario_3A
7.2,24210,-0.04929,1.9342,1.32613,0.08622,1.32332,1.50573,visitors_alone,Scenario_3A
7.6,24210,-0.03873,2.41288,1.19699,0.0264,1.1967,1.54874,visitors_alone,Scenario_3A
213.2,24101,0.51392,-2.7033,0.0,0.0,0.0,0.0,visitors_alone,Scenario_3A
213.6,24101,0.11708,-2.97524,1.20268,-0.99209,-0.67984,-2.54083,visitors_alone,Scenario_3A
214.0,24101,-0.27882,-3.23021,1.17725,-0.98974,-0.63743,-2.56942,visitors_alone,Scenario_3A
214.4,24101,-0.68487,-3.46445,1.17192,-1.01512,-0.5856,-2.61835,visitors_alone,Scenario_3A
214.8,24101,-1.02155,-3.69184,1.01567,-0.8417,-0.56845,-2.54759,visitors_alone,Scenario_3A
215.2,24101,-1.16906,-3.78018,0.42986,-0.36878,-0.22087,-2.60196,visitors_alone,Scenario_3A
215.6,24101,-1.08605,-3.70911,0.27318,0.20751,0.17767,0.70808,visitors_alone,Scenario_3A
216.0,24101,-0.9069,-3.60007,0.52432,0.44788,0.27261,0.54678,visitors_alone,Scenario_3A
216.4,24101,-0.78541,-3.54958,0.32891,0.30372,0.12622,0.39387,visitors_alone,Scenario_3A
216.8,24101,-0.77838,-3.61965,0.17605,0.01757,-0.17517,-1.47081,visitors_alone,Scenario_3A
217.2,24101,-0.90737,-3.7609,0.4782,-0.32247,-0.35312,-2.31086,visitors_alone,Scenario_3A
217.6,24101,-1.03582,-3.82921,0.36372,-0.32113,-0.17079,-2.6528,visitors_alone,Scenario_3A
218.0,24101,-0.98239,-3.72194,0.29961,0.13358,0.26818,1.10867,visitors_alone,Scenario_3A
218.4,24101,-0.70681,-3.443,0.98028,0.68896,0.69734,0.79145,visitors_alone,Scenario_3A
218.8,24101,-0.42103,-3.12982,1.05991,0.71444,0.78294,0.83111,visitors_alone,Scenario_3A
219.2,24101,-0.21247,-2.79141,0.99379,0.5214,0.84603,1.01849,visitors_alone,Scenario_3A
219.6,24101,0.12163,-2.48385,1.13528,0.83526,0.7689,0.74406,visitors_alone,Scenario_3A
220.0,24101,0.53768,-2.22426,1.22599,1.04013,0.64898,0.55784,visitors_alone,Scenario_3A
220.4,24101,0.94748,-1.90395,1.30032,1.0245,0.80077,0.66344,visitors_alone,Scenario_3A
220.8,24101,1.41456,-1.61669,1.37087,1.16771,0.71815,0.55138,visitors_alone,Scenario_3A
151.2,24281,-0.63825,0.09718,0.0,0.0,0.0,0.0,visitors_alone,Scenario_3A
151.6,24281,-0.2022,0.28833,1.19027,1.09013,0.47787,0.41314,visitors_alone,Scenario_3A
152.0,24281,0.22826,0.46427,1.16257,1.07615,0.43986,0.38802,visitors_alone,Scenario_3A
152.4,24281,0.66476,0.59466,1.1389,1.09125,0.32597,0.29028,visitors_alone,Scenario_3A
152.8,24281,1.11764,0.72763,1.17999,1.1322,0.33241,0.28557,visitors_alone,Scenario_3A
153.2,24281,1.58072,0.74822,1.15883,1.15769,0.05147,0.04443,visitors_alone,Scenario_3A
153.6,24281,2.04118,0.70938,1.15523,1.15114,-0.0971,-0.08415,visitors_alone,Scenario_3A
154.0,24281,2.49653,0.69317,1.1391,1.13838,-0.04051,-0.03557,visitors_alone,Scenario_3A
154.4,24281,2.93317,0.62862,1.10347,1.09161,-0.16138,-0.14677,visitors_alone,Scenario_3A
154.8,24281,3.36621,0.61206,1.08339,1.0826,-0.0414,-0.03822,visitors_alone,Scenario_3A
155.2,24281,3.78795,0.66666,1.06314,1.05434,0.1365,0.12875,visitors_alone,Scenario_3A
155.6,24281,4.17647,0.72316,0.98152,0.97131,0.14124,0.1444,visitors_alone,Scenario_3A
156.0,24281,4.49521,0.8502,0.8578,0.79683,0.3176,0.37928,visitors_alone,Scenario_3A
156.4,24281,4.72525,1.01749,0.7111,0.5751,0.41822,0.62876,visitors_alone,Scenario_3A
156.8,24281,4.8999,1.11646,0.50186,0.43663,0.24743,0.51556,visitors_alone,Scenario_3A
157.2,24281,5.03768,1.19105,0.39168,0.34445,0.18647,0.49619,visitors_alone,Scenario_3A
157.6,24281,5.12325,1.31465,0.37582,0.21393,0.30899,0.96522,visitors_alone,Scenario_3A
158.0,24281,5.16529,1.42465,0.29441,0.1051,0.27501,1.20575,visitors_alone,Scenario_3A
158.4,24281,5.21556,1.44569,0.13622,0.12566,0.05259,0.39634,visitors_alone,Scenario_3A
158.8,24281,5.28521,1.40278,0.20454,0.17415,-0.10728,-0.55211,visitors_alone,Scenario_3A
154.4,24094,-5.41812,-2.19943,0.0,0.0,0.0,0.0,visitors_alone,Scenario_3A
154.8,24094,-5.1426,-2.12717,0.71208,0.68878,0.18064,0.25649,visitors_alone,Scenario_3A
155.2,24094,-4.72638,-2.03662,1.0649,1.04057,0.22637,0.21421,visitors_alone,Scenario_3A
155.6,24094,-4.21777,-1.85958,1.34634,1.27151,0.4426,0.33497,visitors_alone,Scenario_3A
156.0,24094,-3.70388,-1.6848,1.35702,1.28474,0.43696,0.32784,visitors_alone,Scenario_3A
156.4,24094,-3.20534,-1.53737,1.29969,1.24633,0.36857,0.28753,visitors_alone,Scenario_3A
156.8,24094,-2.7245,-1.37807,1.26635,1.2021,0.39825,0.31992,visitors_alone,Scenario_3A
157.2,24094,-2.21607,-1.29148,1.28937,1.27107,0.21647,0.16869,visitors_alone,Scenario_3A
157.6,24094,-1.71871,-1.20534,1.26193,1.24341,0.21535,0.1715,visitors_alone,Scenario_3A
158.0,24094,-1.23921,-1.13198,1.21269,1.19875,0.1834,0.15182,visitors_alone,Scenario_3A
158.4,24094,-0.73609,-1.1451,1.25823,1.25781,-0.03279,-0.02607,visitors_alone,Scenario_3A
158.8,24094,-0.21307,-1.1812,1.31065,1.30754,-0.09027,-0.06893,visitors_alone,Scenario_3A
159.2,24094,0.30677,-1.22914,1.30512,1.29961,-0.11984,-0.09195,visitors_alone,Scenario_3A
159.6,24094,0.81725,-1.28821,1.28471,1.2762,-0.14767,-0.1152,visitors_alone,Scenario_3A
160.0,24094,1.33576,-1.28374,1.29632,1.29627,0.01116,0.00861,visitors_alone,Scenario_3A
160.4,24094,1.86734,-1.2685,1.3295,1.32895,0.03811,0.02867,visitors_alone,Scenario_3A
160.8,24094,2.39342,-1.22704,1.31928,1.3152,0.10365,0.07865,visitors_alone,Scenario_3A
161.2,24094,2.86354,-1.07186,1.23766,1.17529,0.38794,0.31882,visitors_alone,Scenario_3A
161.6,24094,3.31835,-0.91865,1.19981,1.13703,0.38303,0.32493,visitors_alone,Scenario_3A
162.0,24094,3.79158,-0.76795,1.24162,1.18308,0.37674,0.30829,visitors_alone,Scenario_3A
218.4,24317,-7.48143,0.96687,0.0,0.0,0.0,0.0,visitors_alone,Scenario_3A
218.8,24317,-7.93545,0.73567,1.27374,-1.13504,-0.578,-2.67059,visitors_alone,Scenario_3A
219.2,24317,-8.44328,0.57474,1.3318,-1.26958,-0.40232,-2.83471,visitors_alone,Scenario_3A
219.6,24317,-8.81548,0.42811,1.00009,-0.93049,-0.36657,-2.76631,visitors_alone,Scenario_3A
220.0,24317,-8.95566,0.34248,0.41066,-0.35045,-0.21408,-2.59321,visitors_alone,Scenario_3A
220.4,24317,-8.98865,0.33146,0.08697,-0.0825,-0.02753,-2.81944,visitors_alone,Scenario_3A
220.8,24317,-8.9893,0.3303,0.00333,-0.00162,-0.00291,-2.0791,visitors_alone,Scenario_3A
221.2,24317,-8.90876,0.28561,0.23028,0.20136,-0.11173,-0.50656,visitors_alone,Scenario_3A
221.6,24317,-8.6318,0.2906,0.69252,0.69241,0.01248,0.01803,visitors_alone,Scenario_3A
222.0,24317,-8.24008,0.41213,1.02534,0.97929,0.30383,0.30083,visitors_alone,Scenario_3A
222.4,24317,-7.88411,0.46973,0.90148,0.88991,0.14398,0.1604,visitors_alone,Scenario_3A
222.8,24317,-7.47513,0.38601,1.04366,1.02246,-0.20928,-0.2019,visitors_alone,Scenario_3A
223.2,24317,-6.96871,0.304,1.28255,1.26606,-0.20503,-0.16055,visitors_alone,Scenario_3A
223.6,24317,-6.44244,0.24222,1.3247,1.31566,-0.15446,-0.11686,visitors_alone,Scenario_3A
224.0,24317,-5.88659,0.14168,1.41216,1.38961,-0.25134,-0.17894,visitors_alone,Scenario_3A
224.4,24317,-5.30807,0.06492,1.45899,1.44632,-0.19191,-0.13192,visitors_alone,Scenario_3A
224.8,24317,-4.74424,-0.01469,1.42354,1.40956,-0.19902,-0.14026,visitors_alone,Scenario_3A
225.2,24317,-4.17607,-0.13783,1.45342,1.42044,-0.30785,-0.21343,visitors_alone,Scenario_3A
225.6,24317,-3.59166,-0.24856,1.48702,1.46103,-0.27682,-0.18725,visitors_alone,Scenario_3A
226.0,24317,-3.01792,-0.36368,1.46293,1.43435,-0.28779,-0.19801,visitors_alone,Scenario_3A
84.0,24301,3.85093,2.2267,0.0,0.0,0.0,0.0,visitors_alone,Scenario_3A
84.4,24301,4.40886,2.23753,1.39508,1.39482,0.02708,0.01942,visitors_alone,Scenario_3A
84.8,24301,4.96532,2.28704,1.39664,1.39114,0.12378,0.08874,visitors_alone,Scenario_3A
85.2,24301,5.50407,2.33164,1.35149,1.34688,0.11151,0.0826,visitors_alone,Scenario_3A
85.6,24301,6.03792,2.38827,1.34212,1.33463,0.14157,0.10568,visitors_alone,Scenario_3A
86.0,24301,6.59826,2.47985,1.41943,1.40084,0.22894,0.162,visitors_alone,Scenario_3A
86.4,24301,7.17584,2.5132,1.44636,1.44396,0.08337,0.05767,visitors_alone,Scenario_3A
86.8,24301,7.73555,2.53644,1.40049,1.39928,0.05811,0.04151,visitors_alone,Scenario_3A
87.2,24301,8.27134,2.58779,1.34561,1.33947,0.12837,0.09555,visitors_alone,Scenario_3A
87.6,24301,8.81438,2.60805,1.35854,1.3576,0.05063,0.03728,visitors_alone,Scenario_3A
88.0,24301,9.19816,2.61535,0.95962,0.95945,0.01825,0.01902,visitors_alone,Scenario_3A
88.4,24301,9.27804,2.60398,0.20171,0.1997,-0.02843,-0.1414,visitors_alone,Scenario_3A
88.8,24301,9.21826,2.57745,0.1635,-0.14945,-0.06631,-2.72402,visitors_alone,Scenario_3A
89.2,24301,9.15848,2.55093,0.1635,-0.14945,-0.06631,-2.72402,visitors_alone,Scenario_3A
89.6,24301,9.0987,2.52441,0.1635,-0.14945,-0.06631,-2.72402,visitors_alone,Scenario_3A
90.0,24301,9.03892,2.49789,0.1635,-0.14945,-0.06631,-2.72402,visitors_alone,Scenario_3A
90.4,24301,8.79373,2.50799,0.61348,-0.61296,0.02526,3.1004,visitors_alone,Scenario_3A
90.8,24301,8.37223,2.51285,1.05382,-1.05375,0.01213,3.13008,visitors_alone,Scenario_3A
91.2,24301,7.95162,2.41793,1.07796,-1.05152,-0.23728,-2.91965,visitors_alone,Scenario_3A
91.6,24301,7.47095,2.33466,1.21957,-1.20167,-0.20819,-2.97005,visitors_alone,Scenario_3A
215.6,24153,-7.61005,0.35564,0.0,0.0,0.0,0.0,visitors_alone,Scenario_3A
216.0,24153,-7.30782,0.35828,0.7556,0.75557,0.00659,0.00872,visitors_alone,Scenario_3A
216.4,24153,-6.9859,0.39094,0.80893,0.8048,0.08166,0.10113,visitors_alone,Scenario_3A
216.8,24153,-6.6576,0.4113,0.82233,0.82075,0.0509,0.06194,visitors_alone,Scenario_3A
217.2,24153,-6.31442,0.30776,0.89615,0.85795,-0.25886,-0.29303,visitors_alone,Scenario_3A
217.6,24153,-5.95726,0.22065,0.91908,0.8929,-0.21778,-0.23923,visitors_alone,Scenario_3A
218.0,24153,-5.58211,0.1891,0.94118,0.93787,-0.07888,-0.0839,visitors_alone,Scenario_3A
218.4,24153,-5.22311,0.07705,0.94021,0.89751,-0.28012,-0.30253,visitors_alone,Scenario_3A
218.8,24153,-4.90299,0.01029,0.8175,0.80028,-0.16689,-0.20559,visitors_alone,Scenario_3A
219.2,24153,-4.57908,0.07353,0.82508,0.80979,0.15809,0.1928,visitors_alone,Scenario_3A
219.6,24153,-4.21101,0.06422,0.92046,0.92016,-0.02327,-0.02528,visitors_alone,Scenario_3A
220.0,24153,-3.81947,-0.01033,0.99643,0.97885,-0.18637,-0.18815,visitors_alone,Scenario_3A
220.4,24153,-3.40614,-0.01659,1.03343,1.03331,-0.01567,-0.01516,visitors_alone,Scenario_3A
220.8,24153,-2.98168,-0.08716,1.07573,1.06116,-0.17641,-0.16473,visitors_alone,Scenario_3A
221.2,24153,-2.55164,-0.18557,1.10288,1.07509,-0.24604,-0.22498,visitors_alone,Scenario_3A
221.6,24153,-2.10788,-0.21929,1.11261,1.10941,-0.0843,-0.07584,visitors_alone,Scenario_3A
222.0,24153,-1.66232,-0.32074,1.14241,1.1139,-0.25363,-0.22388,visitors_alone,Scenario_3A
222.4,24153,-1.22445,-0.34976,1.09706,1.09466,-0.07255,-0.06618,visitors_alone,Scenario_3A
222.8,24153,-0.79226,-0.26435,1.10138,1.08048,0.21354,0.19512,visitors_alone,Scenario_3A
223.2,24153,-0.33051,-0.25813,1.15448,1.15437,0.01556,0.01348,visitors_alone,Scenario_3A
41.6,24005,-7.01373,2.43972,0.0,0.0,0.0,0.0,visitors_alone,Scenario_3A
42.0,24005,-7.00023,2.42729,0.04588,0.03375,-0.03108,-0.74423,visitors_alone,Scenario_3A
42.4,24005,-7.00051,2.43164,0.01089,-0.0007,0.01086,1.63515,visitors_alone,Scenario_3A
42.8,24005,-6.99091,2.43765,0.02832,0.02401,0.01502,0.55909,visitors_alone,Scenario_3A
43.2,24005,-6.8718,2.36097,0.35414,0.29776,-0.1917,-0.57201,visitors_alone,Scenario_3A
43.6,24005,-6.55477,2.29888,0.80762,0.79257,-0.15522,-0.1934,visitors_alone,Scenario_3A
44.0,24005,-6.24292,2.28873,0.78004,0.77962,-0.02538,-0.03254,visitors_alone,Scenario_3A
44.4,24005,-5.99096,2.16963,0.69672,0.6299,-0.29773,-0.44154,visitors_alone,Scenario_3A
44.8,24005,-5.65044,2.01837,0.93151,0.8513,-0.37815,-0.41802,visitors_alone,Scenario_3A
45.2,24005,-5.213,1.97531,1.09888,1.0936,-0.10766,-0.09813,visitors_alone,Scenario_3A
45.6,24005,-4.69174,1.91717,1.31123,1.30315,-0.14536,-0.11109,visitors_alone,Scenario_3A
46.0,24005,-4.1408,1.84289,1.38981,1.37735,-0.18569,-0.13401,visitors_alone,Scenario_3A
46.4,24005,-3.56043,1.84244,1.45094,1.45094,-0.00113,-0.00078,visitors_alone,Scenario_3A
46.8,24005,-2.98234,1.79288,1.45052,1.44522,-0.1239,-0.08552,visitors_alone,Scenario_3A
47.2,24005,-2.42802,1.74717,1.3905,1.3858,-0.11428,-0.08228,visitors_alone,Scenario_3A
47.6,24005,-1.87321,1.72168,1.38849,1.38703,-0.06373,-0.04591,visitors_alone,Scenario_3A
48.0,24005,-1.33572,1.59459,1.38078,1.34372,-0.31773,-0.23219,visitors_alone,Scenario_3A
48.4,24005,-0.79847,1.48301,1.37178,1.34312,-0.27894,-0.20477,visitors_alone,Scenario_3A
48.8,24005,-0.27803,1.36102,1.33637,1.30111,-0.30497,-0.23024,visitors_alone,Scenario_3A
49.2,24005,0.1971,1.1468,1.30296,1.18781,-0.53554,-0.42357,visitors_alone,Scenario_3A
50.4,24269,-0.74166,-0.2432,0.0,0.0,0.0,0.0,visitors_alone,Scenario_3A
50.8,24269,-0.21749,-0.24543,1.31045,1.31044,-0.00557,-0.00425,visitors_alone,Scenario_3A
51.2,24269,0.32216,-0.22648,1.34996,1.34912,0.04739,0.03511,visitors_alone,Scenario_3A
51.6,24269,0.86234,-0.21396,1.3508,1.35044,0.03128,0.02316,visitors_alone,Scenario_3A
52.0,24269,1.39836,-0.2509,1.34324,1.34006,-0.09234,-0.0688,visitors_alone,Scenario_3A
52.4,24269,1.93238,-0.26013,1.33524,1.33504,-0.02309,-0.01729,visitors_alone,Scenario_3A
52.8,24269,2.44985,-0.30182,1.29787,1.29368,-0.10421,-0.08038,visitors_alone,Scenario_3A
53.2,24269,2.95758,-0.34226,1.27334,1.26932,-0.1011,-0.07948,visitors_alone,Scenario_3A
53.6,24269,3.47035,-0.35133,1.28214,1.28194,-0.02268,-0.01769,visitors_alone,Scenario_3A
54.0,24269,3.98092,-0.41869,1.28748,1.27642,-0.16839,-0.13117,visitors_alone,Scenario_3A
54.4,24269,4.48529,-0.47484,1.26871,1.26092,-0.14038,-0.11087,visitors_alone,Scenario_3A
54.8,24269,4.9892,-0.51931,1.26467,1.25978,-0.11118,-0.08802,visitors_alone,Scenario_3A
55.2,24269,5.50108,-0.59456,1.29346,1.27971,-0.18812,-0.14596,visitors_alone,Scenario_3A
55.6,24269,6.03255,-0.60524,1.32893,1.32866,-0.0267,-0.02009,visitors_alone,Scenario_3A
56.0,24269,6.55934,-0.59683,1.31716,1.31699,0.02103,0.01597,visitors_alone,Scenario_3A
56.4,24269,7.06931,-0.5774,1.27584,1.27491,0.04857,0.03807,visitors_alone,Scenario_3A
56.8,24269,7.59331,-0.49824,1.32487,1.31001,0.19789,0.14993,visitors_alone,Scenario_3A
57.2,24269,8.11885,-0.48631,1.31417,1.31384,0.02983,0.0227,visitors_alone,Scenario_3A
57.6,24269,8.60894,-0.52714,1.22948,1.22523,-0.10208,-0.08312,visitors_alone,Scenario_3A
58.0,24269,8.99274,-0.55985,0.96297,0.95949,-0.08177,-0.08501,visitors_alone,Scenario_3A
168.0,24283,9.00065,2.41144,0.0,0.0,0.0,0.0,visitors_alone,Scenario_3A
168.4,24283,9.00905,2.42123,0.03227,0.02102,0.02448,0.86142,visitors_alone,Scenario_3A
168.8,24283,9.01746,2.43102,0.03227,0.02102,0.02448,0.86142,visitors_alone,Scenario_3A
169.2,24283,9.02587,2.44082,0.03227,0.02102,0.02448,0.86142,visitors_alone,Scenario_3A
169.6,24283,9.03427,2.45061,0.03227,0.02102,0.02448,0.86142,visitors_alone,Scenario_3A
170.0,24283,9.04268,2.4604,0.03227,0.02102,0.02448,0.86142,visitors_alone,Scenario_3A
170.4,24283,9.00414,2.37405,0.23641,-0.09635,-0.21589,-1.99056,visitors_alone,Scenario_3A
170.8,24283,8.98718,2.21023,0.41173,-0.04241,-0.40954,-1.674,visitors_alone,Scenario_3A
171.2,24283,9.04115,2.08861,0.33266,0.13493,-0.30407,-1.15316,visitors_alone,Scenario_3A
171.6,24283,8.92345,1.98882,0.38576,-0.29424,-0.24946,-2.43837,visitors_alone,Scenario_3A
172.0,24283,8.57429,1.956,0.87676,-0.87291,-0.08207,-3.04785,visitors_alone,Scenario_3A
172.4,24283,8.07706,1.9385,1.24383,-1.24306,-0.04374,-3.10642,visitors_alone,Scenario_3A
172.8,24283,7.55332,1.88709,1.31564,-1.30935,-0.12852,-3.04375,visitors_alone,Scenario_3A
173.2,24283,7.1034,1.91399,1.12681,-1.1248,0.06725,3.08187,visitors_alone,Scenario_3A
173.6,24283,6.64999,1.96238,1.13998,-1.13354,0.12099,3.03526,visitors_alone,Scenario_3A
174.0,24283,6.17779,1.97052,1.18066,-1.18048,0.02034,3.12437,visitors_alone,Scenario_3A
174.4,24283,5.70185,2.00513,1.193,-1.18986,0.08653,3.069,visitors_alone,Scenario_3A
174.8,24283,5.23605,2.01856,1.16498,-1.16449,0.03356,3.11278,visitors_alone,Scenario_3A
175.2,24283,4.77704,1.9951,1.14903,-1.14753,-0.05863,-3.09054,visitors_alone,Scenario_3A
175.6,24283,4.31841,2.0042,1.1468,-1.14657,0.02274,3.12176,visitors_alone,Scenario_3A
75.6,24163,9.01257,-0.60804,0.0,0.0,0.0,0.0,visitors_alone,Scenario_3A
76.0,24163,9.00453,-0.60314,0.02353,-0.0201,0.01223,2.59485,visitors_alone,Scenario_3A
76.4,24163,9.00405,-0.60466,0.00398,-0.00121,-0.00379,-1.87874,visitors_alone,Scenario_3A
76.8,24163,8.98703,-0.60756,0.04316,-0.04255,-0.00726,-2.97262,visitors_alone,Scenario_3A
77.2,24163,8.92097,-0.61237,0.16559,-0.16515,-0.01202,-3.06895,visitors_alone,Scenario_3A
77.6,24163,8.80658,-0.55137,0.3241,-0.28598,0.1525,2.6517,visitors_alone,Scenario_3A
78.0,24163,8.70569,-0.39244,0.47061,-0.25222,0.39732,2.13642,visitors_alone,Scenario_3A
78.4,24163,8.5656,-0.3022,0.4166,-0.35023,0.2256,2.56934,visitors_alone,Scenario_3A
78.8,24163,8.26362,-0.3017,0.75496,-0.75496,0.00127,3.13991,visitors_alone,Scenario_3A
79.2,24163,7.85179,-0.23621,1.0425,-1.02956,0.16371,2.9839,visitors_alone,Scenario_3A
79.6,24163,7.3743,-0.15946,1.20904,-1.19372,0.19188,2.98222,visitors_alone,Scenario_3A
80.0,24163,6.83559,-0.16276,1.34682,-1.34679,-0.00824,-3.13547,visitors_alone,Scenario_3A
80.4,24163,6.28337,-0.19953,1.38361,-1.38055,-0.09195,-3.07509,visitors_alone,Scenario_3A
80.8,24163,5.74281,-0.3021,1.3755,-1.35139,-0.2564,-2.95409,visitors_alone,Scenario_3A
81.2,24163,5.20664,-0.45201,1.39184,-1.34043,-0.37479,-2.86895,visitors_alone,Scenario_3A
81.6,24163,4.64409,-0.61818,1.46644,-1.40637,-0.41542,-2.85438,visitors_alone,Scenario_3A
82.0,24163,4.07018,-0.81499,1.5168,-1.43478,-0.49203,-2.81123,visitors_alone,Scenario_3A
82.4,24163,3.49511,-0.99723,1.50814,-1.43768,-0.4556,-2.8347,visitors_alone,Scenario_3A
82.8,24163,2.94724,-1.21358,1.47258,-1.36966,-0.54086,-2.7655,visitors_alone,Scenario_3A
83.2,24163,2.42528,-1.44827,1.43074,-1.3049,-0.58673,-2.71904,visitors_alone,Scenario_3A
100.8,24303,-1.57969,-3.94456,0.0,0.0,0.0,0.0,visitors_alone,Scenario_3A
101.2,24303,-1.60327,-4.05751,0.28847,-0.05893,-0.28239,-1.77653,visitors_alone,Scenario_3A
101.6,24303,-1.61845,-4.0677,0.04572,-0.03797,-0.02547,-2.55071,visitors_alone,Scenario_3A
102.0,24303,-1.62254,-4.06891,0.01065,-0.01022,-0.00301,-2.8551,visitors_alone,Scenario_3A
102.4,24303,-1.59871,-4.06082,0.06291,0.05958,0.02021,0.32699,visitors_alone,Scenario_3A
102.8,24303,-1.46034,-3.91793,0.49728,0.34594,0.35723,0.80146,visitors_alone,Scenario_3A
103.2,24303,-1.28191,-3.49069,1.1575,0.44606,1.0681,1.17519,visitors_alone,Scenario_3A
103.6,24303,-1.13168,-3.02458,1.2243,0.37557,1.16528,1.25901,visitors_alone,Scenario_3A
104.0,24303,-0.83499,-2.69389,1.11068,0.74172,0.82672,0.83953,visitors_alone,Scenario_3A
104.4,24303,-0.45099,-2.3538,1.28241,0.96002,0.85025,0.72483,visitors_alone,Scenario_3A
104.8,24303,-0.0683,-2.00923,1.28738,0.95672,0.86141,0.73302,visitors_alone,Scenario_3A
105.2,24303,0.36894,-1.71067,1.32362,1.0931,0.74639,0.5991,visitors_alone,Scenario_3A
105.6,24303,0.79996,-1.42272,1.2959,1.07755,0.71988,0.58897,visitors_alone,Scenario_3A
106.0,24303,1.21052,-1.12989,1.26073,1.0264,0.73208,0.61956,visitors_alone,Scenario_3A
106.4,24303,1.64124,-0.87596,1.25,1.0768,0.63483,0.5327,visitors_alone,Scenario_3A
106.8,24303,2.06616,-0.63094,1.22625,1.0623,0.61255,0.52305,visitors_alone,Scenario_3A
107.2,24303,2.49392,-0.38107,1.23848,1.0694,0.62468,0.52867,visitors_alone,Scenario_3A
107.6,24303,2.95262,-0.16731,1.26516,1.14675,0.53439,0.43608,visitors_alone,Scenario_3A
108.0,24303,3.40357,0.04424,1.24526,1.12737,0.52887,0.43864,visitors_alone,Scenario_3A
108.4,24303,3.84347,0.25276,1.21704,1.09973,0.52131,0.44266,visitors_alone,Scenario_3A
184.8,24176,-4.48348,1.6372,0.0,0.0,0.0,0.0,visitors_alone,Scenario_3A
185.2,24176,-3.96515,1.80595,1.36274,1.2958,0.42187,0.31474,visitors_alone,Scenario_3A
185.6,24176,-3.45359,1.92268,1.31179,1.27892,0.29184,0.22435,visitors_alone,Scenario_3A
186.0,24176,-2.94934,2.05125,1.30096,1.26063,0.32143,0.24965,visitors_alone,Scenario_3A
186.4,24176,-2.46069,2.14607,1.24441,1.22162,0.23704,0.19166,visitors_alone,Scenario_3A
186.8,24176,-1.98833,2.18766,1.18546,1.18089,0.10396,0.08781,visitors_alone,Scenario_3A
187.2,24176,-1.5288,2.18921,1.14884,1.14884,0.00389,0.00338,visitors_alone,Scenario_3A
187.6,24176,-1.08713,2.11682,1.1189,1.10417,-0.18097,-0.16245,visitors_alone,Scenario_3A
188.0,24176,-0.63951,2.08016,1.12279,1.11904,-0.09166,-0.08173,visitors_alone,Scenario_3A
188.4,24176,-0.15433,2.1229,1.21765,1.21296,0.10685,0.08787,visitors_alone,Scenario_3A
188.8,24176,0.37475,2.17565,1.32926,1.3227,0.13188,0.09938,visitors_alone,Scenario_3A
189.2,24176,0.92557,2.25391,1.39086,1.37704,0.19563,0.14112,visitors_alone,Scenario_3A
189.6,24176,1.4481,2.31781,1.31607,1.30634,0.15977,0.1217,visitors_alone,Scenario_3A
190.0,24176,1.9783,2.32558,1.32564,1.3255,0.01942,0.01465,visitors_alone,Scenario_3A
190.4,24176,2.54496,2.27194,1.42297,1.41663,-0.13411,-0.09439,visitors_alone,Scenario_3A
190.8,24176,3.13144,2.15977,1.49279,1.46622,-0.28043,-0.18898,visitors_alone,Scenario_3A
191.2,24176,3.73358,2.08685,1.51634,1.50535,-0.18228,-0.1205,visitors_alone,Scenario_3A
191.6,24176,4.32638,2.04375,1.48591,1.482,-0.10777,-0.07259,visitors_alone,Scenario_3A
192.0,24176,4.91724,2.03666,1.47725,1.47714,-0.01773,-0.012,visitors_alone,Scenario_3A
192.4,24176,5.4995,2.10041,1.46436,1.45566,0.15938,0.10906,visitors_alone,Scenario_3A
76.4,24191,-0.16824,3.30208,0.0,0.0,0.0,0.0,visitors_alone,Scenario_3A
76.8,24191,-0.00769,3.43198,0.51631,0.40138,0.32475,0.68026,visitors_alone,Scenario_3A
77.2,24191,0.0285,3.47295,0.13666,0.09047,0.10242,0.84726,visitors_alone,Scenario_3A
77.6,24191,0.03893,3.4638,0.0347,0.02608,-0.02289,-0.72038,visitors_alone,Scenario_3A
78.0,24191,0.04809,3.4437,0.05522,0.0229,-0.05024,-1.14309,visitors_alone,Scenario_3A
78.4,24191,0.05358,3.43076,0.03513,0.01373,-0.03234,-1.1694,visitors_alone,Scenario_3A
78.8,24191,0.06313,3.41151,0.05372,0.02387,-0.04813,-1.11037,visitors_alone,Scenario_3A
79.2,24191,0.08212,3.37871,0.09475,0.04747,-0.082,-1.04602,visitors_alone,Scenario_3A
79.6,24191,0.09596,3.38803,0.04171,0.0346,0.0233,0.59255,visitors_alone,Scenario_3A
80.0,24191,0.10135,3.41799,0.0761,0.01348,0.07489,1.39267,visitors_alone,Scenario_3A
80.4,24191,0.10303,3.3962,0.05463,0.00419,-0.05447,-1.49393,visitors_alone,Scenario_3A
80.8,24191,0.09362,3.38426,0.03801,-0.02353,-0.02985,-2.23839,visitors_alone,Scenario_3A
81.2,24191,0.08351,3.4182,0.08852,-0.02526,0.08484,1.86019,visitors_alone,Scenario_3A
81.6,24191,0.0737,3.4474,0.07701,-0.02452,0.073,1.89486,visitors_alone,Scenario_3A
82.0,24191,0.00909,3.43876,0.16296,-0.16153,-0.02159,-3.00873,visitors_alone,Scenario_3A
82.4,24191,-0.24293,3.37347,0.65085,-0.63005,-0.16325,-2.88807,visitors_alone,Scenario_3A
82.8,24191,-0.61314,3.28452,0.95187,-0.92553,-0.22237,-2.9058,visitors_alone,Scenario_3A
83.2,24191,-0.85751,3.17166,0.67293,-0.61093,-0.28214,-2.70896,visitors_alone,Scenario_3A
83.6,24191,-0.94469,2.91844,0.66952,-0.21796,-0.63305,-1.90238,visitors_alone,Scenario_3A
84.0,24191,-0.87884,2.63952,0.71648,0.16462,-0.69731,-1.33896,visitors_alone,Scenario_3A
78.4,24008,-7.16654,-2.99472,0.0,0.0,0.0,0.0,visitors_alone,Scenario_3A
78.8,24008,-7.05048,-2.93878,0.3221,0.29016,0.13984,0.4491,visitors_alone,Scenario_3A
79.2,24008,-6.74777,-2.81414,0.81841,0.75677,0.3116,0.39059,visitors_alone,Scenario_3A
79.6,24008,-6.38488,-2.64988,0.99585,0.90724,0.41065,0.42504,visitors_alone,Scenario_3A
80.0,24008,-5.98589,-2.43873,1.12854,0.99746,0.52789,0.48676,visitors_alone,Scenario_3A
80.4,24008,-5.49866,-2.29705,1.26852,1.21807,0.3542,0.28299,visitors_alone,Scenario_3A
80.8,24008,-4.99533,-2.18385,1.28977,1.25834,0.283,0.22121,visitors_alone,Scenario_3A
81.2,24008,-4.50332,-2.00748,1.30666,1.23002,0.44092,0.3442,visitors_alone,Scenario_3A
81.6,24008,-3.98382,-1.90845,1.32213,1.29874,0.24759,0.18838,visitors_alone,Scenario_3A
82.0,24008,-3.4777,-1.80811,1.28994,1.26531,0.25084,0.19571,visitors_alone,Scenario_3A
82.4,24008,-2.99127,-1.64387,1.28352,1.21607,0.41061,0.32563,visitors_alone,Scenario_3A
82.8,24008,-2.49904,-1.53202,1.26194,1.23057,0.27962,0.22343,visitors_alone,Scenario_3A
83.2,24008,-2.05655,-1.32625,1.22,1.10624,0.51442,0.43527,visitors_alone,Scenario_3A
83.6,24008,-1.66825,-0.9884,1.28674,0.97074,0.84462,0.71604,visitors_alone,Scenario_3A
84.0,24008,-1.27067,-0.69322,1.23794,0.99394,0.73795,0.63865,visitors_alone,Scenario_3A
84.4,24008,-0.87684,-0.38446,1.25109,0.98457,0.7719,0.66491,visitors_alone,Scenario_3A
84.8,24008,-0.46112,-0.07406,1.29706,1.03932,0.776,0.64135,visitors_alone,Scenario_3A
85.2,24008,0.00512,0.15945,1.30361,1.1656,0.58377,0.46431,visitors_alone,Scenario_3A
85.6,24008,0.4255,0.45261,1.28125,1.05094,0.7329,0.60896,visitors_alone,Scenario_3A
86.0,24008,0.8303,0.7803,1.30203,1.012,0.81922,0.68051,visitors_alone,Scenario_3A
65.6,24110,-8.01965,0.02748,0.0,0.0,0.0,0.0,visitors_alone,Scenario_3A
66.0,24110,-7.63931,-0.04273,0.96691,0.95084,-0.17551,-0.18253,visitors_alone,Scenario_3A
66.4,24110,-7.19125,-0.01676,1.12205,1.12017,0.06494,0.05791,visitors_alone,Scenario_3A
66.8,24110,-6.68414,-0.04428,1.26962,1.26776,-0.06882,-0.05423,visitors_alone,Scenario_3A
67.2,24110,-6.16761,-0.00252,1.29554,1.29133,0.1044,0.08067,visitors_alone,Scenario_3A
67.6,24110,-5.64905,0.01437,1.29709,1.29641,0.04222,0.03256,visitors_alone,Scenario_3A
68.0,24110,-5.09803,-0.04562,1.38569,1.37755,-0.14998,-0.10845,visitors_alone,Scenario_3A
68.4,24110,-4.54349,-0.03095,1.38683,1.38635,0.03668,0.02645,visitors_alone,Scenario_3A
68.8,24110,-4.03191,-0.02082,1.2792,1.27895,0.02533,0.01981,visitors_alone,Scenario_3A
69.2,24110,-3.53058,0.02425,1.25839,1.25334,0.11267,0.08966,visitors_alone,Scenario_3A
69.6,24110,-3.05735,0.20517,1.26658,1.18306,0.4523,0.36517,visitors_alone,Scenario_3A
70.0,24110,-2.58073,0.41602,1.30295,1.19156,0.52713,0.4165,visitors_alone,Scenario_3A
70.4,24110,-2.12003,0.70467,1.35913,1.15174,0.72163,0.55972,visitors_alone,Scenario_3A
70.8,24110,-1.70953,1.03859,1.32289,1.02624,0.83479,0.68289,visitors_alone,Scenario_3A
71.2,24110,-1.21398,1.26901,1.36627,1.23889,0.57606,0.43524,visitors_alone,Scenario_3A
71.6,24110,-0.69638,1.4946,1.41156,1.294,0.56396,0.411,visitors_alone,Scenario_3A
72.0,24110,-0.22233,1.63925,1.23906,1.18511,0.36163,0.29617,visitors_alone,Scenario_3A
72.4,24110,0.28071,1.67918,1.26155,1.25759,0.09984,0.07922,visitors_alone,Scenario_3A
72.8,24110,0.79997,1.82079,1.34555,1.29815,0.35401,0.26623,visitors_alone,Scenario_3A
73.2,24110,1.30955,1.93882,1.30768,1.27395,0.29508,0.22761,visitors_alone,Scenario_3A
232.8,24024,9.04995,-0.04437,0.0,0.0,0.0,0.0,visitors_alone,Scenario_3A
233.2,24024,9.03705,-0.05429,0.04067,-0.03224,-0.02479,-2.48604,visitors_alone,Scenario_3A
233.6,24024,8.88946,-0.19057,0.50222,-0.36898,-0.3407,-2.39603,visitors_alone,Scenario_3A
234.0,24024,8.67938,-0.36222,0.67822,-0.52518,-0.42915,-2.45649,visitors_alone,Scenario_3A
234.4,24024,8.49016,-0.38177,0.47558,-0.47306,-0.04887,-3.03864,visitors_alone,Scenario_3A
234.8,24024,8.2239,-0.30603,0.69207,-0.66566,0.18935,2.86446,visitors_alone,Scenario_3A
235.2,24024,7.95441,-0.32021,0.67464,-0.67371,-0.03545,-3.08902,visitors_alone,Scenario_3A
235.6,24024,7.7,-0.49798,0.77591,-0.63603,-0.4444,-2.53173,visitors_alone,Scenario_3A
236.0,24024,7.39798,-0.64113,0.83556,-0.75503,-0.35788,-2.69896,visitors_alone,Scenario_3A
236.4,24024,7.04401,-0.70106,0.89753,-0.88494,-0.14983,-2.97387,visitors_alone,Scenario_3A
236.8,24024,6.63087,-0.81423,1.07089,-1.03284,-0.28291,-2.87424,visitors_alone,Scenario_3A
237.2,24024,6.16876,-0.87864,1.16645,-1.15529,-0.16103,-3.0031,visitors_alone,Scenario_3A
237.6,24024,5.69595,-0.8538,1.18365,-1.18202,0.0621,3.0891,visitors_alone,Scenario_3A
238.0,24024,5.20169,-0.88393,1.23795,-1.23566,-0.07533,-3.0807,visitors_alone,Scenario_3A
238.4,24024,4.70623,-0.87316,1.23894,-1.23865,0.02692,3.11986,visitors_alone,Scenario_3A
238.8,24024,4.25464,-0.80285,1.14256,-1.12896,0.17578,2.98713,visitors_alone,Scenario_3A
239.2,24024,3.78689,-0.80902,1.16948,-1.16938,-0.01542,-3.1284,visitors_alone,Scenario_3A
239.6,24024,3.29171,-0.79084,1.23879,-1.23796,0.04545,3.1049,visitors_alone,Scenario_3A
240.0,24024,2.80137,-0.73712,1.23319,-1.22586,0.13431,3.03246,visitors_alone,Scenario_3A
240.4,24024,2.27036,-0.77916,1.33167,-1.32752,-0.1051,-3.06259,visitors_alone,Scenario_3A
25.2,24106,-6.22955,-0.53774,0.0,0.0,0.0,0.0,visitors_alone,Scenario_3A
25.6,24106,-6.28505,0.00954,1.37523,-0.13874,1.36821,1.67186,visitors_alone,Scenario_3A
26.0,24106,-6.37459,0.5384,1.34096,-0.22385,1.32214,1.73852,visitors_alone,Scenario_3A
26.4,24106,-6.42076,1.06956,1.33292,-0.11543,1.32791,1.65751,visitors_alone,Scenario_3A
26.8,24106,-6.57678,1.54783,1.25767,-0.39006,1.19566,1.88614,visitors_alone,Scenario_3A
27.2,24106,-6.8052,1.99556,1.25658,-0.57104,1.11934,2.04254,visitors_alone,Scenario_3A
27.6,24106,-6.97604,2.39585,1.08806,-0.42711,1.00073,1.97419,visitors_alone,Scenario_3A
28.0,24106,-7.06553,2.58101,0.51412,-0.22372,0.4629,2.02099,visitors_alone,Scenario_3A
28.4,24106,-7.06972,2.59033,0.02556,-0.01048,0.02331,1.99333,visitors_alone,Scenario_3A
28.8,24106,-7.04586,2.61912,0.09347,0.05965,0.07196,0.8787,visitors_alone,Scenario_3A
29.2,24106,-7.03869,2.66985,0.1281,0.01794,0.12684,1.43031,visitors_alone,Scenario_3A
29.6,24106,-7.06197,2.73397,0.17052,-0.05821,0.16028,1.91914,visitors_alone,Scenario_3A
30.0,24106,-7.07495,2.81827,0.21324,-0.03244,0.21076,1.72353,visitors_alone,Scenario_3A
30.4,24106,-7.08601,2.78266,0.09321,-0.02764,-0.08902,-1.87187,visitors_alone,Scenario_3A
30.8,24106,-6.98263,2.5807,0.5672,0.25844,-0.50489,-1.09769,visitors_alone,Scenario_3A
31.2,24106,-6.7364,2.36922,0.81145,0.61557,-0.52871,-0.70963,visitors_alone,Scenario_3A
31.6,24106,-6.47727,2.17834,0.80462,0.64783,-0.47721,-0.63488,visitors_alone,Scenario_3A
32.0,24106,-6.19349,1.89697,0.99904,0.70943,-0.70341,-0.78114,visitors_alone,Scenario_3A
32.4,24106,-5.84404,1.60312,1.14146,0.87364,-0.73464,-0.69918,visitors_alone,Scenario_3A
32.8,24106,-5.40662,1.36751,1.24209,1.09354,-0.58902,-0.49408,visitors_alone,Scenario_3A
207.2,24152,-7.69135,0.45601,0.0,0.0,0.0,0.0,visitors_alone,Scenario_3A
207.6,24152,-8.04362,0.62574,0.97754,-0.88065,0.42431,2.6926,visitors_alone,Scenario_3A
208.0,24152,-8.4066,0.78766,0.99365,-0.90745,0.4048,2.722,visitors_alone,Scenario_3A
208.4,24152,-8.67663,0.89522,0.72667,-0.67509,0.2689,2.76254,visitors_alone,Scenario_3A
208.8,24152,-8.69857,0.90725,0.06256,-0.05485,0.03008,2.63997,visitors_alone,Scenario_3A
209.2,24152,-8.58198,0.83243,0.34633,0.29148,-0.18704,-0.57051,visitors_alone,Scenario_3A
209.6,24152,-8.47796,0.74118,0.34594,0.26005,-0.22814,-0.72012,visitors_alone,Scenario_3A
210.0,24152,-8.42883,0.69071,0.17608,0.12282,-0.12617,-0.79886,visitors_alone,Scenario_3A
210.4,24152,-8.4334,0.6669,0.06061,-0.01143,-0.05953,-1.76052,visitors_alone,Scenario_3A
210.8,24152,-8.4425,0.65863,0.03072,-0.02273,-0.02067,-2.40362,visitors_alone,Scenario_3A
211.2,24152,-8.45507,0.65619,0.03201,-0.03143,-0.00609,-2.95007,visitors_alone,Scenario_3A
211.6,24152,-8.47937,0.62136,0.10619,-0.06076,-0.08709,-2.17996,visitors_alone,Scenario_3A
212.0,24152,-8.54196,0.56278,0.21431,-0.15648,-0.14643,-2.38936,visitors_alone,Scenario_3A
212.4,24152,-8.62553,0.62547,0.26116,-0.20892,0.15671,2.49803,visitors_alone,Scenario_3A
212.8,24152,-8.61116,0.76021,0.33877,0.03593,0.33686,1.46453,visitors_alone,Scenario_3A
213.2,24152,-8.4982,0.786,0.28965,0.28239,0.06447,0.22447,visitors_alone,Scenario_3A
213.6,24152,-8.35577,0.65384,0.48575,0.35607,-0.33039,-0.74801,visitors_alone,Scenario_3A
214.0,24152,-8.21603,0.38728,0.75243,0.34936,-0.6664,-1.08794,visitors_alone,Scenario_3A
214.4,24152,-8.10743,0.18741,0.56869,0.2715,-0.49969,-1.07309,visitors_alone,Scenario_3A
214.8,24152,-7.99816,0.16873,0.27714,0.27318,-0.04668,-0.16925,visitors_alone,Scenario_3A
8.8,24002,-5.49282,-0.51227,0.0,0.0,0.0,0.0,visitors_alone,Scenario_3A
9.2,24002,-5.19333,-0.0778,1.31923,0.74872,1.08618,0.96728,visitors_alone,Scenario_3A
9.6,24002,-4.7992,0.32068,1.40119,0.98534,0.99621,0.79089,visitors_alone,Scenario_3A
10.0,24002,-4.39635,0.72468,1.42632,1.00712,1.01,0.78683,visitors_alone,Scenario_3A
10.4,24002,-3.98868,1.10959,1.40167,1.01917,0.96227,0.75669,visitors_alone,Scenario_3A
10.8,24002,-3.50981,1.3647,1.35646,1.19717,0.63778,0.48949,visitors_alone,Scenario_3A
11.2,24002,-2.98419,1.59622,1.43588,1.31405,0.57881,0.4149,visitors_alone,Scenario_3A
11.6,24002,-2.41902,1.72097,1.44694,1.41293,0.31186,0.21724,visitors_alone,Scenario_3A
12.0,24002,-1.84161,1.70262,1.44426,1.44353,-0.04586,-0.03176,visitors_alone,Scenario_3A
12.4,24002,-1.26099,1.68145,1.45251,1.45155,-0.05295,-0.03646,visitors_alone,Scenario_3A
12.8,24002,-0.70843,1.57583,1.40641,1.3814,-0.26404,-0.18886,visitors_alone,Scenario_3A
13.2,24002,-0.16577,1.43156,1.40378,1.35665,-0.36067,-0.25984,visitors_alone,Scenario_3A
13.6,24002,0.43894,1.29505,1.54982,1.51178,-0.34127,-0.22202,visitors_alone,Scenario_3A
14.0,24002,1.01991,1.05965,1.56712,1.45241,-0.58852,-0.38498,visitors_alone,Scenario_3A
14.4,24002,1.55087,0.88528,1.39714,1.3274,-0.43592,-0.31731,visitors_alone,Scenario_3A
14.8,24002,2.08237,0.7918,1.34915,1.32875,-0.2337,-0.1741,visitors_alone,Scenario_3A
15.2,24002,2.60958,0.65709,1.36037,1.31802,-0.33678,-0.25017,visitors_alone,Scenario_3A
15.6,24002,3.17851,0.60023,1.4294,1.42232,-0.14214,-0.0996,visitors_alone,Scenario_3A
16.0,24002,3.76295,0.55768,1.46497,1.46111,-0.10637,-0.07267,visitors_alone,Scenario_3A
16.4,24002,4.32828,0.47453,1.42854,1.41333,-0.20788,-0.14604,visitors_alone,Scenario_3A
18.8,24080,8.30327,2.34804,0.0,0.0,0.0,0.0,visitors_alone,Scenario_3A
19.2,24080,8.26064,2.2994,0.1617,-0.10657,-0.12161,-2.29041,visitors_alone,Scenario_3A
19.6,24080,8.01324,2.13166,0.74724,-0.61848,-0.41934,-2.54577,visitors_alone,Scenario_3A
20.0,24080,7.58541,1.9364,1.17571,-1.06958,-0.48816,-2.71342,visitors_alone,Scenario_3A
20.4,24080,7.13263,1.70336,1.27308,-1.13195,-0.58261,-2.66626,visitors_alone,Scenario_3A
20.8,24080,6.65901,1.43392,1.36224,-1.18405,-0.6736,-2.62436,visitors_alone,Scenario_3A
21.2,24080,6.15428,1.19713,1.39379,-1.26183,-0.59197,-2.70294,visitors_alone,Scenario_3A
21.6,24080,5.64202,0.92826,1.44633,-1.28065,-0.67216,-2.65826,visitors_alone,Scenario_3A
22.0,24080,5.1158,0.72312,1.41198,-1.31555,-0.51285,-2.76988,visitors_alone,Scenario_3A
22.4,24080,4.58709,0.56814,1.37739,-1.32177,-0.38747,-2.85644,visitors_alone,Scenario_3A
22.8,24080,4.06047,0.40337,1.3795,-1.31656,-0.41193,-2.83836,visitors_alone,Scenario_3A
23.2,24080,3.51916,0.30995,1.37327,-1.35326,-0.23355,-2.97069,visitors_alone,Scenario_3A
23.6,24080,2.9771,0.20175,1.38189,-1.35516,-0.27049,-2.94458,visitors_alone,Scenario_3A
24.0,24080,2.42661,0.08987,1.40436,-1.37623,-0.27971,-2.94108,visitors_alone,Scenario_3A
24.4,24080,1.87752,0.00396,1.38942,-1.37272,-0.21476,-2.9864,visitors_alone,Scenario_3A
24.8,24080,1.33009,-0.12334,1.40509,-1.36858,-0.31825,-2.91311,visitors_alone,Scenario_3A
25.2,24080,0.78943,-0.18677,1.36092,-1.35166,-0.15857,-3.02481,visitors_alone,Scenario_3A
25.6,24080,0.25184,-0.21921,1.34642,-1.34397,-0.0811,-3.08132,visitors_alone,Scenario_3A
26.0,24080,-0.29233,-0.25941,1.36414,-1.36043,-0.10052,-3.06784,visitors_alone,Scenario_3A
26.4,24080,-0.83367,-0.2364,1.35456,-1.35334,0.05753,3.09911,visitors_alone,Scenario_3A
210.8,24022,-7.04312,2.53888,0.0,0.0,0.0,0.0,visitors_alone,Scenario_3A
211.2,24022,-7.07689,2.61418,0.20629,-0.0844,0.18823,1.99232,visitors_alone,Scenario_3A
211.6,24022,-7.09464,2.6677,0.14099,-0.04439,0.13382,1.89107,visitors_alone,Scenario_3A
212.0,24022,-7.11778,2.67512,0.06075,-0.05785,0.01855,2.83125,visitors_alone,Scenario_3A
212.4,24022,-7.15462,2.68203,0.0937,-0.09209,0.01727,2.95622,visitors_alone,Scenario_3A
212.8,24022,-7.1631,2.66677,0.04366,-0.02121,-0.03816,-2.07815,visitors_alone,Scenario_3A
213.2,24022,-7.12912,2.6382,0.11098,0.08495,-0.07142,-0.69905,visitors_alone,Scenario_3A
213.6,24022,-7.02539,2.55982,0.32505,0.25934,-0.19597,-0.6471,visitors_alone,Scenario_3A
214.0,24022,-6.89763,2.3662,0.57992,0.31939,-0.48404,-0.98753,visitors_alone,Scenario_3A
214.4,24022,-6.70541,2.14166,0.73895,0.48055,-0.56136,-0.8628,visitors_alone,Scenario_3A
214.8,24022,-6.38393,1.98412,0.89503,0.80371,-0.39386,-0.45566,visitors_alone,Scenario_3A
215.2,24022,-5.98992,1.91926,0.99828,0.98502,-0.16213,-0.16313,visitors_alone,Scenario_3A
215.6,24022,-5.58205,1.83153,1.04298,1.01966,-0.21932,-0.21187,visitors_alone,Scenario_3A
216.0,24022,-5.18539,1.63871,1.1026,0.99165,-0.48205,-0.45247,visitors_alone,Scenario_3A
216.4,24022,-4.74344,1.48865,1.16684,1.10489,-0.37515,-0.32732,visitors_alone,Scenario_3A
216.8,24022,-4.28659,1.37094,1.17941,1.1421,-0.2943,-0.25219,visitors_alone,Scenario_3A
217.2,24022,-3.8738,1.21168,1.10612,1.03199,-0.39814,-0.3682,visitors_alone,Scenario_3A
217.6,24022,-3.44217,1.19193,1.08021,1.07909,-0.04936,-0.04572,visitors_alone,Scenario_3A
218.0,24022,-2.96662,1.26389,1.2024,1.18886,0.1799,0.15018,visitors_alone,Scenario_3A
218.4,24022,-2.49558,1.26967,1.17768,1.17759,0.01444,0.01226,visitors_alone,Scenario_3A
143.6,24199,0.16375,3.38601,0.0,0.0,0.0,0.0,visitors_alone,Scenario_3A
144.0,24199,0.14565,3.37828,0.04921,-0.04525,-0.01934,-2.7377,visitors_alone,Scenario_3A
144.4,24199,0.12626,3.37199,0.05096,-0.04847,-0.01573,-2.82786,visitors_alone,Scenario_3A
144.8,24199,0.11758,3.36132,0.03439,-0.0217,-0.02668,-2.2536,visitors_alone,Scenario_3A
145.2,24199,0.12681,3.35674,0.02575,0.02308,-0.01143,-0.45983,visitors_alone,Scenario_3A
145.6,24199,0.1607,3.36701,0.08851,0.08471,0.02566,0.29412,visitors_alone,Scenario_3A
146.0,24199,0.39029,3.37717,0.57455,0.57399,0.02541,0.04424,visitors_alone,Scenario_3A
146.4,24199,0.74718,3.28922,0.91892,0.89222,-0.21988,-0.24163,visitors_alone,Scenario_3A
146.8,24199,0.85905,3.09449,0.56145,0.27968,-0.48683,-1.04935,visitors_alone,Scenario_3A
147.2,24199,0.68561,2.879,0.69153,-0.4336,-0.53871,-2.24851,visitors_alone,Scenario_3A
147.6,24199,0.48094,2.66214,0.74549,-0.51169,-0.54215,-2.3273,visitors_alone,Scenario_3A
148.0,24199,0.25313,2.38235,0.902,-0.56951,-0.69947,-2.25414,visitors_alone,Scenario_3A
148.4,24199,-0.04892,2.09258,1.04642,-0.75512,-0.72442,-2.37694,visitors_alone,Scenario_3A
148.8,24199,-0.29738,1.79278,0.97344,-0.62117,-0.7495,-2.26284,visitors_alone,Scenario_3A
149.2,24199,-0.44988,1.41113,1.02748,-0.38124,-0.95413,-1.95093,visitors_alone,Scenario_3A
149.6,24199,-0.61017,1.04151,1.00721,-0.40072,-0.92406,-1.97997,visitors_alone,Scenario_3A
150.0,24199,-0.80796,0.69505,0.99735,-0.49448,-0.86614,-2.08954,visitors_alone,Scenario_3A
150.4,24199,-0.98649,0.36531,0.93743,-0.44632,-0.82436,-2.06703,visitors_alone,Scenario_3A
150.8,24199,-1.28202,0.17866,0.87386,-0.73884,-0.46663,-2.57828,visitors_alone,Scenario_3A
151.2,24199,-1.7083,0.07728,1.09541,-1.06569,-0.25344,-2.90811,visitors_alone,Scenario_3A
50.4,24297,-6.37593,0.02577,0.0,0.0,0.0,0.0,visitors_alone,Scenario_3A
50.8,24297,-6.59224,0.40773,1.0974,-0.54077,0.95491,2.08608,visitors_alone,Scenario_3A
51.2,24297,-6.82173,0.83562,1.21387,-0.57371,1.06973,2.06307,visitors_alone,Scenario_3A
51.6,24297,-6.92711,1.28516,1.15432,-0.26346,1.12385,1.80106,visitors_alone,Scenario_3A
52.0,24297,-6.85089,1.73633,1.14391,0.19055,1.12792,1.40344,visitors_alone,Scenario_3A
52.4,24297,-6.70379,2.0445,0.85369,0.36777,0.77041,1.12542,visitors_alone,Scenario_3A
52.8,24297,-6.64145,2.07232,0.17066,0.15584,0.06956,0.41982,visitors_alone,Scenario_3A
53.2,24297,-6.6829,1.97092,0.27387,-0.10362,-0.25351,-1.95881,visitors_alone,Scenario_3A
53.6,24297,-6.70196,1.90048,0.18242,-0.04766,-0.17609,-1.83512,visitors_alone,Scenario_3A
54.0,24297,-6.69613,1.8802,0.05275,0.01457,-0.0507,-1.29102,visitors_alone,Scenario_3A
54.4,24297,-6.69522,1.90106,0.0522,0.00228,0.05215,1.52717,visitors_alone,Scenario_3A
54.8,24297,-6.73061,1.9471,0.14517,-0.08848,0.11509,2.22623,visitors_alone,Scenario_3A
55.2,24297,-6.75448,2.01147,0.17164,-0.05966,0.16093,1.92582,visitors_alone,Scenario_3A
55.6,24297,-6.71218,2.09753,0.23975,0.10576,0.21516,1.11394,visitors_alone,Scenario_3A
56.0,24297,-6.70398,2.19949,0.25571,0.0205,0.25489,1.49054,visitors_alone,Scenario_3A
56.4,24297,-6.73368,2.24387,0.1335,-0.07426,0.11094,2.16064,visitors_alone,Scenario_3A
56.8,24297,-6.71278,2.19338,0.13659,0.05224,-0.12621,-1.17839,visitors_alone,Scenario_3A
57.2,24297,-6.65908,2.10394,0.26082,0.13427,-0.22361,-1.03004,visitors_alone,Scenario_3A
57.6,24297,-6.53101,1.91785,0.56476,0.32018,-0.46524,-0.96803,visitors_alone,Scenario_3A
58.0,24297,-6.27346,1.62487,0.9752,0.64386,-0.73244,-0.84967,visitors_alone,Scenario_3A
185.6,24073,3.61351,2.22367,0.0,0.0,0.0,0.0,visitors_alone,Scenario_3A
186.0,24073,4.16342,2.13747,1.39156,1.37477,-0.21552,-0.1555,visitors_alone,Scenario_3A
186.4,24073,4.67871,1.97824,1.34833,1.28822,-0.39808,-0.2997,visitors_alone,Scenario_3A
186.8,24073,5.17736,1.74934,1.37169,1.24663,-0.57225,-0.43034,visitors_alone,Scenario_3A
187.2,24073,5.66952,1.55544,1.32246,1.23041,-0.48475,-0.3753,visitors_alone,Scenario_3A
187.6,24073,6.11699,1.31967,1.26445,1.11866,-0.58943,-0.48494,visitors_alone,Scenario_3A
188.0,24073,6.54619,1.01676,1.31332,1.07301,-0.75728,-0.61457,visitors_alone,Scenario_3A
188.4,24073,7.00011,0.72496,1.34903,1.13479,-0.72949,-0.57133,visitors_alone,Scenario_3A
188.8,24073,7.41764,0.40526,1.31467,1.04382,-0.79924,-0.65346,visitors_alone,Scenario_3A
189.2,24073,7.87228,0.10308,1.36476,1.1366,-0.75546,-0.58662,visitors_alone,Scenario_3A
189.6,24073,8.37157,-0.05849,1.31197,1.24824,-0.40392,-0.31296,visitors_alone,Scenario_3A
190.0,24073,8.80214,-0.15978,1.1058,1.07642,-0.25322,-0.23104,visitors_alone,Scenario_3A
190.4,24073,9.17929,-0.25936,0.97519,0.94288,-0.24896,-0.25815,visitors_alone,Scenario_3A
190.8,24073,9.39801,-0.29255,0.55306,0.5468,-0.08298,-0.15061,visitors_alone,Scenario_3A
191.2,24073,9.44592,-0.27007,0.13231,0.11978,0.0562,0.4387,visitors_alone,Scenario_3A
191.6,24073,9.43394,-0.20805,0.15793,-0.02996,0.15506,1.76168,visitors_alone,Scenario_3A
192.0,24073,9.3601,-0.14348,0.24523,-0.1846,0.16143,2.42306,visitors_alone,Scenario_3A
192.4,24073,9.14443,-0.14867,0.53932,-0.53916,-0.01298,-3.11752,visitors_alone,Scenario_3A
192.8,24073,8.84223,-0.19971,0.7662,-0.75549,-0.12761,-2.97426,visitors_alone,Scenario_3A
193.2,24073,8.56522,-0.18287,0.69381,-0.69254,0.04211,3.08086,visitors_alone,Scenario_3A
100.8,24166,-6.38506,2.25937,0.0,0.0,0.0,0.0,visitors_alone,Scenario_3A
101.2,24166,-6.18545,2.16672,0.55014,0.499,-0.23163,-0.43458,visitors_alone,Scenario_3A
101.6,24166,-5.91522,2.15543,0.67617,0.67558,-0.02823,-0.04175,visitors_alone,Scenario_3A
102.0,24166,-5.62399,2.21397,0.74264,0.72807,0.14636,0.19838,visitors_alone,Scenario_3A
102.4,24166,-5.28511,2.24283,0.85027,0.8472,0.07215,0.08496,visitors_alone,Scenario_3A
102.8,24166,-4.88271,2.22808,1.00667,1.00599,-0.03688,-0.03665,visitors_alone,Scenario_3A
103.2,24166,-4.45584,2.20171,1.06922,1.06718,-0.06591,-0.06168,visitors_alone,Scenario_3A
103.6,24166,-4.03233,2.15339,1.06564,1.05877,-0.12081,-0.11361,visitors_alone,Scenario_3A
104.0,24166,-3.60026,2.06508,1.10251,1.08017,-0.22078,-0.20162,visitors_alone,Scenario_3A
104.4,24166,-3.16267,1.93039,1.14462,1.09397,-0.33671,-0.29859,visitors_alone,Scenario_3A
104.8,24166,-2.72008,1.78416,1.16531,1.10648,-0.36558,-0.31911,visitors_alone,Scenario_3A
105.2,24166,-2.25698,1.70129,1.17614,1.15775,-0.20718,-0.17708,visitors_alone,Scenario_3A
105.6,24166,-1.79204,1.63361,1.1746,1.16235,-0.1692,-0.14455,visitors_alone,Scenario_3A
106.0,24166,-1.35199,1.46671,1.1766,1.10013,-0.41725,-0.36251,visitors_alone,Scenario_3A
106.4,24166,-0.94124,1.17002,1.26673,1.02687,-0.74171,-0.62554,visitors_alone,Scenario_3A
106.8,24166,-0.62902,0.72819,1.35255,0.78056,-1.10459,-0.95562,visitors_alone,Scenario_3A
107.2,24166,-0.33753,0.25697,1.38522,0.72871,-1.17805,-1.01683,visitors_alone,Scenario_3A
107.6,24166,0.05123,-0.12164,1.35665,0.9719,-0.94653,-0.77217,visitors_alone,Scenario_3A
108.0,24166,0.51825,-0.41436,1.37795,1.16757,-0.7318,-0.55987,visitors_alone,Scenario_3A
108.4,24166,1.05118,-0.58776,1.40108,1.33233,-0.43351,-0.31457,visitors_alone,Scenario_3A
92.4,24165,-2.0623,-3.00253,0.0,0.0,0.0,0.0,visitors_alone,Scenario_3A
92.8,24165,-2.4951,-2.74832,1.25485,-1.08201,0.63552,2.61052,visitors_alone,Scenario_3A
93.2,24165,-2.95496,-2.42855,1.40028,-1.14964,0.79944,2.53397,visitors_alone,Scenario_3A
93.6,24165,-3.40249,-2.07183,1.43075,-1.11882,0.89179,2.46864,visitors_alone,Scenario_3A
94.0,24165,-3.81171,-1.64352,1.48094,-1.02306,1.07077,2.33341,visitors_alone,Scenario_3A
94.4,24165,-4.19579,-1.16957,1.5251,-0.96021,1.18487,2.25184,visitors_alone,Scenario_3A
94.8,24165,-4.48433,-0.66086,1.46211,-0.72134,1.27178,2.08674,visitors_alone,Scenario_3A
95.2,24165,-4.72738,-0.13368,1.45129,-0.60763,1.31797,2.00279,visitors_alone,Scenario_3A
95.6,24165,-4.97724,0.37462,1.41596,-0.62465,1.27073,2.02768,visitors_alone,Scenario_3A
96.0,24165,-5.22096,0.86141,1.36099,-0.60929,1.21699,2.03497,visitors_alone,Scenario_3A
96.4,24165,-5.50242,1.30656,1.31668,-0.70366,1.11287,2.13462,visitors_alone,Scenario_3A
96.8,24165,-5.79564,1.73033,1.2883,-0.73304,1.05941,2.17609,visitors_alone,Scenario_3A
97.2,24165,-6.10205,2.11389,1.22732,-0.76602,0.95891,2.24483,visitors_alone,Scenario_3A
97.6,24165,-6.37618,2.28835,0.81233,-0.68532,0.43615,2.57483,visitors_alone,Scenario_3A
98.0,24165,-6.50877,2.30635,0.33454,-0.3315,0.045,3.00667,visitors_alone,Scenario_3A
98.4,24165,-6.53742,2.34582,0.12191,-0.07161,0.09866,2.19861,visitors_alone,Scenario_3A
98.8,24165,-6.55745,2.4146,0.17912,-0.05007,0.17197,1.85413,visitors_alone,Scenario_3A
99.2,24165,-6.56739,2.46424,0.12656,-0.02486,0.1241,1.76846,visitors_alone,Scenario_3A
99.6,24165,-6.55541,2.41294,0.1317,0.02994,-0.12825,-1.34147,visitors_alone,Scenario_3A
100.0,24165,-6.5293,2.34135,0.19051,0.06528,-0.17898,-1.22105,visitors_alone,Scenario_3A
16.8,24130,-4.79399,2.10782,0.0,0.0,0.0,0.0,visitors_alone,Scenario_3A
17.2,24130,-4.42,2.10695,0.93499,0.93498,-0.00217,-0.00232,visitors_alone,Scenario_3A
17.6,24130,-3.98273,2.208,1.12197,1.09316,0.25262,0.2271,visitors_alone,Scenario_3A
18.0,24130,-3.56165,2.28775,1.07142,1.05271,0.19938,0.18718,visitors_alone,Scenario_3A
18.4,24130,-3.15799,2.27781,1.00945,1.00914,-0.02485,-0.02462,visitors_alone,Scenario_3A
18.8,24130,-2.68548,2.38769,1.2128,1.18127,0.27472,0.2285,visitors_alone,Scenario_3A
19.2,24130,-2.23516,2.46258,1.14128,1.12582,0.18722,0.16479,visitors_alone,Scenario_3A
19.6,24130,-1.81748,2.45072,1.04462,1.0442,-0.02966,-0.02839,visitors_alone,Scenario_3A
20.0,24130,-1.36503,2.54453,1.15517,1.13111,0.23453,0.20444,visitors_alone,Scenario_3A
20.4,24130,-0.90627,2.60212,1.15591,1.14691,0.14397,0.12488,visitors_alone,Scenario_3A
20.8,24130,-0.46448,2.6123,1.10477,1.10447,0.02545,0.02304,visitors_alone,Scenario_3A
21.2,24130,-0.01852,2.6869,1.13037,1.11489,0.18649,0.16574,visitors_alone,Scenario_3A
21.6,24130,0.41163,2.65698,1.07797,1.07537,-0.07478,-0.06943,visitors_alone,Scenario_3A
22.0,24130,0.82597,2.54748,1.07141,1.03584,-0.27376,-0.25838,visitors_alone,Scenario_3A
22.4,24130,1.28046,2.48631,1.14649,1.13624,-0.15292,-0.13378,visitors_alone,Scenario_3A
22.8,24130,1.72697,2.37581,1.14995,1.11627,-0.27626,-0.24261,visitors_alone,Scenario_3A
23.2,24130,2.14193,2.28762,1.06057,1.0374,-0.22045,-0.20939,visitors_alone,Scenario_3A
23.6,24130,2.5787,2.28789,1.09193,1.09193,0.00066,0.0006,visitors_alone,Scenario_3A
24.0,24130,3.04294,2.21355,1.17539,1.1606,-0.18585,-0.15879,visitors_alone,Scenario_3A
24.4,24130,3.47867,2.19412,1.0904,1.08932,-0.04856,-0.04455,visitors_alone,Scenario_3A
171.2,24096,8.26375,0.03409,0.0,0.0,0.0,0.0,visitors_alone,Scenario_3A
171.6,24096,7.91038,-0.05802,0.91295,-0.88343,-0.23028,-2.8866,visitors_alone,Scenario_3A
172.0,24096,7.48839,-0.22532,1.13486,-1.05498,-0.41825,-2.76415,visitors_alone,Scenario_3A
172.4,24096,7.00634,-0.3515,1.24573,-1.20513,-0.31544,-2.88559,visitors_alone,Scenario_3A
172.8,24096,6.51699,-0.50257,1.28035,-1.22338,-0.37767,-2.84216,visitors_alone,Scenario_3A
173.2,24096,6.04281,-0.58831,1.20467,-1.18545,-0.21436,-2.9627,visitors_alone,Scenario_3A
173.6,24096,5.5608,-0.55196,1.20845,-1.20503,0.09089,3.06631,visitors_alone,Scenario_3A
174.0,24096,5.05364,-0.48189,1.27994,-1.2679,0.17517,3.0043,visitors_alone,Scenario_3A
174.4,24096,4.5548,-0.31907,1.31183,-1.24708,0.40703,2.8261,visitors_alone,Scenario_3A
174.8,24096,4.08494,-0.0904,1.30639,-1.17466,0.57168,2.68866,visitors_alone,Scenario_3A
175.2,24096,3.61309,0.10571,1.27745,-1.17962,0.49029,2.74768,visitors_alone,Scenario_3A
175.6,24096,3.19141,0.35727,1.22754,-1.05421,0.62888,2.60372,visitors_alone,Scenario_3A
176.0,24096,2.79801,0.6398,1.21084,-0.98348,0.70633,2.51876,visitors_alone,Scenario_3A
176.4,24096,2.40124,0.93112,1.23059,-0.99193,0.72831,2.50826,visitors_alone,Scenario_3A
176.8,24096,2.0253,1.25964,1.24815,-0.93985,0.82131,2.4234,visitors_alone,Scenario_3A
177.2,24096,1.61116,1.49323,1.18869,-1.03535,0.58397,2.62804,visitors_alone,Scenario_3A
177.6,24096,1.15915,1.60528,1.16424,-1.13004,0.28012,2.8986,visitors_alone,Scenario_3A
178.0,24096,0.73258,1.69957,1.09217,-1.06642,0.23572,2.92405,visitors_alone,Scenario_3A
178.4,24096,0.3817,1.82854,0.93458,-0.8772,0.32243,2.78936,visitors_alone,Scenario_3A
178.8,24096,0.10084,2.03874,0.87701,-0.70215,0.52549,2.49912,visitors_alone,Scenario_3A
94.8,24247,2.21325,-1.37461,0.0,0.0,0.0,0.0,visitors_alone,Scenario_3A
95.2,24247,1.74093,-1.50692,1.22625,-1.18079,-0.33078,-2.86846,visitors_alone,Scenario_3A
95.6,24247,1.27604,-1.62129,1.19688,-1.16223,-0.28591,-2.90038,visitors_alone,Scenario_3A
96.0,24247,0.83146,-1.75479,1.16049,-1.11146,-0.33374,-2.84988,visitors_alone,Scenario_3A
96.4,24247,0.41205,-1.84941,1.07488,-1.04853,-0.23655,-2.9197,visitors_alone,Scenario_3A
96.8,24247,0.0103,-1.92533,1.02215,-1.00438,-0.18981,-2.95481,visitors_alone,Scenario_3A
97.2,24247,-0.3999,-2.03499,1.0615,-1.02549,-0.27416,-2.88036,visitors_alone,Scenario_3A
97.6,24247,-0.81122,-2.10274,1.04216,-1.02831,-0.16935,-2.97837,visitors_alone,Scenario_3A
98.0,24247,-1.20278,-2.14517,0.98461,-0.97888,-0.10608,-3.03365,visitors_alone,Scenario_3A
98.4,24247,-1.59682,-2.19083,0.9917,-0.9851,-0.11416,-3.02622,visitors_alone,Scenario_3A
98.8,24247,-1.97101,-2.14049,0.94392,-0.93549,0.12585,3.00786,visitors_alone,Scenario_3A
99.2,24247,-2.34381,-2.01399,0.98419,-0.932,0.31625,2.81446,visitors_alone,Scenario_3A
99.6,24247,-2.75862,-1.8709,1.09699,-1.03703,0.35772,2.80942,visitors_alone,Scenario_3A
100.0,24247,-3.17827,-1.66095,1.17308,-1.0491,0.52489,2.67769,visitors_alone,Scenario_3A
100.4,24247,-3.59561,-1.45118,1.16774,-1.04336,0.52442,2.67585,visitors_alone,Scenario_3A
100.8,24247,-4.02875,-1.26997,1.17379,-1.08285,0.45301,2.74537,visitors_alone,Scenario_3A
101.2,24247,-4.46652,-1.08017,1.19285,-1.09441,0.4745,2.73249,visitors_alone,Scenario_3A
101.6,24247,-4.91143,-0.9684,1.14684,-1.11228,0.27942,2.89547,visitors_alone,Scenario_3A
102.0,24247,-5.39452,-0.93342,1.21089,-1.20773,0.08745,3.06931,visitors_alone,Scenario_3A
102.4,24247,-5.87097,-0.98798,1.1989,-1.19112,-0.13639,-3.02759,visitors_alone,Scenario_3A
129.2,24091,8.90067,-0.18737,0.0,0.0,0.0,0.0,visitors_alone,Scenario_3A
129.6,24091,8.87344,-0.17116,0.07922,-0.06808,0.04051,2.60485,visitors_alone,Scenario_3A
130.0,24091,8.89869,-0.18592,0.07311,0.06313,-0.03689,-0.52886,visitors_alone,Scenario_3A
130.4,24091,9.0346,-0.19233,0.34016,0.33978,-0.01602,-0.04711,visitors_alone,Scenario_3A
130.8,24091,9.02213,-0.13816,0.13897,-0.03118,0.13543,1.79706,visitors_alone,Scenario_3A
131.2,24091,8.68692,-0.09995,0.84345,-0.83803,0.09551,3.02812,visitors_alone,Scenario_3A
131.6,24091,8.22438,-0.09549,1.1564,-1.15634,0.01117,3.13194,visitors_alone,Scenario_3A
132.0,24091,7.75158,-0.10218,1.18213,-1.18201,-0.01672,-3.12744,visitors_alone,Scenario_3A
132.4,24091,7.24525,-0.13639,1.2687,-1.26582,-0.08554,-3.07412,visitors_alone,Scenario_3A
132.8,24091,6.70559,-0.12878,1.34929,-1.34916,0.01904,3.12748,visitors_alone,Scenario_3A
133.2,24091,6.15588,-0.14171,1.37464,-1.37426,-0.03233,-3.11807,visitors_alone,Scenario_3A
133.6,24091,5.58991,-0.1574,1.41546,-1.41492,-0.03921,-3.11389,visitors_alone,Scenario_3A
134.0,24091,5.0532,-0.07193,1.35869,-1.34179,0.21367,2.98367,visitors_alone,Scenario_3A
134.4,24091,4.47,-0.00122,1.46868,-1.458,0.17676,3.02095,visitors_alone,Scenario_3A
134.8,24091,3.88841,0.08878,1.47128,-1.45397,0.22501,2.98805,visitors_alone,Scenario_3A
135.2,24091,3.47151,0.25968,1.12641,-1.04224,0.42725,2.75255,visitors_alone,Scenario_3A
135.6,24091,3.05228,0.4757,1.17904,-1.04808,0.54006,2.6658,visitors_alone,Scenario_3A
136.0,24091,2.63984,0.79295,1.30086,-1.03111,0.79312,2.48592,visitors_alone,Scenario_3A
136.4,24091,2.28958,1.15421,1.25794,-0.87564,0.90315,2.34073,visitors_alone,Scenario_3A
136.8,24091,1.90348,1.48669,1.2738,-0.96525,0.83118,2.43069,visitors_alone,Scenario_3A
193.6,24258,-1.51903,-3.47431,0.0,0.0,0.0,0.0,visitors_alone,Scenario_3A
194.0,24258,-1.35608,-3.45402,0.41051,0.40736,0.05074,0.12393,visitors_alone,Scenario_3A
194.4,24258,-1.19037,-3.44796,0.41456,0.41429,0.01513,0.03651,visitors_alone,Scenario_3A
194.8,24258,-1.11107,-3.43285,0.2018,0.19824,0.03778,0.18832,visitors_alone,Scenario_3A
195.2,24258,-1.10259,-3.43427,0.02151,0.02122,-0.00354,-0.16542,visitors_alone,Scenario_3A
195.6,24258,-1.10892,-3.43739,0.01766,-0.01585,-0.00781,-2.68386,visitors_alone,Scenario_3A
196.0,24258,-1.1027,-3.44258,0.02025,0.01556,-0.01296,-0.69435,visitors_alone,Scenario_3A
196.4,24258,-1.15523,-3.47643,0.15623,-0.13132,-0.08463,-2.56914,visitors_alone,Scenario_3A
196.8,24258,-1.32957,-3.50029,0.4399,-0.43584,-0.05965,-3.00557,visitors_alone,Scenario_3A
197.2,24258,-1.43937,-3.54134,0.29308,-0.27452,-0.10262,-2.78386,visitors_alone,Scenario_3A
197.6,24258,-1.41997,-3.58021,0.10861,0.04851,-0.09717,-1.10779,visitors_alone,Scenario_3A
198.0,24258,-1.34984,-3.512,0.24457,0.17533,0.1705,0.77144,visitors_alone,Scenario_3A
198.4,24258,-1.19882,-3.31626,0.61808,0.37755,0.48936,0.91367,visitors_alone,Scenario_3A
198.8,24258,-1.0563,-2.99745,0.87304,0.3563,0.79702,1.15041,visitors_alone,Scenario_3A
199.2,24258,-1.02867,-2.58386,1.03628,0.06907,1.03397,1.50409,visitors_alone,Scenario_3A
199.6,24258,-1.0599,-2.10387,1.20251,-0.07807,1.19997,1.63576,visitors_alone,Scenario_3A
200.0,24258,-1.16688,-1.59725,1.29449,-0.26747,1.26655,1.77892,visitors_alone,Scenario_3A
200.4,24258,-1.38821,-1.1252,1.3034,-0.55332,1.18011,2.00923,visitors_alone,Scenario_3A
200.8,24258,-1.66353,-0.68997,1.28752,-0.6883,1.08809,2.13482,visitors_alone,Scenario_3A
201.2,24258,-2.0224,-0.30238,1.32055,-0.89718,0.96898,2.31774,visitors_alone,Scenario_3A
151.2,24228,1.30582,1.77319,0.0,0.0,0.0,0.0,visitors_alone,Scenario_3A
151.6,24228,0.76284,1.76809,1.35751,-1.35745,-0.01274,-3.13221,visitors_alone,Scenario_3A
152.0,24228,0.20831,1.76895,1.38632,-1.38632,0.00213,3.14005,visitors_alone,Scenario_3A
152.4,24228,-0.3472,1.77446,1.38884,-1.38877,0.0138,3.13166,visitors_alone,Scenario_3A
152.8,24228,-0.89197,1.71428,1.3702,-1.36192,-0.15046,-3.03156,visitors_alone,Scenario_3A
153.2,24228,-1.45569,1.65225,1.41781,-1.40931,-0.15508,-3.032,visitors_alone,Scenario_3A
153.6,24228,-2.03182,1.61932,1.44268,-1.44033,-0.08231,-3.0845,visitors_alone,Scenario_3A
154.0,24228,-2.57542,1.52814,1.37799,-1.359,-0.22797,-2.97539,visitors_alone,Scenario_3A
154.4,24228,-3.10232,1.38992,1.3618,-1.31724,-0.34554,-2.88505,visitors_alone,Scenario_3A
154.8,24228,-3.6143,1.21448,1.35301,-1.27995,-0.43859,-2.81147,visitors_alone,Scenario_3A
155.2,24228,-4.1194,1.00267,1.3693,-1.26277,-0.52953,-2.74452,visitors_alone,Scenario_3A
155.6,24228,-4.64179,0.82521,1.37926,-1.30597,-0.44364,-2.81412,visitors_alone,Scenario_3A
156.0,24228,-5.16454,0.66214,1.36899,-1.30688,-0.40767,-2.83921,visitors_alone,Scenario_3A
156.4,24228,-5.69696,0.50193,1.39001,-1.33105,-0.40054,-2.84929,visitors_alone,Scenario_3A
156.8,24228,-6.24981,0.41803,1.39794,-1.38211,-0.20976,-2.99098,visitors_alone,Scenario_3A
157.2,24228,-6.78087,0.37358,1.33229,-1.32765,-0.11112,-3.05809,visitors_alone,Scenario_3A
157.6,24228,-7.28813,0.36844,1.26822,-1.26815,-0.01287,-3.13145,visitors_alone,Scenario_3A
158.0,24228,-7.75731,0.40415,1.17633,-1.17294,0.08929,3.06562,visitors_alone,Scenario_3A
158.4,24228,-8.1426,0.37507,0.96598,-0.96324,-0.07269,-3.06627,visitors_alone,Scenario_3A
158.8,24228,-8.46111,0.2726,0.83646,-0.79626,-0.25618,-2.83033,visitors_alone,Scenario_3A
143.6,24068,-0.77999,-3.91233,0.0,0.0,0.0,0.0,visitors_alone,Scenario_3A
144.0,24068,-0.76798,-3.90163,0.04023,0.03003,0.02677,0.72804,visitors_alone,Scenario_3A
144.4,24068,-0.74306,-3.86961,0.10142,0.0623,0.08003,0.90936,visitors_alone,Scenario_3A
144.8,24068,-0.72019,-3.81289,0.15291,0.05718,0.14182,1.18752,visitors_alone,Scenario_3A
145.2,24068,-0.70914,-3.75429,0.14908,0.02764,0.1465,1.38433,visitors_alone,Scenario_3A
145.6,24068,-0.71644,-3.69307,0.15413,-0.01825,0.15304,1.68951,visitors_alone,Scenario_3A
146.0,24068,-0.84464,-3.57156,0.4416,-0.3205,0.30379,2.38295,visitors_alone,Scenario_3A
146.4,24068,-1.11417,-3.43259,0.75812,-0.67383,0.34741,2.66557,visitors_alone,Scenario_3A
146.8,24068,-1.36452,-3.29587,0.71313,-0.62589,0.34179,2.64175,visitors_alone,Scenario_3A
147.2,24068,-1.5392,-3.0418,0.77082,-0.43669,0.63519,2.17308,visitors_alone,Scenario_3A
147.6,24068,-1.78432,-2.73609,0.97961,-0.61281,0.76427,2.24665,visitors_alone,Scenario_3A
148.0,24068,-2.15822,-2.49592,1.11098,-0.93475,0.60044,2.57061,visitors_alone,Scenario_3A
148.4,24068,-2.54448,-2.23971,1.15876,-0.96564,0.64051,2.55592,visitors_alone,Scenario_3A
148.8,24068,-2.90522,-1.93081,1.18732,-0.90185,0.77226,2.43345,visitors_alone,Scenario_3A
149.2,24068,-3.32908,-1.6451,1.2779,-1.05965,0.71428,2.54848,visitors_alone,Scenario_3A
149.6,24068,-3.7745,-1.371,1.30751,-1.11356,0.68525,2.58995,visitors_alone,Scenario_3A
150.0,24068,-4.19559,-1.04842,1.32611,-1.05271,0.80645,2.48788,visitors_alone,Scenario_3A
150.4,24068,-4.64368,-0.71844,1.3912,-1.12023,0.82494,2.50685,visitors_alone,Scenario_3A
150.8,24068,-5.05263,-0.35399,1.36945,-1.02238,0.91112,2.41367,visitors_alone,Scenario_3A
151.2,24068,-5.397,0.07085,1.36719,-0.86092,1.06209,2.25196,visitors_alone,Scenario_3A
25.2,24131,4.36008,2.31587,0.0,0.0,0.0,0.0,visitors_alone,Scenario_3A
25.6,24131,4.78031,2.39571,1.06937,1.05058,0.1996,0.18776,visitors_alone,Scenario_3A
26.0,24131,5.194,2.47682,1.05391,1.03422,0.20278,0.19362,visitors_alone,Scenario_3A
26.4,24131,5.58392,2.36471,1.01432,0.97482,-0.2803,-0.27998,visitors_alone,Scenario_3A
26.8,24131,5.95496,2.23107,0.98592,0.92759,-0.33408,-0.34569,visitors_alone,Scenario_3A
27.2,24131,6.33402,2.0985,1.00392,0.94764,-0.33144,-0.33645,visitors_alone,Scenario_3A
27.6,24131,6.66952,1.8599,1.02924,0.83876,-0.5965,-0.61818,visitors_alone,Scenario_3A
28.0,24131,6.96845,1.60373,0.9842,0.74733,-0.64043,-0.70851,visitors_alone,Scenario_3A
28.4,24131,7.27534,1.33468,1.02032,0.76721,-0.67263,-0.7198,visitors_alone,Scenario_3A
28.8,24131,7.53346,0.99972,1.05718,0.64531,-0.83739,-0.91423,visitors_alone,Scenario_3A
29.2,24131,7.79651,0.70238,0.9925,0.65762,-0.74336,-0.84652,visitors_alone,Scenario_3A
29.6,24131,8.11079,0.44037,1.02294,0.78571,-0.65502,-0.69494,visitors_alone,Scenario_3A
30.0,24131,8.41267,0.16357,1.02392,0.75469,-0.69199,-0.74208,visitors_alone,Scenario_3A
30.4,24131,8.73558,-0.06806,0.99349,0.80728,-0.57908,-0.62226,visitors_alone,Scenario_3A
30.8,24131,9.04619,-0.2254,0.87048,0.77654,-0.39334,-0.46886,visitors_alone,Scenario_3A
31.2,24131,9.21031,-0.29712,0.44776,0.41029,-0.17931,-0.41202,visitors_alone,Scenario_3A
31.6,24131,9.27449,-0.27962,0.1663,0.16044,0.04376,0.26626,visitors_alone,Scenario_3A
32.0,24131,9.30784,-0.25363,0.10571,0.08338,0.06498,0.66198,visitors_alone,Scenario_3A
32.4,24131,9.3084,-0.2593,0.01426,0.00139,-0.01419,-1.47306,visitors_alone,Scenario_3A
32.8,24131,9.29332,-0.27069,0.04723,-0.03769,-0.02847,-2.49462,visitors_alone,Scenario_3A
2.4,24237,-7.71081,-2.72643,0.0,0.0,0.0,0.0,visitors_alone,Scenario_3A
2.8,24237,-7.65148,-2.72514,0.14837,0.14834,0.00323,0.02174,visitors_alone,Scenario_3A
3.2,24237,-7.56889,-2.72094,0.20674,0.20647,0.0105,0.05083,visitors_alone,Scenario_3A
3.6,24237,-7.5508,-2.69629,0.07643,0.04521,0.06162,0.9378,visitors_alone,Scenario_3A
4.0,24237,-7.54617,-2.66555,0.07773,0.01159,0.07686,1.42108,visitors_alone,Scenario_3A
4.4,24237,-7.58854,-2.57533,0.24918,-0.10593,0.22554,2.00989,visitors_alone,Scenario_3A
4.8,24237,-7.67648,-2.35926,0.5832,-0.21986,0.54017,1.95734,visitors_alone,Scenario_3A
5.2,24237,-7.6524,-2.0744,0.7147,0.06022,0.71216,1.48644,visitors_alone,Scenario_3A
5.6,24237,-7.52169,-1.73886,0.90025,0.32678,0.83885,1.19933,visitors_alone,Scenario_3A
6.0,24237,-7.3679,-1.34439,1.05847,0.38447,0.98617,1.19906,visitors_alone,Scenario_3A
6.4,24237,-7.14333,-0.9588,1.11553,0.56141,0.96396,1.04342,visitors_alone,Scenario_3A
6.8,24237,-6.8498,-0.58686,1.18455,0.73385,0.92986,0.90267,visitors_alone,Scenario_3A
7.2,24237,-6.52378,-0.22091,1.22526,0.81504,0.91486,0.84304,visitors_alone,Scenario_3A
7.6,24237,-6.15656,0.10337,1.22475,0.91803,0.8107,0.72339,visitors_alone,Scenario_3A
8.0,24237,-5.79145,0.41222,1.19555,0.91278,0.77212,0.70211,visitors_alone,Scenario_3A
8.4,24237,-5.4171,0.70609,1.18979,0.93587,0.73467,0.66554,visitors_alone,Scenario_3A
8.8,24237,-5.02189,0.98302,1.20646,0.98803,0.69234,0.61121,visitors_alone,Scenario_3A
9.2,24237,-4.63699,1.28218,1.21872,0.96226,0.74789,0.6607,visitors_alone,Scenario_3A
9.6,24237,-4.25931,1.59015,1.21831,0.94419,0.76993,0.68409,visitors_alone,Scenario_3A
10.0,24237,-3.89965,1.89609,1.18046,0.89916,0.76485,0.70486,visitors_alone,Scenario_3A
33.6,24158,9.07511,2.64349,0.0,0.0,0.0,0.0,visitors_alone,Scenario_3A
34.0,24158,9.06114,2.71312,0.17754,-0.03492,0.17407,1.7688,visitors_alone,Scenario_3A
34.4,24158,8.98981,2.67424,0.20309,-0.17833,-0.09719,-2.64261,visitors_alone,Scenario_3A
34.8,24158,8.75295,2.58324,0.63436,-0.59216,-0.22749,-2.7748,visitors_alone,Scenario_3A
35.2,24158,8.3952,2.4159,0.98737,-0.89436,-0.41835,-2.70406,visitors_alone,Scenario_3A
35.6,24158,7.9932,2.23259,1.10456,-1.005,-0.45828,-2.71376,visitors_alone,Scenario_3A
36.0,24158,7.53276,2.13926,1.17452,-1.15111,-0.23333,-2.94161,visitors_alone,Scenario_3A
36.4,24158,7.01807,2.08553,1.2937,-1.28671,-0.13432,-3.03758,visitors_alone,Scenario_3A
36.8,24158,6.46383,2.06227,1.38683,-1.38561,-0.05816,-3.09964,visitors_alone,Scenario_3A
37.2,24158,5.87276,2.07521,1.47803,-1.47767,0.03236,3.1197,visitors_alone,Scenario_3A
37.6,24158,5.27484,2.09309,1.49547,-1.4948,0.0447,3.1117,visitors_alone,Scenario_3A
38.0,24158,4.69762,2.1453,1.44892,-1.44303,0.13051,3.0514,visitors_alone,Scenario_3A
38.4,24158,4.11646,2.14146,1.45295,-1.45291,-0.00959,-3.13499,visitors_alone,Scenario_3A
38.8,24158,3.5207,2.0888,1.49521,-1.4894,-0.13166,-3.05343,visitors_alone,Scenario_3A
39.2,24158,2.93345,2.00856,1.48175,-1.46811,-0.20059,-3.0058,visitors_alone,Scenario_3A
39.6,24158,2.36651,1.86176,1.46411,-1.41736,-0.36702,-2.88821,visitors_alone,Scenario_3A
40.0,24158,1.80623,1.71187,1.44996,-1.40071,-0.37471,-2.8802,visitors_alone,Scenario_3A
40.4,24158,1.24107,1.55349,1.46732,-1.41289,-0.39596,-2.86835,visitors_alone,Scenario_3A
40.8,24158,0.6765,1.44041,1.43947,-1.41144,-0.28271,-2.94391,visitors_alone,Scenario_3A
41.2,24158,0.12186,1.40881,1.38885,-1.3866,-0.07898,-3.08469,visitors_alone,Scenario_3A
81.2,24137,7.68273,2.30971,0.0,0.0,0.0,0.0,visitors_alone,Scenario_3A
81.6,24137,7.55624,2.28496,0.32221,-0.31622,-0.06187,-2.94837,visitors_alone,Scenario_3A
82.0,24137,7.22289,2.17608,0.87671,-0.83338,-0.27221,-2.82588,visitors_alone,Scenario_3A
82.4,24137,6.82077,1.95345,1.14909,-1.00531,-0.55656,-2.63597,visitors_alone,Scenario_3A
82.8,24137,6.42118,1.73222,1.14184,-0.99896,-0.55308,-2.63595,visitors_alone,Scenario_3A
83.2,24137,6.00684,1.5577,1.12399,-1.03585,-0.43631,-2.74294,visitors_alone,Scenario_3A
83.6,24137,5.61201,1.30499,1.17195,-0.98709,-0.63176,-2.57226,visitors_alone,Scenario_3A
84.0,24137,5.22799,1.03749,1.17002,-0.96005,-0.66877,-2.53316,visitors_alone,Scenario_3A
84.4,24137,4.84236,0.7915,1.14349,-0.96406,-0.61496,-2.57378,visitors_alone,Scenario_3A
84.8,24137,4.50559,0.47812,1.15007,-0.84194,-0.78345,-2.39216,visitors_alone,Scenario_3A
85.2,24137,4.17228,0.19168,1.0987,-0.83327,-0.71611,-2.43167,visitors_alone,Scenario_3A
85.6,24137,3.82394,-0.08173,1.10706,-0.87085,-0.68352,-2.47613,visitors_alone,Scenario_3A
86.0,24137,3.49122,-0.38521,1.12584,-0.8318,-0.7587,-2.40212,visitors_alone,Scenario_3A
86.4,24137,3.11479,-0.60409,1.0886,-0.94107,-0.54721,-2.61491,visitors_alone,Scenario_3A
86.8,24137,2.71352,-0.82331,1.1431,-1.00317,-0.54803,-2.64159,visitors_alone,Scenario_3A
87.2,24137,2.34488,-1.03831,1.06691,-0.92162,-0.53751,-2.6136,visitors_alone,Scenario_3A
87.6,24137,1.9568,-1.1474,1.00779,-0.97019,-0.27274,-2.86755,visitors_alone,Scenario_3A
88.0,24137,1.57109,-1.36439,1.10639,-0.96428,-0.54246,-2.62916,visitors_alone,Scenario_3A
88.4,24137,1.21256,-1.6893,1.20964,-0.89633,-0.81229,-2.40534,visitors_alone,Scenario_3A
88.8,24137,0.84166,-1.94611,1.12782,-0.92725,-0.64202,-2.53599,visitors_alone,Scenario_3A
134.4,24307,6.49423,2.47901,0.0,0.0,0.0,0.0,visitors_alone,Scenario_3A
134.8,24307,6.95507,2.54889,1.16526,1.15209,0.17469,0.15049,visitors_alone,Scenario_3A
135.2,24307,7.45266,2.56474,1.24461,1.24398,0.03962,0.03184,visitors_alone,Scenario_3A
135.6,24307,7.9246,2.58715,1.18118,1.17985,0.05602,0.04744,visitors_alone,Scenario_3A
136.0,24307,8.39596,2.58319,1.17843,1.17839,-0.00989,-0.00839,visitors_alone,Scenario_3A
136.4,24307,8.82444,2.58184,1.07122,1.07122,-0.00339,-0.00317,visitors_alone,Scenario_3A
136.8,24307,9.1631,2.64731,0.86231,0.84663,0.1637,0.19099,visitors_alone,Scenario_3A
137.2,24307,9.36308,2.71855,0.53073,0.49996,0.17809,0.3422,visitors_alone,Scenario_3A
137.6,24307,9.40948,2.75002,0.14015,0.11599,0.07867,0.59594,visitors_alone,Scenario_3A
138.0,24307,9.39726,2.75376,0.03194,-0.03055,0.00935,2.84459,visitors_alone,Scenario_3A
138.4,24307,9.28997,2.72199,0.27974,-0.26823,-0.07941,-2.85376,visitors_alone,Scenario_3A
138.8,24307,9.03772,2.60833,0.69169,-0.63062,-0.28416,-2.71824,visitors_alone,Scenario_3A
139.2,24307,8.76605,2.43195,0.80975,-0.67916,-0.44096,-2.56573,visitors_alone,Scenario_3A
139.6,24307,8.52149,2.26418,0.74144,-0.61142,-0.4194,-2.54036,visitors_alone,Scenario_3A
140.0,24307,8.26016,2.11495,0.75236,-0.65333,-0.3731,-2.62272,visitors_alone,Scenario_3A
140.4,24307,8.06531,1.87201,0.77856,-0.48712,-0.60734,-2.24679,visitors_alone,Scenario_3A
140.8,24307,7.90368,1.51846,0.97186,-0.40408,-0.88388,-1.99959,visitors_alone,Scenario_3A
141.2,24307,7.65049,1.21122,0.99531,-0.63298,-0.7681,-2.26005,visitors_alone,Scenario_3A
141.6,24307,7.33741,0.96226,0.99999,-0.7827,-0.62239,-2.46979,visitors_alone,Scenario_3A
142.0,24307,7.02133,0.70951,1.01177,-0.79019,-0.63189,-2.46705,visitors_alone,Scenario_3A
27.2,24081,-1.91907,-0.19451,0.0,0.0,0.0,0.0,visitors_alone,Scenario_3A
27.6,24081,-2.44188,-0.09806,1.32908,-1.30703,0.24111,2.95917,visitors_alone,Scenario_3A
28.0,24081,-2.97435,-0.03874,1.33941,-1.33117,0.14831,3.03064,visitors_alone,Scenario_3A
28.4,24081,-3.49976,0.04159,1.3288,-1.31354,0.20082,2.98988,visitors_alone,Scenario_3A
28.8,24081,-4.0069,0.12785,1.28605,-1.26785,0.21564,2.97312,visitors_alone,Scenario_3A
29.2,24081,-4.5262,0.15241,1.29969,-1.29824,0.06139,3.09434,visitors_alone,Scenario_3A
29.6,24081,-5.0437,0.19339,1.29781,-1.29376,0.10247,3.06255,visitors_alone,Scenario_3A
30.0,24081,-5.55344,0.18148,1.27469,-1.27434,-0.02978,-3.11823,visitors_alone,Scenario_3A
30.4,24081,-6.0622,0.09428,1.29045,-1.2719,-0.21801,-2.97184,visitors_alone,Scenario_3A
30.8,24081,-6.56514,0.00408,1.2774,-1.25733,-0.2255,-2.96413,visitors_alone,Scenario_3A
31.2,24081,-7.04196,-0.14885,1.25186,-1.19205,-0.38231,-2.83124,visitors_alone,Scenario_3A
31.6,24081,-7.49946,-0.31998,1.22116,-1.14376,-0.42782,-2.78365,visitors_alone,Scenario_3A
32.0,24081,-7.93424,-0.49037,1.16744,-1.08694,-0.42599,-2.76808,visitors_alone,Scenario_3A
32.4,24081,-8.32525,-0.70104,1.11039,-0.97753,-0.52667,-2.64741,visitors_alone,Scenario_3A
32.8,24081,-8.55075,-0.82899,0.64818,-0.56374,-0.31988,-2.62547,visitors_alone,Scenario_3A
33.2,24081,-8.54699,-0.82774,0.0099,0.00939,0.00312,0.32091,visitors_alone,Scenario_3A
33.6,24081,-8.4776,-0.79269,0.19438,0.17349,0.08765,0.46779,visitors_alone,Scenario_3A
34.0,24081,-8.42969,-0.76284,0.1411,0.11976,0.07462,0.55722,visitors_alone,Scenario_3A
34.4,24081,-8.4061,-0.75626,0.06123,0.05897,0.01645,0.27204,visitors_alone,Scenario_3A
34.8,24081,-8.35049,-0.68238,0.23119,0.13904,0.1847,0.92552,visitors_alone,Scenario_3A
33.6,24295,9.26911,2.77758,0.0,0.0,0.0,0.0,visitors_alone,Scenario_3A
34.0,24295,9.30447,2.76069,0.09795,0.08839,-0.04221,-0.44548,visitors_alone,Scenario_3A
34.4,24295,9.30412,2.75637,0.01083,-0.00087,-0.0108,-1.65096,visitors_alone,Scenario_3A
34.8,24295,9.1171,2.69236,0.49419,-0.46756,-0.16004,-2.81181,visitors_alone,Scenario_3A
35.2,24295,8.79597,2.48769,0.95202,-0.80282,-0.51168,-2.57416,visitors_alone,Scenario_3A
35.6,24295,8.51236,2.25756,0.91307,-0.70902,-0.57532,-2.45993,visitors_alone,Scenario_3A
36.0,24295,8.17314,2.08363,0.95302,-0.84804,-0.43483,-2.6678,visitors_alone,Scenario_3A
36.4,24295,7.75866,1.93098,1.10425,-1.03621,-0.38161,-2.78873,visitors_alone,Scenario_3A
36.8,24295,7.3517,1.76628,1.09757,-1.0174,-0.41175,-2.75703,visitors_alone,Scenario_3A
37.2,24295,6.95224,1.5982,1.08345,-0.99865,-0.42019,-2.74332,visitors_alone,Scenario_3A
37.6,24295,6.53741,1.37183,1.18144,-1.03707,-0.56592,-2.64206,visitors_alone,Scenario_3A
38.0,24295,6.11572,1.09949,1.25497,-1.05422,-0.68086,-2.56815,visitors_alone,Scenario_3A
38.4,24295,5.70432,0.8632,1.18607,-1.0285,-0.59072,-2.62024,visitors_alone,Scenario_3A
38.8,24295,5.30506,0.60462,1.18922,-0.99817,-0.64646,-2.56687,visitors_alone,Scenario_3A
39.2,24295,4.92443,0.34606,1.15035,-0.95157,-0.64639,-2.5449,visitors_alone,Scenario_3A
39.6,24295,4.55897,0.13215,1.05864,-0.91364,-0.53479,-2.61202,visitors_alone,Scenario_3A
40.0,24295,4.20062,-0.10227,1.07054,-0.89589,-0.58603,-2.56231,visitors_alone,Scenario_3A
40.4,24295,3.81727,-0.3172,1.09872,-0.95837,-0.53732,-2.6306,visitors_alone,Scenario_3A
40.8,24295,3.3842,-0.44319,1.12757,-1.08267,-0.315,-2.85846,visitors_alone,Scenario_3A
41.2,24295,2.93915,-0.53926,1.13825,-1.11263,-0.24017,-2.92899,visitors_alone,Scenario_3A
106.4,24140,5.28065,1.70122,0.0,0.0,0.0,0.0,visitors_alone,Scenario_3A
106.8,24140,5.62292,1.64217,0.86831,0.85567,-0.14764,-0.17086,visitors_alone,Scenario_3A
107.2,24140,5.89593,1.53787,0.73063,0.68252,-0.26073,-0.3649,visitors_alone,Scenario_3A
107.6,24140,6.12448,1.404,0.66218,0.57138,-0.33468,-0.52987,visitors_alone,Scenario_3A
108.0,24140,6.34815,1.40031,0.55926,0.55919,-0.00923,-0.0165,visitors_alone,Scenario_3A
108.4,24140,6.564,1.5131,0.60885,0.53962,0.28196,0.4815,visitors_alone,Scenario_3A
108.8,24140,6.77286,1.58014,0.54839,0.52215,0.1676,0.3106,visitors_alone,Scenario_3A
109.2,24140,6.97056,1.5819,0.49426,0.49424,0.00441,0.00892,visitors_alone,Scenario_3A
109.6,24140,7.15708,1.62153,0.47672,0.46631,0.09908,0.20936,visitors_alone,Scenario_3A
110.0,24140,7.32011,1.67497,0.4289,0.40756,0.1336,0.31676,visitors_alone,Scenario_3A
110.4,24140,7.45093,1.58958,0.39057,0.32706,-0.21348,-0.5783,visitors_alone,Scenario_3A
110.8,24140,7.56317,1.3529,0.65486,0.2806,-0.5917,-1.12799,visitors_alone,Scenario_3A
111.2,24140,7.72014,1.1011,0.7418,0.39243,-0.6295,-1.01334,visitors_alone,Scenario_3A
111.6,24140,7.88385,0.88786,0.67208,0.40928,-0.53309,-0.91604,visitors_alone,Scenario_3A
112.0,24140,8.03788,0.70308,0.60139,0.38506,-0.46194,-0.87592,visitors_alone,Scenario_3A
112.4,24140,8.29511,0.51868,0.79125,0.64308,-0.46099,-0.62194,visitors_alone,Scenario_3A
112.8,24140,8.54619,0.28939,0.85006,0.62769,-0.57323,-0.74008,visitors_alone,Scenario_3A
113.2,24140,8.68177,0.01581,0.76334,0.33894,-0.68396,-1.11071,visitors_alone,Scenario_3A
113.6,24140,8.81114,-0.25019,0.73948,0.32343,-0.665,-1.11812,visitors_alone,Scenario_3A
114.0,24140,8.8999,-0.39798,0.431,0.2219,-0.36948,-1.02995,visitors_alone,Scenario_3A
126.4,24115,7.19128,2.34682,0.0,0.0,0.0,0.0,visitors_alone,Scenario_3A
126.8,24115,7.18476,2.34484,0.01703,-0.0163,-0.00494,-2.84712,visitors_alone,Scenario_3A
127.2,24115,6.90644,2.25194,0.73355,-0.69582,-0.23224,-2.81945,visitors_alone,Scenario_3A
127.6,24115,6.40368,2.16861,1.27404,-1.25689,-0.20833,-2.97734,visitors_alone,Scenario_3A
128.0,24115,5.93286,2.20646,1.18086,-1.17706,0.09463,3.06137,visitors_alone,Scenario_3A
128.4,24115,5.42888,2.23266,1.26163,-1.25993,0.06549,3.08966,visitors_alone,Scenario_3A
128.8,24115,4.90455,2.29872,1.32119,-1.31083,0.16513,3.01628,visitors_alone,Scenario_3A
129.2,24115,4.39552,2.38324,1.29,-1.27257,0.2113,2.97705,visitors_alone,Scenario_3A
129.6,24115,3.90057,2.3488,1.24037,-1.23738,-0.08609,-3.07213,visitors_alone,Scenario_3A
130.0,24115,3.37552,2.33022,1.31346,-1.31263,-0.04645,-3.10622,visitors_alone,Scenario_3A
130.4,24115,2.81164,2.33005,1.40969,-1.40968,-0.00043,-3.14129,visitors_alone,Scenario_3A
130.8,24115,2.24098,2.26951,1.43465,-1.42664,-0.15135,-3.0359,visitors_alone,Scenario_3A
131.2,24115,1.73564,2.28738,1.26415,-1.26336,0.04468,3.10624,visitors_alone,Scenario_3A
131.6,24115,1.28082,2.29772,1.13734,-1.13704,0.02585,3.11886,visitors_alone,Scenario_3A
132.0,24115,0.77749,2.25302,1.26329,-1.25833,-0.11175,-3.05301,visitors_alone,Scenario_3A
132.4,24115,0.25077,2.28272,1.31889,-1.3168,0.07424,3.08527,visitors_alone,Scenario_3A
132.8,24115,-0.25287,2.25224,1.26141,-1.2591,-0.0762,-3.08115,visitors_alone,Scenario_3A
133.2,24115,-0.76197,2.1707,1.28897,-1.27275,-0.20386,-2.98277,visitors_alone,Scenario_3A
133.6,24115,-1.27545,2.17182,1.2837,-1.28369,0.0028,3.13941,visitors_alone,Scenario_3A
134.0,24115,-1.79162,2.11254,1.29889,-1.29041,-0.1482,-3.02725,visitors_alone,Scenario_3A
210.8,24207,5.96813,-0.84535,0.0,0.0,0.0,0.0,visitors_alone,Scenario_3A
211.2,24207,6.49047,-0.92756,1.32192,1.30585,-0.20552,-0.1561,visitors_alone,Scenario_3A
211.6,24207,7.02008,-0.99702,1.33536,1.32402,-0.17365,-0.13041,visitors_alone,Scenario_3A
212.0,24207,7.51468,-1.08014,1.25385,1.23651,-0.2078,-0.16649,visitors_alone,Scenario_3A
212.4,24207,7.98665,-1.14137,1.18981,1.17992,-0.15309,-0.12903,visitors_alone,Scenario_3A
212.8,24207,8.45663,-1.02702,1.20924,1.17496,0.28589,0.23868,visitors_alone,Scenario_3A
213.2,24207,8.85176,-0.8198,1.11542,0.98781,0.51805,0.48301,visitors_alone,Scenario_3A
213.6,24207,9.04185,-0.72211,0.5343,0.47522,0.24422,0.47471,visitors_alone,Scenario_3A
214.0,24207,9.07498,-0.70271,0.09599,0.08284,0.04851,0.52974,visitors_alone,Scenario_3A
214.4,24207,9.10296,-0.6865,0.08083,0.06994,0.04052,0.52509,visitors_alone,Scenario_3A
214.8,24207,9.12786,-0.67358,0.07015,0.06227,0.0323,0.47848,visitors_alone,Scenario_3A
215.2,24207,9.14058,-0.66141,0.044,0.03178,0.03043,0.76384,visitors_alone,Scenario_3A
215.6,24207,9.12821,-0.64668,0.04809,-0.03092,0.03683,2.26924,visitors_alone,Scenario_3A
216.0,24207,9.10658,-0.63465,0.06186,-0.05407,0.03006,2.6341,visitors_alone,Scenario_3A
216.4,24207,9.09411,-0.62373,0.04144,-0.03117,0.02731,2.42221,visitors_alone,Scenario_3A
216.8,24207,9.08962,-0.60778,0.04142,-0.01123,0.03987,1.84532,visitors_alone,Scenario_3A
217.2,24207,9.08689,-0.59502,0.03264,-0.00684,0.03191,1.78179,visitors_alone,Scenario_3A
217.6,24207,9.04935,-0.65224,0.1711,-0.09384,-0.14307,-2.1513,visitors_alone,Scenario_3A
218.0,24207,8.88906,-0.82156,0.58288,-0.40073,-0.42328,-2.32884,visitors_alone,Scenario_3A
218.4,24207,8.587,-0.91994,0.79418,-0.75513,-0.24597,-2.8267,visitors_alone,Scenario_3A
84.0,24164,1.40861,-1.9954,0.0,0.0,0.0,0.0,visitors_alone,Scenario_3A
84.4,24164,0.91794,-2.26248,1.39662,-1.22667,-0.6677,-2.64313,visitors_alone,Scenario_3A
84.8,24164,0.43706,-2.53026,1.37603,-1.2022,-0.66946,-2.63349,visitors_alone,Scenario_3A
85.2,24164,0.03335,-2.82253,1.24598,-1.00926,-0.73066,-2.51497,visitors_alone,Scenario_3A
85.6,24164,-0.3405,-3.0613,1.10899,-0.93464,-0.59692,-2.57323,visitors_alone,Scenario_3A
86.0,24164,-0.72905,-3.22386,1.05297,-0.97138,-0.4064,-2.74535,visitors_alone,Scenario_3A
86.4,24164,-1.11167,-3.30989,0.98042,-0.95654,-0.21508,-2.92042,visitors_alone,Scenario_3A
86.8,24164,-1.36914,-3.37915,0.66656,-0.64368,-0.17315,-2.87881,visitors_alone,Scenario_3A
87.2,24164,-1.44238,-3.45876,0.27045,-0.18311,-0.19903,-2.31456,visitors_alone,Scenario_3A
87.6,24164,-1.45907,-3.49763,0.10574,-0.04173,-0.09716,-1.97643,visitors_alone,Scenario_3A
88.0,24164,-1.47372,-3.51628,0.0593,-0.03662,-0.04664,-2.23641,visitors_alone,Scenario_3A
88.4,24164,-1.53711,-3.51666,0.15848,-0.15847,-0.00095,-3.1356,visitors_alone,Scenario_3A
88.8,24164,-1.59165,-3.51016,0.13731,-0.13635,0.01625,3.02296,visitors_alone,Scenario_3A
89.2,24164,-1.59441,-3.51712,0.0187,-0.00689,-0.01739,-1.94816,visitors_alone,Scenario_3A
89.6,24164,-1.59745,-3.53243,0.03903,-0.00761,-0.03828,-1.76709,visitors_alone,Scenario_3A
90.0,24164,-1.58538,-3.53079,0.03045,0.03018,0.0041,0.13496,visitors_alone,Scenario_3A
90.4,24164,-1.51735,-3.51178,0.1766,0.17008,0.04753,0.2725,visitors_alone,Scenario_3A
90.8,24164,-1.43058,-3.48093,0.23022,0.21692,0.07711,0.34153,visitors_alone,Scenario_3A
91.2,24164,-1.38329,-3.42686,0.17959,0.11822,0.13519,0.85228,visitors_alone,Scenario_3A
91.6,24164,-1.45387,-3.3233,0.3133,-0.17646,0.25888,2.16908,visitors_alone,Scenario_3A
226.8,24052,-8.45856,-0.37448,0.0,0.0,0.0,0.0,visitors_alone,Scenario_3A
227.2,24052,-8.53036,-0.40115,0.19149,-0.1795,-0.0667,-2.78583,visitors_alone,Scenario_3A
227.6,24052,-8.63008,-0.45618,0.28475,-0.24931,-0.13757,-2.63736,visitors_alone,Scenario_3A
228.0,24052,-8.64692,-0.47434,0.06191,-0.0421,-0.04539,-2.31869,visitors_alone,Scenario_3A
228.4,24052,-8.59935,-0.43617,0.15248,0.11893,0.09541,0.67612,visitors_alone,Scenario_3A
228.8,24052,-8.49808,-0.45734,0.25866,0.25318,-0.05292,-0.20605,visitors_alone,Scenario_3A
229.2,24052,-8.29284,-0.5228,0.53856,0.51309,-0.16367,-0.30878,visitors_alone,Scenario_3A
229.6,24052,-8.04005,-0.50575,0.63341,0.63197,0.04263,0.06735,visitors_alone,Scenario_3A
230.0,24052,-7.72234,-0.35311,0.88119,0.79427,0.38161,0.44789,visitors_alone,Scenario_3A
230.4,24052,-7.31157,-0.1447,1.15155,1.02693,0.52103,0.46952,visitors_alone,Scenario_3A
230.8,24052,-6.79595,0.0413,1.37034,1.28904,0.46499,0.3462,visitors_alone,Scenario_3A
231.2,24052,-6.25771,0.24233,1.4364,1.34561,0.50259,0.35746,visitors_alone,Scenario_3A
231.6,24052,-5.73997,0.46736,1.41132,1.29435,0.56256,0.41,visitors_alone,Scenario_3A
232.0,24052,-5.17053,0.73263,1.57048,1.42359,0.66318,0.43595,visitors_alone,Scenario_3A
232.4,24052,-4.62722,1.021,1.53775,1.35828,0.72093,0.48796,visitors_alone,Scenario_3A
232.8,24052,-4.13372,1.28417,1.39823,1.23376,0.65794,0.48992,visitors_alone,Scenario_3A
233.2,24052,-3.61948,1.56972,1.4705,1.28561,0.71386,0.50688,visitors_alone,Scenario_3A
233.6,24052,-3.11502,1.85884,1.4536,1.26115,0.72281,0.52043,visitors_alone,Scenario_3A
234.0,24052,-2.62573,2.11841,1.38468,1.22321,0.6489,0.48774,visitors_alone,Scenario_3A
234.4,24052,-2.15362,2.38787,1.359,1.18028,0.67366,0.51864,visitors_alone,Scenario_3A
198.8,24151,-1.36152,2.12638,0.0,0.0,0.0,0.0,visitors_alone,Scenario_3A
199.2,24151,-1.62759,1.90402,0.86687,-0.66517,-0.5559,-2.44544,visitors_alone,Scenario_3A
199.6,24151,-1.88245,1.63625,0.92415,-0.63715,-0.6694,-2.33151,visitors_alone,Scenario_3A
200.0,24151,-2.11289,1.37253,0.87555,-0.5761,-0.65931,-2.28893,visitors_alone,Scenario_3A
200.4,24151,-2.39473,1.1991,0.82732,-0.70461,-0.43357,-2.58998,visitors_alone,Scenario_3A
200.8,24151,-2.66387,1.02504,0.8013,-0.67284,-0.43516,-2.5675,visitors_alone,Scenario_3A
201.2,24151,-2.89052,0.80544,0.78897,-0.56663,-0.549,-2.372,visitors_alone,Scenario_3A
201.6,24151,-3.1408,0.67902,0.701,-0.62571,-0.31605,-2.67388,visitors_alone,Scenario_3A
202.0,24151,-3.41483,0.63812,0.69264,-0.68505,-0.10224,-2.99344,visitors_alone,Scenario_3A
202.4,24151,-3.65709,0.543,0.65067,-0.60566,-0.23781,-2.76744,visitors_alone,Scenario_3A
202.8,24151,-3.88582,0.41959,0.64976,-0.57184,-0.30852,-2.64683,visitors_alone,Scenario_3A
203.2,24151,-4.13367,0.38962,0.62414,-0.61963,-0.07493,-3.02125,visitors_alone,Scenario_3A
203.6,24151,-4.3964,0.39506,0.65695,-0.65681,0.0136,3.12089,visitors_alone,Scenario_3A
204.0,24151,-4.66112,0.31664,0.69024,-0.66181,-0.19605,-2.85359,visitors_alone,Scenario_3A
204.4,24151,-4.95794,0.22891,0.77377,-0.74204,-0.21932,-2.8542,visitors_alone,Scenario_3A
204.8,24151,-5.30061,0.26464,0.86133,-0.85669,0.08932,3.0377,visitors_alone,Scenario_3A
205.2,24151,-5.66883,0.29751,0.92419,-0.92053,0.08217,3.05256,visitors_alone,Scenario_3A
205.6,24151,-6.06605,0.2409,1.0031,-0.99307,-0.14152,-3.00004,visitors_alone,Scenario_3A
206.0,24151,-6.45464,0.26923,0.97405,-0.97147,0.07083,3.06881,visitors_alone,Scenario_3A
206.4,24151,-6.85389,0.35571,1.02127,-0.99812,0.2162,2.92828,visitors_alone,Scenario_3A
177.2,24072,1.86158,2.58743,0.0,0.0,0.0,0.0,visitors_alone,Scenario_3A
177.6,24072,1.43932,2.72268,1.10847,-1.05564,0.33813,2.83161,visitors_alone,Scenario_3A
178.0,24072,1.03642,2.91033,1.11115,-1.00727,0.46911,2.70574,visitors_alone,Scenario_3A
178.4,24072,0.60876,3.05736,1.13058,-1.06915,0.36759,2.81044,visitors_alone,Scenario_3A
178.8,24072,0.20992,3.22153,1.07825,-0.99709,0.41041,2.75112,visitors_alone,Scenario_3A
179.2,24072,-0.06369,3.40721,0.82667,-0.68403,0.4642,2.54535,visitors_alone,Scenario_3A
179.6,24072,-0.19746,3.52039,0.43808,-0.33444,0.28296,2.43938,visitors_alone,Scenario_3A
180.0,24072,-0.23462,3.54914,0.11746,-0.0929,0.07188,2.48307,visitors_alone,Scenario_3A
180.4,24072,-0.22963,3.53415,0.03951,0.01248,-0.03749,-1.24942,visitors_alone,Scenario_3A
180.8,24072,-0.19164,3.50361,0.12187,0.09498,-0.07635,-0.67708,visitors_alone,Scenario_3A
181.2,24072,-0.09939,3.44591,0.27201,0.23061,-0.14424,-0.55893,visitors_alone,Scenario_3A
181.6,24072,0.00326,3.31437,0.41715,0.25663,-0.32886,-0.90814,visitors_alone,Scenario_3A
182.0,24072,0.03039,3.13313,0.45815,0.06783,-0.4531,-1.42219,visitors_alone,Scenario_3A
182.4,24072,0.08361,2.99304,0.37462,0.13303,-0.35021,-1.20776,visitors_alone,Scenario_3A
182.8,24072,0.2844,2.88636,0.56845,0.50199,-0.26672,-0.48839,visitors_alone,Scenario_3A
183.2,24072,0.61391,2.79418,0.85538,0.82376,-0.23044,-0.27277,visitors_alone,Scenario_3A
183.6,24072,1.0337,2.74372,1.05702,1.04947,-0.12614,-0.11962,visitors_alone,Scenario_3A
184.0,24072,1.50379,2.63626,1.20556,1.17525,-0.26866,-0.22474,visitors_alone,Scenario_3A
184.4,24072,2.00977,2.48969,1.31694,1.26493,-0.36643,-0.28196,visitors_alone,Scenario_3A
184.8,24072,2.54468,2.41762,1.34936,1.33728,-0.18017,-0.13392,visitors_alone,Scenario_3A
142.8,24280,-8.80653,0.40956,0.0,0.0,0.0,0.0,visitors_alone,Scenario_3A
143.2,24280,-8.77226,0.39808,0.09035,0.08568,-0.02869,-0.32317,visitors_alone,Scenario_3A
143.6,24280,-8.70263,0.31989,0.26175,0.17408,-0.19548,-0.84323,visitors_alone,Scenario_3A
144.0,24280,-8.57135,0.17551,0.48786,0.32821,-0.36095,-0.83288,visitors_alone,Scenario_3A
144.4,24280,-8.34921,0.05849,0.6277,0.55536,-0.29254,-0.48482,visitors_alone,Scenario_3A
144.8,24280,-8.01769,0.03447,0.83097,0.8288,-0.06007,-0.07235,visitors_alone,Scenario_3A
145.2,24280,-7.6212,0.01807,0.99206,0.99122,-0.04099,-0.04133,visitors_alone,Scenario_3A
145.6,24280,-7.1977,-0.01215,1.06144,1.05875,-0.07556,-0.07124,visitors_alone,Scenario_3A
146.0,24280,-6.74551,0.03354,1.13623,1.13047,0.11422,0.1007,visitors_alone,Scenario_3A
146.4,24280,-6.26462,0.08225,1.20837,1.20222,0.12179,0.10096,visitors_alone,Scenario_3A
146.8,24280,-5.7715,0.11052,1.23484,1.23282,0.07066,0.05725,visitors_alone,Scenario_3A
147.2,24280,-5.28928,0.15911,1.21166,1.20555,0.12149,0.10043,visitors_alone,Scenario_3A
147.6,24280,-4.82464,0.1503,1.1618,1.16159,-0.02203,-0.01896,visitors_alone,Scenario_3A
148.0,24280,-4.34402,0.13608,1.20208,1.20156,-0.03555,-0.02958,visitors_alone,Scenario_3A
148.4,24280,-3.84704,0.12007,1.24308,1.24243,-0.04002,-0.0322,visitors_alone,Scenario_3A
148.8,24280,-3.37843,0.01617,1.19997,1.17153,-0.25974,-0.21818,visitors_alone,Scenario_3A
149.2,24280,-2.92481,-0.06178,1.15067,1.13405,-0.19488,-0.17018,visitors_alone,Scenario_3A
149.6,24280,-2.47078,-0.10448,1.14009,1.13508,-0.10676,-0.09378,visitors_alone,Scenario_3A
150.0,24280,-2.00805,-0.16386,1.16631,1.15682,-0.14845,-0.12763,visitors_alone,Scenario_3A
150.4,24280,-1.54302,-0.12393,1.16686,1.16258,0.09983,0.08566,visitors_alone,Scenario_3A
16.8,24105,-0.99119,-4.01725,0.0,0.0,0.0,0.0,visitors_alone,Scenario_3A
17.2,24105,-1.06296,-4.00801,0.1809,-0.17942,0.0231,3.01357,visitors_alone,Scenario_3A
17.6,24105,-1.10248,-4.00467,0.09915,-0.0988,0.00836,3.05721,visitors_alone,Scenario_3A
18.0,24105,-1.14234,-3.99469,0.10274,-0.09967,0.02494,2.89636,visitors_alone,Scenario_3A
18.4,24105,-1.15402,-3.92582,0.17464,-0.0292,0.17218,1.73877,visitors_alone,Scenario_3A
18.8,24105,-1.13994,-3.77025,0.39052,0.03519,0.38893,1.48057,visitors_alone,Scenario_3A
19.2,24105,-1.18565,-3.5781,0.49375,-0.11425,0.48035,1.80431,visitors_alone,Scenario_3A
19.6,24105,-1.33607,-3.44688,0.49905,-0.37606,0.32806,2.42426,visitors_alone,Scenario_3A
20.0,24105,-1.61627,-3.4425,0.70058,-0.7005,0.01096,3.12595,visitors_alone,Scenario_3A
20.4,24105,-1.98203,-3.39736,0.92135,-0.91441,0.11284,3.01881,visitors_alone,Scenario_3A
20.8,24105,-2.37381,-3.31148,1.0027,-0.97944,0.2147,2.9258,visitors_alone,Scenario_3A
21.2,24105,-2.80719,-3.3576,1.08956,-1.08344,-0.11531,-3.03556,visitors_alone,Scenario_3A
21.6,24105,-3.258,-3.38751,1.1295,-1.12702,-0.07476,-3.07535,visitors_alone,Scenario_3A
22.0,24105,-3.73226,-3.33128,1.19397,-1.18567,0.14058,3.02358,visitors_alone,Scenario_3A
22.4,24105,-4.23854,-3.22046,1.29567,-1.2657,0.27704,2.92611,visitors_alone,Scenario_3A
22.8,24105,-4.75191,-3.02746,1.37112,-1.28342,0.4825,2.78199,visitors_alone,Scenario_3A
23.2,24105,-5.23081,-2.79273,1.33333,-1.19725,0.58682,2.68587,visitors_alone,Scenario_3A
23.6,24105,-5.54964,-2.506,1.07201,-0.79708,0.71684,2.40915,visitors_alone,Scenario_3A
24.0,24105,-5.78574,-2.12994,1.11007,-0.59024,0.94015,2.13142,visitors_alone,Scenario_3A
24.4,24105,-6.03979,-1.64944,1.35882,-0.63513,1.20125,2.05716,visitors_alone,Scenario_3A
160.4,24201,-7.11763,-2.34417,0.0,0.0,0.0,0.0,visitors_alone,Scenario_3A
160.8,24201,-6.89136,-2.11827,0.79933,0.56567,0.56475,0.78459,visitors_alone,Scenario_3A
161.2,24201,-6.54504,-1.95983,0.95212,0.86582,0.3961,0.42906,visitors_alone,Scenario_3A
161.6,24201,-6.20702,-1.73268,1.01813,0.84505,0.56788,0.5917,visitors_alone,Scenario_3A
162.0,24201,-5.85851,-1.50234,1.04436,0.87126,0.57585,0.58402,visitors_alone,Scenario_3A
162.4,24201,-5.40277,-1.30402,1.24256,1.13936,0.4958,0.41045,visitors_alone,Scenario_3A
162.8,24201,-4.942,-1.07539,1.28593,1.15192,0.57157,0.46059,visitors_alone,Scenario_3A
163.2,24201,-4.45524,-0.90212,1.29171,1.21692,0.43316,0.34196,visitors_alone,Scenario_3A
163.6,24201,-3.96992,-0.7218,1.29432,1.21328,0.4508,0.35575,visitors_alone,Scenario_3A
164.0,24201,-3.5176,-0.53538,1.2231,1.13082,0.46607,0.39094,visitors_alone,Scenario_3A
164.4,24201,-3.02344,-0.41565,1.27114,1.2354,0.2993,0.23769,visitors_alone,Scenario_3A
164.8,24201,-2.52403,-0.26721,1.30251,1.24852,0.37111,0.28892,visitors_alone,Scenario_3A
165.2,24201,-2.01497,-0.15082,1.30547,1.27263,0.29097,0.22477,visitors_alone,Scenario_3A
165.6,24201,-1.46746,-0.06621,1.38504,1.36879,0.21153,0.15333,visitors_alone,Scenario_3A
166.0,24201,-0.96044,0.05251,1.30184,1.26755,0.29681,0.23002,visitors_alone,Scenario_3A
166.4,24201,-0.45234,0.10106,1.27602,1.27024,0.12137,0.09526,visitors_alone,Scenario_3A
166.8,24201,0.09036,0.15379,1.36315,1.35676,0.13183,0.09687,visitors_alone,Scenario_3A
167.2,24201,0.60904,0.20453,1.3029,1.29671,0.12684,0.09751,visitors_alone,Scenario_3A
167.6,24201,1.12085,0.16819,1.28274,1.27951,-0.09084,-0.07088,visitors_alone,Scenario_3A
168.0,24201,1.63504,0.15212,1.28609,1.28546,-0.04017,-0.03124,visitors_alone,Scenario_3A
188.0,24098,-6.33653,2.41838,0.0,0.0,0.0,0.0,visitors_alone,Scenario_3A
188.4,24098,-5.91104,2.32971,1.08658,1.06373,-0.22167,-0.20545,visitors_alone,Scenario_3A
188.8,24098,-5.51411,2.27314,1.00235,0.99232,-0.14144,-0.14158,visitors_alone,Scenario_3A
189.2,24098,-5.02815,2.29128,1.21574,1.2149,0.04534,0.03731,visitors_alone,Scenario_3A
189.6,24098,-4.47762,2.28875,1.37635,1.37634,-0.00633,-0.0046,visitors_alone,Scenario_3A
190.0,24098,-3.9284,2.27986,1.37321,1.37303,-0.02222,-0.01618,visitors_alone,Scenario_3A
190.4,24098,-3.37509,2.28896,1.38347,1.38328,0.02275,0.01644,visitors_alone,Scenario_3A
190.8,24098,-2.82163,2.23095,1.39124,1.38366,-0.14502,-0.10443,visitors_alone,Scenario_3A
191.2,24098,-2.25152,2.2056,1.42668,1.42527,-0.06337,-0.04443,visitors_alone,Scenario_3A
191.6,24098,-1.67914,2.17485,1.433,1.43094,-0.07688,-0.05367,visitors_alone,Scenario_3A
192.0,24098,-1.11696,2.14226,1.40782,1.40546,-0.08148,-0.05791,visitors_alone,Scenario_3A
192.4,24098,-0.56591,2.17491,1.38002,1.37761,0.08163,0.05918,visitors_alone,Scenario_3A
192.8,24098,-0.0265,2.17667,1.34853,1.34852,0.00439,0.00326,visitors_alone,Scenario_3A
193.2,24098,0.5298,2.2048,1.39252,1.39075,0.07033,0.05053,visitors_alone,Scenario_3A
193.6,24098,1.10343,2.25793,1.44023,1.43409,0.13283,0.09236,visitors_alone,Scenario_3A
194.0,24098,1.65066,2.22814,1.37008,1.36806,-0.07446,-0.05438,visitors_alone,Scenario_3A
194.4,24098,2.19003,2.21101,1.3491,1.34842,-0.04283,-0.03175,visitors_alone,Scenario_3A
194.8,24098,2.75003,2.2028,1.40016,1.40001,-0.02053,-0.01466,visitors_alone,Scenario_3A
195.2,24098,3.31015,2.17561,1.40195,1.4003,-0.06798,-0.04851,visitors_alone,Scenario_3A
195.6,24098,3.83796,2.1566,1.32038,1.31952,-0.04753,-0.036,visitors_alone,Scenario_3A
117.6,24224,9.2286,-0.22282,0.0,0.0,0.0,0.0,visitors_alone,Scenario_3A
118.0,24224,9.24498,-0.15387,0.17717,0.04095,0.17238,1.33758,visitors_alone,Scenario_3A
118.4,24224,9.09043,0.04375,0.62718,-0.38636,0.49404,2.23449,visitors_alone,Scenario_3A
118.8,24224,8.87556,0.30651,0.84858,-0.53719,0.6569,2.25628,visitors_alone,Scenario_3A
119.2,24224,8.65838,0.59884,0.91045,-0.54295,0.73084,2.20974,visitors_alone,Scenario_3A
119.6,24224,8.42794,0.94486,1.03932,-0.5761,0.86504,2.15832,visitors_alone,Scenario_3A
120.0,24224,8.14481,1.32299,1.18095,-0.70781,0.94532,2.2135,visitors_alone,Scenario_3A
120.4,24224,7.84344,1.70075,1.20814,-0.75344,0.94441,2.24419,visitors_alone,Scenario_3A
120.8,24224,7.53298,2.05435,1.17636,-0.77614,0.88399,2.29132,visitors_alone,Scenario_3A
121.2,24224,7.1481,2.35224,1.21674,-0.9622,0.74472,2.48292,visitors_alone,Scenario_3A
121.6,24224,6.69371,2.55385,1.24277,-1.13597,0.50402,2.724,visitors_alone,Scenario_3A
122.0,24224,6.20794,2.58967,1.21771,-1.21442,0.08955,3.06799,visitors_alone,Scenario_3A
122.4,24224,5.69759,2.50268,1.2943,-1.27589,-0.21748,-2.97276,visitors_alone,Scenario_3A
122.8,24224,5.17901,2.42106,1.31241,-1.29645,-0.20405,-2.98548,visitors_alone,Scenario_3A
123.2,24224,4.68485,2.34466,1.25006,-1.23539,-0.191,-2.9882,visitors_alone,Scenario_3A
123.6,24224,4.19391,2.27845,1.23847,-1.22736,-0.16552,-3.00754,visitors_alone,Scenario_3A
124.0,24224,3.69609,2.26124,1.24529,-1.24455,-0.04303,-3.10703,visitors_alone,Scenario_3A
124.4,24224,3.24026,2.24256,1.14054,-1.13958,-0.04671,-3.10063,visitors_alone,Scenario_3A
124.8,24224,2.80373,2.23246,1.0916,-1.09131,-0.02523,-3.11848,visitors_alone,Scenario_3A
125.2,24224,2.39384,2.28353,1.03266,-1.02474,0.12767,3.01764,visitors_alone,Scenario_3A
134.8,24251,-7.2082,-2.62749,0.0,0.0,0.0,0.0,visitors_alone,Scenario_3A
135.2,24251,-7.06591,-2.60827,0.35895,0.35572,0.04805,0.13427,visitors_alone,Scenario_3A
135.6,24251,-6.6394,-2.60156,1.06642,1.06629,0.01679,0.01574,visitors_alone,Scenario_3A
136.0,24251,-6.11858,-2.57808,1.30337,1.30205,0.05869,0.04505,visitors_alone,Scenario_3A
136.4,24251,-5.62768,-2.49601,1.24426,1.22723,0.20516,0.16564,visitors_alone,Scenario_3A
136.8,24251,-5.11909,-2.40384,1.29221,1.2715,0.23042,0.17927,visitors_alone,Scenario_3A
137.2,24251,-4.61049,-2.31168,1.29221,1.2715,0.23042,0.17927,visitors_alone,Scenario_3A
137.6,24251,-4.10189,-2.21951,1.29221,1.2715,0.23042,0.17927,visitors_alone,Scenario_3A
138.0,24251,-3.5915,-2.07671,1.32498,1.27598,0.35699,0.2728,visitors_alone,Scenario_3A
138.4,24251,-3.06368,-1.86093,1.42556,1.31954,0.53945,0.38809,visitors_alone,Scenario_3A
138.8,24251,-2.53357,-1.57957,1.50037,1.32528,0.70339,0.48794,visitors_alone,Scenario_3A
139.2,24251,-2.05279,-1.23686,1.47606,1.20194,0.8568,0.61929,visitors_alone,Scenario_3A
139.6,24251,-1.62076,-0.88681,1.3901,1.08007,0.87512,0.68096,visitors_alone,Scenario_3A
140.0,24251,-1.21726,-0.51924,1.36456,1.00876,0.91892,0.73883,visitors_alone,Scenario_3A
140.4,24251,-0.81682,-0.13763,1.38288,1.0011,0.95402,0.76132,visitors_alone,Scenario_3A
140.8,24251,-0.40371,0.24603,1.40946,1.03277,0.95914,0.74845,visitors_alone,Scenario_3A
141.2,24251,0.02993,0.64066,1.4658,1.08409,0.98657,0.73834,visitors_alone,Scenario_3A
141.6,24251,0.50272,0.99288,1.47393,1.18198,0.88056,0.64028,visitors_alone,Scenario_3A
142.0,24251,0.98044,1.30851,1.43143,1.1943,0.78908,0.58386,visitors_alone,Scenario_3A
142.4,24251,1.4657,1.57026,1.37839,1.21316,0.65436,0.49466,visitors_alone,Scenario_3A
184.8,24313,8.39198,2.32491,0.0,0.0,0.0,0.0,visitors_alone,Scenario_3A
185.2,24313,8.00056,2.17051,1.05195,-0.97857,-0.38601,-2.76587,visitors_alone,Scenario_3A
185.6,24313,7.53042,2.03859,1.22072,-1.17533,-0.3298,-2.86803,visitors_alone,Scenario_3A
186.0,24313,7.04761,1.89696,1.25789,-1.20702,-0.35409,-2.85624,visitors_alone,Scenario_3A
186.4,24313,6.53616,1.70382,1.36676,-1.27863,-0.48284,-2.78053,visitors_alone,Scenario_3A
186.8,24313,6.00409,1.48352,1.43969,-1.33019,-0.55075,-2.74904,visitors_alone,Scenario_3A
187.2,24313,5.49077,1.24224,1.41799,-1.28329,-0.6032,-2.7022,visitors_alone,Scenario_3A
187.6,24313,4.97513,0.99122,1.43373,-1.28909,-0.62756,-2.68854,visitors_alone,Scenario_3A
188.0,24313,4.43046,0.79432,1.44792,-1.36167,-0.49225,-2.79471,visitors_alone,Scenario_3A
188.4,24313,3.8851,0.60976,1.43936,-1.3634,-0.46138,-2.81528,visitors_alone,Scenario_3A
188.8,24313,3.34342,0.41504,1.43906,-1.35422,-0.4868,-2.7965,visitors_alone,Scenario_3A
189.2,24313,2.79029,0.28226,1.4221,-1.38281,-0.33197,-2.90599,visitors_alone,Scenario_3A
189.6,24313,2.24582,0.17316,1.38824,-1.36119,-0.27274,-2.94384,visitors_alone,Scenario_3A
190.0,24313,1.70624,0.08733,1.36589,-1.34893,-0.21459,-2.98383,visitors_alone,Scenario_3A
190.4,24313,1.1678,0.03861,1.3516,-1.3461,-0.1218,-3.05136,visitors_alone,Scenario_3A
190.8,24313,0.64575,-0.01784,1.31274,-1.30514,-0.14111,-3.03389,visitors_alone,Scenario_3A
191.2,24313,0.11994,-0.0257,1.31465,-1.31451,-0.01967,-3.12663,visitors_alone,Scenario_3A
191.6,24313,-0.43757,0.00235,1.39555,-1.39378,0.07014,3.09131,visitors_alone,Scenario_3A
192.0,24313,-1.00275,0.02043,1.41368,-1.41295,0.04519,3.10962,visitors_alone,Scenario_3A
192.4,24313,-1.56942,0.08065,1.42466,-1.41669,0.15055,3.03572,visitors_alone,Scenario_3A
151.6,24118,5.10366,2.06652,0.0,0.0,0.0,0.0,visitors_alone,Scenario_3A
152.0,24118,5.57534,1.98177,1.19808,1.17919,-0.21188,-0.17779,visitors_alone,Scenario_3A
152.4,24118,6.00048,1.80746,1.14871,1.06285,-0.43576,-0.38909,visitors_alone,Scenario_3A
152.8,24118,6.40014,1.64248,1.08094,0.99916,-0.41246,-0.3915,visitors_alone,Scenario_3A
153.2,24118,6.69998,1.35445,1.03943,0.74961,-0.72007,-0.7653,visitors_alone,Scenario_3A
153.6,24118,7.01181,0.99014,1.19885,0.77958,-0.91077,-0.86286,visitors_alone,Scenario_3A
154.0,24118,7.35749,0.62766,1.25222,0.86419,-0.90622,-0.80913,visitors_alone,Scenario_3A
154.4,24118,7.62695,0.22972,1.20146,0.67365,-0.99484,-0.97558,visitors_alone,Scenario_3A
154.8,24118,7.93793,-0.05561,1.05512,0.77746,-0.71333,-0.74241,visitors_alone,Scenario_3A
155.2,24118,8.34034,-0.1368,1.0263,1.00603,-0.20298,-0.19909,visitors_alone,Scenario_3A
155.6,24118,8.67265,-0.16152,0.83306,0.83077,-0.06178,-0.07423,visitors_alone,Scenario_3A
156.0,24118,8.81612,-0.17267,0.35975,0.35867,-0.02788,-0.07759,visitors_alone,Scenario_3A
156.4,24118,8.8619,-0.1589,0.11952,0.11446,0.03443,0.29222,visitors_alone,Scenario_3A
156.8,24118,8.90768,-0.14512,0.11952,0.11446,0.03443,0.29222,visitors_alone,Scenario_3A
157.2,24118,8.95347,-0.13135,0.11952,0.11446,0.03443,0.29222,visitors_alone,Scenario_3A
157.6,24118,9.00478,-0.1241,0.12957,0.12829,0.01811,0.14027,visitors_alone,Scenario_3A
158.0,24118,9.05954,-0.14023,0.1427,0.13689,-0.04032,-0.28644,visitors_alone,Scenario_3A
158.4,24118,9.12125,-0.14411,0.15458,0.15428,-0.00969,-0.06272,visitors_alone,Scenario_3A
158.8,24118,9.16673,-0.12337,0.12497,0.1137,0.05184,0.42779,visitors_alone,Scenario_3A
159.2,24118,9.12486,-0.11601,0.10629,-0.10469,0.01841,2.96753,visitors_alone,Scenario_3A
