time,ag_id,x,y,speed,x_speed,y_speed,theta_delta,data_label,dataset_name
218.4,15256,-7.48634,-2.74184,0.0,0.0,0.0,0.0,visitors_g1,Scenario_2
218.8,15256,-7.48136,-2.75466,0.0344,0.01247,-0.03206,-1.19984,visitors_g1,Scenario_2
219.2,15256,-7.47637,-2.76749,0.0344,0.01247,-0.03206,-1.19984,visitors_g1,Scenario_2
219.6,15256,-7.47138,-2.78031,0.0344,0.01247,-0.03206,-1.19984,visitors_g1,Scenario_2
220.0,15256,-7.46639,-2.79313,0.0344,0.01247,-0.03206,-1.19984,visitors_g1,Scenario_2
220.4,15256,-7.43151,-2.84062,0.1473,0.0872,-0.11871,-0.93726,visitors_g1,Scenario_2
220.8,15256,-7.25529,-2.88598,0.45493,0.44057,-0.1134,-0.25194,visitors_g1,Scenario_2
221.2,15256,-6.97766,-2.90109,0.69508,0.69405,-0.03776,-0.05436,visitors_g1,Scenario_2
221.6,15256,-6.71629,-2.93308,0.65832,0.65345,-0.07999,-0.12181,visitors_g1,Scenario_2
222.0,15256,-6.64362,-3.03119,0.30523,0.18167,-0.24527,-0.93327,visitors_g1,Scenario_2
222.4,15256,-6.65132,-3.07653,0.11498,-0.01925,-0.11336,-1.73905,visitors_g1,Scenario_2
222.8,15256,-6.41711,-3.02239,0.60097,0.58552,0.13537,0.2272,visitors_g1,Scenario_2
223.2,15256,-6.0398,-2.97718,0.95002,0.94327,0.11301,0.11924,visitors_g1,Scenario_2
223.6,15256,-5.65915,-2.9319,0.95834,0.95162,0.11321,0.11841,visitors_g1,Scenario_2
224.0,15256,-5.26882,-2.89021,0.98138,0.97583,0.10421,0.10638,visitors_g1,Scenario_2
224.4,15256,-4.8241,-2.88484,1.11188,1.1118,0.01343,0.01208,visitors_g1,Scenario_2
224.8,15256,-4.33338,-2.87503,1.22704,1.2268,0.02452,0.01999,visitors_g1,Scenario_2
225.2,15256,-3.83546,-2.79796,1.25961,1.24478,0.19269,0.15358,visitors_g1,Scenario_2
225.6,15256,-3.32895,-2.71603,1.28273,1.26627,0.20481,0.16035,visitors_g1,Scenario_2
226.0,15256,-2.85405,-2.60429,1.21969,1.18726,0.27935,0.23109,visitors_g1,Scenario_2
16.8,15204,8.96261,-0.23829,0.0,0.0,0.0,0.0,visitors_g1,Scenario_2
17.2,15204,8.90974,-0.19391,0.17257,-0.13218,0.11095,2.44332,visitors_g1,Scenario_2
17.6,15204,8.73663,-0.13234,0.45933,-0.43277,0.15391,2.79989,visitors_g1,Scenario_2
18.0,15204,8.53903,-0.0694,0.51845,-0.494,0.15735,2.83323,visitors_g1,Scenario_2
18.4,15204,8.31687,-0.01028,0.57474,-0.55541,0.1478,2.8815,visitors_g1,Scenario_2
18.8,15204,7.97111,0.01939,0.86757,-0.86439,0.07419,3.05597,visitors_g1,Scenario_2
19.2,15204,7.54568,0.08182,1.07496,-1.06357,0.15607,2.99589,visitors_g1,Scenario_2
19.6,15204,7.07389,0.17821,1.20385,-1.17948,0.24098,2.94006,visitors_g1,Scenario_2
20.0,15204,6.53305,0.21843,1.35584,-1.3521,0.10053,3.06738,visitors_g1,Scenario_2
20.4,15204,5.97029,0.26108,1.41093,-1.4069,0.10663,3.06595,visitors_g1,Scenario_2
20.8,15204,5.43439,0.30902,1.3451,-1.33975,0.11985,3.05238,visitors_g1,Scenario_2
21.2,15204,4.9171,0.31412,1.29328,-1.29322,0.01277,3.13172,visitors_g1,Scenario_2
21.6,15204,4.3911,0.35202,1.3184,-1.31499,0.09475,3.06966,visitors_g1,Scenario_2
22.0,15204,3.83525,0.41273,1.39791,-1.38965,0.15178,3.0328,visitors_g1,Scenario_2
22.4,15204,3.27834,0.48423,1.40368,-1.39226,0.17873,3.01392,visitors_g1,Scenario_2
22.8,15204,2.77866,0.64438,1.31181,-1.24921,0.40039,2.83142,visitors_g1,Scenario_2
23.2,15204,2.28242,0.87589,1.36896,-1.24061,0.57876,2.70509,visitors_g1,Scenario_2
23.6,15204,1.84069,1.15551,1.30697,-1.10432,0.69905,2.57725,visitors_g1,Scenario_2
24.0,15204,1.49156,1.52893,1.27804,-0.87283,0.93357,2.32258,visitors_g1,Scenario_2
24.4,15204,1.1412,1.92284,1.31793,-0.87589,0.98477,2.29775,visitors_g1,Scenario_2
193.2,15281,4.44372,-0.22634,0.0,0.0,0.0,0.0,visitors_g1,Scenario_2
193.6,15281,4.91638,-0.19008,1.18512,1.18165,0.09065,0.07657,visitors_g1,Scenario_2
194.0,15281,5.40299,-0.1637,1.21831,1.21652,0.06594,0.05415,visitors_g1,Scenario_2
194.4,15281,5.88888,-0.10803,1.22268,1.21473,0.13917,0.11408,visitors_g1,Scenario_2
194.8,15281,6.3766,-0.05782,1.22573,1.21928,0.12553,0.1026,visitors_g1,Scenario_2
195.2,15281,6.83437,-0.1104,1.15195,1.14442,-0.13144,-0.11435,visitors_g1,Scenario_2
195.6,15281,7.26194,-0.20392,1.0942,1.06892,-0.23381,-0.21534,visitors_g1,Scenario_2
196.0,15281,7.65353,-0.27241,0.99385,0.97899,-0.17122,-0.17315,visitors_g1,Scenario_2
196.4,15281,7.94014,-0.29726,0.71922,0.71653,-0.06213,-0.0865,visitors_g1,Scenario_2
196.8,15281,8.10066,-0.27438,0.40534,0.40128,0.05719,0.14158,visitors_g1,Scenario_2
197.2,15281,8.16072,-0.25165,0.16056,0.15017,0.05683,0.3618,visitors_g1,Scenario_2
197.6,15281,8.17785,-0.24616,0.04498,0.04283,0.01373,0.31034,visitors_g1,Scenario_2
198.0,15281,8.18377,-0.24528,0.01496,0.0148,0.00219,0.14719,visitors_g1,Scenario_2
198.4,15281,8.18615,-0.24475,0.00608,0.00594,0.00132,0.2194,visitors_g1,Scenario_2
198.8,15281,8.19037,-0.23864,0.01857,0.01055,0.01529,0.96687,visitors_g1,Scenario_2
199.2,15281,8.20055,-0.23326,0.0288,0.02546,0.01345,0.48588,visitors_g1,Scenario_2
199.6,15281,8.21366,-0.23433,0.03288,0.03278,-0.00268,-0.08147,visitors_g1,Scenario_2
200.0,15281,8.2315,-0.24131,0.0479,0.0446,-0.01746,-0.37305,visitors_g1,Scenario_2
200.4,15281,8.25478,-0.22005,0.07882,0.05819,0.05316,0.74024,visitors_g1,Scenario_2
200.8,15281,8.29638,-0.13533,0.23594,0.104,0.21178,1.11433,visitors_g1,Scenario_2
166.0,15145,5.97627,0.25122,0.0,0.0,0.0,0.0,visitors_g1,Scenario_2
166.4,15145,6.45429,0.25246,1.19506,1.19505,0.00309,0.00259,visitors_g1,Scenario_2
166.8,15145,6.92685,0.2436,1.18161,1.1814,-0.02216,-0.01876,visitors_g1,Scenario_2
167.2,15145,7.3928,0.19914,1.17015,1.16486,-0.11114,-0.09512,visitors_g1,Scenario_2
167.6,15145,7.84498,0.16067,1.13454,1.13046,-0.09617,-0.08487,visitors_g1,Scenario_2
168.0,15145,8.28274,0.1262,1.09779,1.0944,-0.08618,-0.07858,visitors_g1,Scenario_2
168.4,15145,8.70579,0.03124,1.08394,1.05762,-0.23741,-0.22082,visitors_g1,Scenario_2
168.8,15145,9.0215,-0.07375,0.83177,0.78927,-0.26246,-0.32104,visitors_g1,Scenario_2
169.2,15145,9.14077,-0.12384,0.32341,0.29818,-0.12523,-0.3976,visitors_g1,Scenario_2
169.6,15145,9.14213,-0.1119,0.03005,0.0034,0.02985,1.45728,visitors_g1,Scenario_2
170.0,15145,9.10433,-0.06478,0.15101,-0.09449,0.11779,2.24687,visitors_g1,Scenario_2
170.4,15145,9.05893,-0.02839,0.14547,-0.11351,0.09098,2.46595,visitors_g1,Scenario_2
170.8,15145,9.04966,-0.03333,0.02626,-0.02317,-0.01235,-2.65189,visitors_g1,Scenario_2
171.2,15145,9.07036,-0.08531,0.13986,0.05174,-0.12994,-1.19183,visitors_g1,Scenario_2
171.6,15145,9.09542,-0.08874,0.06325,0.06267,-0.00859,-0.13623,visitors_g1,Scenario_2
172.0,15145,9.08213,0.00966,0.24824,-0.03323,0.24601,1.70505,visitors_g1,Scenario_2
172.4,15145,8.95726,0.13998,0.45122,-0.31219,0.32579,2.33487,visitors_g1,Scenario_2
172.8,15145,8.69468,0.24824,0.71005,-0.65644,0.27066,2.75052,visitors_g1,Scenario_2
173.2,15145,8.28535,0.28176,1.02676,-1.02333,0.08381,3.05988,visitors_g1,Scenario_2
173.6,15145,7.81346,0.27326,1.17992,-1.17972,-0.02127,-3.12357,visitors_g1,Scenario_2
228.0,15201,-6.35898,2.83707,0.0,0.0,0.0,0.0,visitors_g1,Scenario_2
228.4,15201,-6.33484,2.85076,0.06938,0.06034,0.03424,0.51612,visitors_g1,Scenario_2
228.8,15201,-6.16357,2.8279,0.43198,0.42818,-0.05717,-0.13273,visitors_g1,Scenario_2
229.2,15201,-5.81825,2.73105,0.89659,0.86329,-0.24211,-0.27343,visitors_g1,Scenario_2
229.6,15201,-5.38609,2.58644,1.1393,1.08041,-0.36153,-0.32291,visitors_g1,Scenario_2
230.0,15201,-4.87496,2.53833,1.28346,1.27781,-0.12026,-0.09384,visitors_g1,Scenario_2
230.4,15201,-4.2902,2.56675,1.46363,1.46191,0.07106,0.04857,visitors_g1,Scenario_2
230.8,15201,-3.69766,2.55928,1.48147,1.48135,-0.0187,-0.01262,visitors_g1,Scenario_2
231.2,15201,-3.14072,2.57083,1.39264,1.39234,0.02889,0.02075,visitors_g1,Scenario_2
231.6,15201,-2.63037,2.57337,1.27591,1.27589,0.00636,0.00498,visitors_g1,Scenario_2
232.0,15201,-2.14874,2.56144,1.20443,1.20406,-0.02983,-0.02477,visitors_g1,Scenario_2
232.4,15201,-1.65902,2.55376,1.22445,1.2243,-0.0192,-0.01568,visitors_g1,Scenario_2
232.8,15201,-1.18708,2.48791,1.1913,1.17987,-0.16462,-0.13863,visitors_g1,Scenario_2
233.2,15201,-0.71915,2.45747,1.17228,1.16981,-0.07611,-0.06497,visitors_g1,Scenario_2
233.6,15201,-0.22002,2.4539,1.24787,1.24784,-0.00891,-0.00714,visitors_g1,Scenario_2
234.0,15201,0.32226,2.38356,1.36705,1.35569,-0.17585,-0.12899,visitors_g1,Scenario_2
234.4,15201,0.91438,2.34953,1.48274,1.4803,-0.08507,-0.0574,visitors_g1,Scenario_2
234.8,15201,1.52194,2.32429,1.52021,1.5189,-0.06311,-0.04152,visitors_g1,Scenario_2
235.2,15201,2.13801,2.30003,1.54136,1.54017,-0.06065,-0.03936,visitors_g1,Scenario_2
235.6,15201,2.77245,2.31644,1.58664,1.58611,0.04102,0.02586,visitors_g1,Scenario_2
151.2,15220,-4.37636,0.15262,0.0,0.0,0.0,0.0,visitors_g1,Scenario_2
151.6,15220,-3.95558,0.39914,1.21918,1.05195,0.61629,0.52996,visitors_g1,Scenario_2
152.0,15220,-3.54201,0.63519,1.1905,1.03393,0.59014,0.51865,visitors_g1,Scenario_2
152.4,15220,-3.18031,0.91311,1.14035,0.90424,0.69479,0.65515,visitors_g1,Scenario_2
152.8,15220,-2.8161,1.14607,1.08086,0.91052,0.58241,0.56906,visitors_g1,Scenario_2
153.2,15220,-2.51319,1.3096,0.86059,0.75729,0.40881,0.495,visitors_g1,Scenario_2
153.6,15220,-2.3552,1.43541,0.5049,0.39496,0.31453,0.67252,visitors_g1,Scenario_2
154.0,15220,-2.26077,1.48974,0.27235,0.23606,0.13583,0.52214,visitors_g1,Scenario_2
154.4,15220,-2.14086,1.52207,0.3105,0.2998,0.08081,0.26331,visitors_g1,Scenario_2
154.8,15220,-1.94478,1.65227,0.58841,0.49018,0.32549,0.58617,visitors_g1,Scenario_2
155.2,15220,-1.67899,1.85481,0.83543,0.66449,0.50637,0.65116,visitors_g1,Scenario_2
155.6,15220,-1.34882,2.0123,0.91452,0.82543,0.39372,0.44507,visitors_g1,Scenario_2
156.0,15220,-0.98909,2.16204,0.97412,0.89932,0.37435,0.39444,visitors_g1,Scenario_2
156.4,15220,-0.68107,2.35439,0.90785,0.77004,0.48086,0.55821,visitors_g1,Scenario_2
156.8,15220,-0.4265,2.46439,0.6933,0.63642,0.27502,0.4079,visitors_g1,Scenario_2
157.2,15220,-0.26757,2.46921,0.39752,0.39734,0.01205,0.03032,visitors_g1,Scenario_2
157.6,15220,-0.22031,2.48159,0.12214,0.11816,0.03094,0.25615,visitors_g1,Scenario_2
158.0,15220,-0.21746,2.50923,0.06947,0.00712,0.06911,1.4681,visitors_g1,Scenario_2
158.4,15220,-0.22909,2.47366,0.09356,-0.02908,-0.08893,-1.88682,visitors_g1,Scenario_2
158.8,15220,-0.23786,2.31794,0.38992,-0.02193,-0.3893,-1.62707,visitors_g1,Scenario_2
172.8,15123,-3.11097,-2.32834,0.0,0.0,0.0,0.0,visitors_g1,Scenario_2
173.2,15123,-3.6447,-2.46015,1.37441,-1.33432,-0.32954,-2.89946,visitors_g1,Scenario_2
173.6,15123,-4.17425,-2.54201,1.33961,-1.32389,-0.20465,-2.98823,visitors_g1,Scenario_2
174.0,15123,-4.68587,-2.69815,1.33728,-1.27904,-0.39034,-2.84539,visitors_g1,Scenario_2
174.4,15123,-5.1738,-2.82636,1.26125,-1.21984,-0.32053,-2.88463,visitors_g1,Scenario_2
174.8,15123,-5.63685,-2.93231,1.18753,-1.15761,-0.26488,-2.91665,visitors_g1,Scenario_2
175.2,15123,-6.08491,-3.13198,1.22634,-1.12016,-0.49916,-2.72239,visitors_g1,Scenario_2
175.6,15123,-6.36295,-3.26023,0.76547,-0.69508,-0.32063,-2.7094,visitors_g1,Scenario_2
176.0,15123,-6.43758,-3.25992,0.18658,-0.18657,0.00077,3.13747,visitors_g1,Scenario_2
176.4,15123,-6.47466,-3.24682,0.09832,-0.0927,0.03276,2.80192,visitors_g1,Scenario_2
176.8,15123,-6.51174,-3.23371,0.09832,-0.0927,0.03276,2.80192,visitors_g1,Scenario_2
177.2,15123,-6.54882,-3.22061,0.09832,-0.0927,0.03276,2.80192,visitors_g1,Scenario_2
177.6,15123,-6.5859,-3.20751,0.09832,-0.0927,0.03276,2.80192,visitors_g1,Scenario_2
178.0,15123,-6.62298,-3.19441,0.09832,-0.0927,0.03276,2.80192,visitors_g1,Scenario_2
178.4,15123,-6.66006,-3.1813,0.09832,-0.0927,0.03276,2.80192,visitors_g1,Scenario_2
178.8,15123,-6.69714,-3.1682,0.09832,-0.0927,0.03276,2.80192,visitors_g1,Scenario_2
179.2,15123,-6.73422,-3.1551,0.09832,-0.0927,0.03276,2.80192,visitors_g1,Scenario_2
179.6,15123,-6.74416,-3.11438,0.10478,-0.02484,0.10179,1.81014,visitors_g1,Scenario_2
180.0,15123,-6.66674,-2.88132,0.61396,0.19355,0.58265,1.25008,visitors_g1,Scenario_2
180.4,15123,-6.48748,-2.48465,1.08823,0.44814,0.99167,1.14636,visitors_g1,Scenario_2
146.4,15121,-6.74054,-2.97717,0.0,0.0,0.0,0.0,visitors_g1,Scenario_2
146.8,15121,-6.67867,-2.83179,0.395,0.15469,0.36345,1.1684,visitors_g1,Scenario_2
147.2,15121,-6.41674,-2.53605,0.98765,0.65483,0.73936,0.84595,visitors_g1,Scenario_2
147.6,15121,-6.19138,-2.15892,1.09832,0.56339,0.94281,1.03217,visitors_g1,Scenario_2
148.0,15121,-6.01738,-1.75169,1.10714,0.43501,1.01809,1.16699,visitors_g1,Scenario_2
148.4,15121,-5.74178,-1.35195,1.21384,0.68899,0.99935,0.96719,visitors_g1,Scenario_2
148.8,15121,-5.42601,-0.91111,1.35564,0.78942,1.10208,0.94922,visitors_g1,Scenario_2
149.2,15121,-5.06186,-0.53242,1.31343,0.91038,0.94674,0.80498,visitors_g1,Scenario_2
149.6,15121,-4.62532,-0.26272,1.28283,1.09135,0.67424,0.55341,visitors_g1,Scenario_2
150.0,15121,-4.18971,0.04455,1.33268,1.08901,0.76816,0.61432,visitors_g1,Scenario_2
150.4,15121,-3.73127,0.32401,1.34228,1.14611,0.69867,0.54745,visitors_g1,Scenario_2
150.8,15121,-3.24054,0.54642,1.34694,1.22681,0.55602,0.42553,visitors_g1,Scenario_2
151.2,15121,-2.74395,0.82383,1.42205,1.24148,0.69351,0.50943,visitors_g1,Scenario_2
151.6,15121,-2.23244,1.00749,1.35871,1.27878,0.45916,0.34473,visitors_g1,Scenario_2
152.0,15121,-1.7139,1.10404,1.31862,1.29634,0.24138,0.18409,visitors_g1,Scenario_2
152.4,15121,-1.19119,1.26106,1.36448,1.30679,0.39254,0.29181,visitors_g1,Scenario_2
152.8,15121,-0.64376,1.40758,1.41674,1.36857,0.3663,0.26152,visitors_g1,Scenario_2
153.2,15121,-0.09073,1.53654,1.41967,1.38258,0.3224,0.22909,visitors_g1,Scenario_2
153.6,15121,0.45098,1.65449,1.386,1.35427,0.29488,0.2144,visitors_g1,Scenario_2
154.0,15121,1.00064,1.67732,1.37534,1.37416,0.05707,0.04151,visitors_g1,Scenario_2
165.6,15166,5.4986,-0.24458,0.0,0.0,0.0,0.0,visitors_g1,Scenario_2
166.0,15166,5.9917,-0.26444,1.23375,1.23275,-0.04966,-0.04026,visitors_g1,Scenario_2
166.4,15166,6.50585,-0.26374,1.28538,1.28538,0.00175,0.00136,visitors_g1,Scenario_2
166.8,15166,6.99252,-0.2154,1.22267,1.21669,0.12085,0.099,visitors_g1,Scenario_2
167.2,15166,7.4435,-0.23262,1.12826,1.12744,-0.04304,-0.03816,visitors_g1,Scenario_2
167.6,15166,7.85712,-0.26362,1.03695,1.03405,-0.0775,-0.07481,visitors_g1,Scenario_2
168.0,15166,8.22299,-0.2816,0.91578,0.91468,-0.04496,-0.04911,visitors_g1,Scenario_2
168.4,15166,8.537,-0.35828,0.8081,0.78503,-0.19171,-0.23952,visitors_g1,Scenario_2
168.8,15166,8.75899,-0.40522,0.56723,0.55496,-0.11735,-0.20838,visitors_g1,Scenario_2
169.2,15166,8.87893,-0.36993,0.31257,0.29987,0.08823,0.28615,visitors_g1,Scenario_2
169.6,15166,8.92521,-0.32836,0.15553,0.1157,0.10393,0.73184,visitors_g1,Scenario_2
170.0,15166,8.91644,-0.30086,0.07217,-0.02195,0.06876,1.87975,visitors_g1,Scenario_2
170.4,15166,8.86666,-0.26709,0.15038,-0.12444,0.08443,2.54545,visitors_g1,Scenario_2
170.8,15166,8.79114,-0.30969,0.21678,-0.18881,-0.10652,-2.62793,visitors_g1,Scenario_2
171.2,15166,8.82454,-0.44833,0.3565,0.08351,-0.34658,-1.33436,visitors_g1,Scenario_2
171.6,15166,8.90443,-0.53456,0.29389,0.19973,-0.21558,-0.82355,visitors_g1,Scenario_2
172.0,15166,8.80321,-0.53828,0.25322,-0.25305,-0.00931,-3.10481,visitors_g1,Scenario_2
172.4,15166,8.52807,-0.53534,0.6879,-0.68786,0.00736,3.1309,visitors_g1,Scenario_2
172.8,15166,8.20602,-0.47885,0.81742,-0.80513,0.14122,2.96796,visitors_g1,Scenario_2
173.2,15166,7.86694,-0.38604,0.87887,-0.84769,0.23203,2.87442,visitors_g1,Scenario_2
50.8,15086,-1.12959,2.68096,0.0,0.0,0.0,0.0,visitors_g1,Scenario_2
51.2,15086,-1.3685,2.41116,0.90095,-0.59728,-0.67452,-2.29554,visitors_g1,Scenario_2
51.6,15086,-1.78783,2.1906,1.1845,-1.04834,-0.5514,-2.65738,visitors_g1,Scenario_2
52.0,15086,-2.25198,1.97316,1.28139,-1.16038,-0.54359,-2.70349,visitors_g1,Scenario_2
52.4,15086,-2.76515,1.77467,1.37555,-1.28292,-0.49623,-2.77252,visitors_g1,Scenario_2
52.8,15086,-3.34928,1.56618,1.55055,-1.46032,-0.52122,-2.79877,visitors_g1,Scenario_2
53.2,15086,-3.93007,1.31393,1.58301,-1.45198,-0.63062,-2.73186,visitors_g1,Scenario_2
53.6,15086,-4.48802,1.06751,1.52485,-1.39486,-0.61607,-2.72568,visitors_g1,Scenario_2
54.0,15086,-4.99805,0.76585,1.4814,-1.27507,-0.75415,-2.60748,visitors_g1,Scenario_2
54.4,15086,-5.49309,0.42184,1.5071,-1.23762,-0.86003,-2.53429,visitors_g1,Scenario_2
54.8,15086,-5.97437,0.0344,1.54462,-1.20319,-0.9686,-2.4638,visitors_g1,Scenario_2
55.2,15086,-6.3901,-0.43802,1.57323,-1.03932,-1.18104,-2.29245,visitors_g1,Scenario_2
55.6,15086,-6.78188,-0.93052,1.57332,-0.97946,-1.23125,-2.24278,visitors_g1,Scenario_2
56.0,15086,-7.08895,-1.43594,1.47846,-0.76767,-1.26354,-2.11675,visitors_g1,Scenario_2
56.4,15086,-7.28678,-2.00034,1.49518,-0.49457,-1.41101,-1.90793,visitors_g1,Scenario_2
56.8,15086,-7.45706,-2.58962,1.53345,-0.42569,-1.47318,-1.8521,visitors_g1,Scenario_2
57.2,15086,-7.55123,-2.9254,0.87184,-0.23544,-0.83945,-1.84424,visitors_g1,Scenario_2
57.6,15086,-7.59398,-2.97531,0.16429,-0.10686,-0.12479,-2.27894,visitors_g1,Scenario_2
58.0,15086,-7.66265,-2.9763,0.17171,-0.17169,-0.00247,-3.12718,visitors_g1,Scenario_2
58.4,15086,-7.67426,-2.96295,0.04424,-0.02903,0.03339,2.28639,visitors_g1,Scenario_2
100.8,15242,0.97551,-2.12377,0.0,0.0,0.0,0.0,visitors_g1,Scenario_2
101.2,15242,1.45207,-2.0009,1.23035,1.19139,0.30718,0.25234,visitors_g1,Scenario_2
101.6,15242,1.94165,-1.89815,1.2506,1.22394,0.25687,0.20687,visitors_g1,Scenario_2
102.0,15242,2.42013,-1.72188,1.2748,1.19621,0.44069,0.35298,visitors_g1,Scenario_2
102.4,15242,2.88159,-1.52549,1.25379,1.15366,0.49097,0.40236,visitors_g1,Scenario_2
102.8,15242,3.33366,-1.37839,1.18849,1.13016,0.36775,0.31459,visitors_g1,Scenario_2
103.2,15242,3.79396,-1.1829,1.25024,1.15076,0.48873,0.40162,visitors_g1,Scenario_2
103.6,15242,4.30314,-1.04507,1.31876,1.27295,0.34458,0.26436,visitors_g1,Scenario_2
104.0,15242,4.82555,-0.96674,1.32063,1.30603,0.19583,0.14884,visitors_g1,Scenario_2
104.4,15242,5.33146,-0.89159,1.27864,1.26476,0.18786,0.14745,visitors_g1,Scenario_2
104.8,15242,5.85172,-0.89053,1.30066,1.30065,0.00267,0.00205,visitors_g1,Scenario_2
105.2,15242,6.37418,-0.85662,1.30889,1.30615,0.08476,0.0648,visitors_g1,Scenario_2
105.6,15242,6.89115,-0.8256,1.29476,1.29244,0.07755,0.05993,visitors_g1,Scenario_2
106.0,15242,7.41154,-0.84909,1.30228,1.30096,-0.05871,-0.0451,visitors_g1,Scenario_2
106.4,15242,7.94491,-0.79996,1.33908,1.33344,0.12282,0.09185,visitors_g1,Scenario_2
106.8,15242,8.53336,-0.74116,1.47843,1.47111,0.14699,0.09958,visitors_g1,Scenario_2
107.2,15242,9.01298,-0.71396,1.20098,1.19906,0.06801,0.05666,visitors_g1,Scenario_2
107.6,15242,9.1888,-0.69958,0.44103,0.43956,0.03595,0.0816,visitors_g1,Scenario_2
108.0,15242,9.19551,-0.70562,0.02256,0.01676,-0.0151,-0.73346,visitors_g1,Scenario_2
108.4,15242,9.18106,-0.70305,0.0367,-0.03613,0.00643,2.96537,visitors_g1,Scenario_2
17.2,15082,7.7819,1.87778,0.0,0.0,0.0,0.0,visitors_g1,Scenario_2
17.6,15082,8.16218,2.23992,1.3128,0.95068,0.90534,0.76098,visitors_g1,Scenario_2
18.0,15082,8.32543,2.42239,0.6121,0.40813,0.45618,0.84094,visitors_g1,Scenario_2
18.4,15082,8.26688,2.45146,0.16342,-0.14637,0.07267,2.68075,visitors_g1,Scenario_2
18.8,15082,8.20833,2.48053,0.16342,-0.14637,0.07267,2.68075,visitors_g1,Scenario_2
19.2,15082,8.14978,2.5096,0.16342,-0.14637,0.07267,2.68075,visitors_g1,Scenario_2
19.6,15082,8.09124,2.53867,0.16342,-0.14637,0.07267,2.68075,visitors_g1,Scenario_2
20.0,15082,8.03269,2.56774,0.16342,-0.14637,0.07267,2.68075,visitors_g1,Scenario_2
20.4,15082,7.97414,2.59681,0.16342,-0.14637,0.07267,2.68075,visitors_g1,Scenario_2
20.8,15082,7.91559,2.62587,0.16342,-0.14637,0.07267,2.68075,visitors_g1,Scenario_2
21.2,15082,7.85705,2.65494,0.16342,-0.14637,0.07267,2.68075,visitors_g1,Scenario_2
21.6,15082,7.7985,2.68401,0.16342,-0.14637,0.07267,2.68075,visitors_g1,Scenario_2
22.0,15082,7.73995,2.71308,0.16342,-0.14637,0.07267,2.68075,visitors_g1,Scenario_2
22.4,15082,7.6814,2.74215,0.16342,-0.14637,0.07267,2.68075,visitors_g1,Scenario_2
22.8,15082,7.50006,2.69123,0.47089,-0.45335,-0.12731,-2.86782,visitors_g1,Scenario_2
23.2,15082,7.09666,2.48977,1.12728,-1.00852,-0.50365,-2.67843,visitors_g1,Scenario_2
23.6,15082,6.63959,2.19285,1.36261,-1.14266,-0.7423,-2.56548,visitors_g1,Scenario_2
24.0,15082,6.21693,1.90918,1.27258,-1.05667,-0.70917,-2.55051,visitors_g1,Scenario_2
24.4,15082,5.7762,1.66307,1.26196,-1.10181,-0.61528,-2.6323,visitors_g1,Scenario_2
24.8,15082,5.35091,1.38082,1.27608,-1.06324,-0.70562,-2.55568,visitors_g1,Scenario_2
8.4,15129,-4.27271,1.69054,0.0,0.0,0.0,0.0,visitors_g1,Scenario_2
8.8,15129,-4.67399,1.5023,1.10809,-1.0032,-0.47058,-2.70298,visitors_g1,Scenario_2
9.2,15129,-4.99859,1.37552,0.87121,-0.8115,-0.31696,-2.76923,visitors_g1,Scenario_2
9.6,15129,-5.2772,1.24695,0.76712,-0.69653,-0.32142,-2.70926,visitors_g1,Scenario_2
10.0,15129,-5.61908,1.08006,0.95109,-0.85469,-0.41723,-2.68745,visitors_g1,Scenario_2
10.4,15129,-6.00484,0.92499,1.03941,-0.96441,-0.38765,-2.7594,visitors_g1,Scenario_2
10.8,15129,-6.39484,0.83058,1.00316,-0.97499,-0.23603,-2.90408,visitors_g1,Scenario_2
11.2,15129,-6.78369,0.78015,0.98026,-0.97212,-0.12608,-3.01262,visitors_g1,Scenario_2
11.6,15129,-7.14161,0.73169,0.90297,-0.89481,-0.12115,-3.00702,visitors_g1,Scenario_2
12.0,15129,-7.48239,0.76482,0.85596,-0.85194,0.08281,3.0447,visitors_g1,Scenario_2
12.4,15129,-7.78457,0.8305,0.77309,-0.75545,0.16419,2.92758,visitors_g1,Scenario_2
12.8,15129,-7.97239,0.84105,0.47029,-0.46955,0.02638,3.08547,visitors_g1,Scenario_2
13.2,15129,-8.05263,0.85629,0.20419,-0.2006,0.0381,2.95391,visitors_g1,Scenario_2
13.6,15129,-8.08353,0.87753,0.09374,-0.07724,0.05311,2.53927,visitors_g1,Scenario_2
14.0,15129,-8.10899,0.88459,0.06606,-0.06365,0.01766,2.87093,visitors_g1,Scenario_2
14.4,15129,-8.12582,0.88491,0.04209,-0.04209,0.0008,3.12268,visitors_g1,Scenario_2
14.8,15129,-8.10932,0.88762,0.0418,0.04125,0.00678,0.1629,visitors_g1,Scenario_2
15.2,15129,-8.04236,0.79701,0.28169,0.16741,-0.22655,-0.93441,visitors_g1,Scenario_2
15.6,15129,-8.1629,0.74339,0.32982,-0.30135,-0.13405,-2.72304,visitors_g1,Scenario_2
16.0,15129,-8.38135,0.8109,0.57162,-0.54613,0.16878,2.84185,visitors_g1,Scenario_2
106.8,15159,-1.56654,1.76808,0.0,0.0,0.0,0.0,visitors_g1,Scenario_2
107.2,15159,-2.04483,1.7216,1.20136,-1.19573,-0.11619,-3.04472,visitors_g1,Scenario_2
107.6,15159,-2.56049,1.6242,1.31194,-1.28914,-0.24349,-2.95492,visitors_g1,Scenario_2
108.0,15159,-3.0564,1.53105,1.26147,-1.23979,-0.23287,-2.95592,visitors_g1,Scenario_2
108.4,15159,-3.52932,1.37167,1.24763,-1.18229,-0.39847,-2.81652,visitors_g1,Scenario_2
108.8,15159,-4.03325,1.2262,1.31128,-1.25984,-0.36368,-2.86057,visitors_g1,Scenario_2
109.2,15159,-4.53093,1.07541,1.30005,-1.2442,-0.37697,-2.8474,visitors_g1,Scenario_2
109.6,15159,-4.97945,0.89202,1.21141,-1.1213,-0.45848,-2.75346,visitors_g1,Scenario_2
110.0,15159,-5.45162,0.73932,1.24062,-1.18043,-0.38173,-2.82882,visitors_g1,Scenario_2
110.4,15159,-5.92626,0.5702,1.25968,-1.1866,-0.42281,-2.7993,visitors_g1,Scenario_2
110.8,15159,-6.37589,0.4151,1.18907,-1.12407,-0.38776,-2.80941,visitors_g1,Scenario_2
111.2,15159,-6.8212,0.31748,1.1397,-1.11326,-0.24403,-2.9258,visitors_g1,Scenario_2
111.6,15159,-7.2469,0.19251,1.10917,-1.06426,-0.31245,-2.85603,visitors_g1,Scenario_2
112.0,15159,-7.65883,0.09449,1.05857,-1.02982,-0.24504,-2.90799,visitors_g1,Scenario_2
112.4,15159,-8.04714,0.05867,0.97491,-0.97079,-0.08954,-3.04962,visitors_g1,Scenario_2
112.8,15159,-8.36961,-0.00699,0.82271,-0.80617,-0.16415,-2.94072,visitors_g1,Scenario_2
113.2,15159,-8.59038,-0.01524,0.55233,-0.55194,-0.02064,-3.10421,visitors_g1,Scenario_2
113.6,15159,-8.7053,0.14266,0.48825,-0.2873,0.39477,2.19992,visitors_g1,Scenario_2
114.0,15159,-8.77857,0.40904,0.69067,-0.18318,0.66593,1.83923,visitors_g1,Scenario_2
114.4,15159,-8.81665,0.55171,0.36916,-0.09519,0.35667,1.83159,visitors_g1,Scenario_2
175.6,15073,-4.56388,0.31852,0.0,0.0,0.0,0.0,visitors_g1,Scenario_2
176.0,15073,-5.08961,0.26437,1.32127,-1.31432,-0.13538,-3.03895,visitors_g1,Scenario_2
176.4,15073,-5.56599,0.24725,1.19172,-1.19095,-0.04281,-3.10566,visitors_g1,Scenario_2
176.8,15073,-6.02591,0.24919,1.1498,-1.14979,0.00487,3.13736,visitors_g1,Scenario_2
177.2,15073,-6.49177,0.23181,1.16546,-1.16465,-0.04347,-3.10428,visitors_g1,Scenario_2
177.6,15073,-6.94996,0.24723,1.14612,-1.14547,0.03857,3.10793,visitors_g1,Scenario_2
178.0,15073,-7.35459,0.26352,1.01241,-1.01159,0.04071,3.10137,visitors_g1,Scenario_2
178.4,15073,-7.70445,0.23494,0.87755,-0.87464,-0.07144,-3.0601,visitors_g1,Scenario_2
178.8,15073,-8.00575,0.19325,0.76043,-0.75325,-0.10423,-3.00409,visitors_g1,Scenario_2
179.2,15073,-8.20042,0.14572,0.50097,-0.48667,-0.11884,-2.9021,visitors_g1,Scenario_2
179.6,15073,-8.28405,0.11955,0.21909,-0.20909,-0.06542,-2.83837,visitors_g1,Scenario_2
180.0,15073,-8.3481,0.16644,0.19844,-0.16012,0.11722,2.50967,visitors_g1,Scenario_2
180.4,15073,-8.38037,0.26477,0.25873,-0.08067,0.24583,1.88788,visitors_g1,Scenario_2
180.8,15073,-8.28472,0.3941,0.40215,0.23913,0.32333,0.93399,visitors_g1,Scenario_2
181.2,15073,-8.03118,0.51168,0.69871,0.63386,0.29396,0.43424,visitors_g1,Scenario_2
181.6,15073,-7.62249,0.63266,1.06553,1.02171,0.30244,0.2878,visitors_g1,Scenario_2
182.0,15073,-7.13697,0.80236,1.28582,1.21381,0.42424,0.33624,visitors_g1,Scenario_2
182.4,15073,-6.63656,0.97037,1.31964,1.25101,0.42002,0.32392,visitors_g1,Scenario_2
182.8,15073,-6.14107,1.13758,1.30737,1.23873,0.41804,0.32548,visitors_g1,Scenario_2
183.2,15073,-5.66244,1.29667,1.26095,1.19658,0.39772,0.32089,visitors_g1,Scenario_2
98.0,15038,7.80237,1.72826,0.0,0.0,0.0,0.0,visitors_g1,Scenario_2
98.4,15038,7.74275,1.68736,0.18076,-0.14906,-0.10226,-2.54032,visitors_g1,Scenario_2
98.8,15038,7.4723,1.52868,0.78391,-0.67614,-0.39668,-2.61102,visitors_g1,Scenario_2
99.2,15038,7.04298,1.27395,1.24801,-1.0733,-0.63683,-2.60608,visitors_g1,Scenario_2
99.6,15038,6.5872,1.00388,1.32445,-1.13944,-0.67517,-2.60667,visitors_g1,Scenario_2
100.0,15038,6.10325,0.77823,1.33494,-1.20988,-0.56414,-2.70529,visitors_g1,Scenario_2
100.4,15038,5.62504,0.56305,1.31097,-1.19552,-0.53794,-2.71877,visitors_g1,Scenario_2
100.8,15038,5.12925,0.33826,1.36093,-1.23948,-0.56198,-2.71592,visitors_g1,Scenario_2
101.2,15038,4.57761,0.14493,1.46135,-1.37911,-0.48333,-2.80451,visitors_g1,Scenario_2
101.6,15038,4.0355,-0.06019,1.44903,-1.35526,-0.5128,-2.77987,visitors_g1,Scenario_2
102.0,15038,3.52808,-0.30742,1.41114,-1.26857,-0.61809,-2.68821,visitors_g1,Scenario_2
102.4,15038,3.04437,-0.58599,1.39547,-1.20927,-0.69641,-2.61909,visitors_g1,Scenario_2
102.8,15038,2.59132,-0.89422,1.36989,-1.13262,-0.77057,-2.54418,visitors_g1,Scenario_2
103.2,15038,2.15932,-1.18321,1.29938,-1.08,-0.72249,-2.55199,visitors_g1,Scenario_2
103.6,15038,1.74621,-1.44234,1.21914,-1.03277,-0.64783,-2.58136,visitors_g1,Scenario_2
104.0,15038,1.36707,-1.72151,1.17708,-0.94786,-0.6979,-2.50692,visitors_g1,Scenario_2
104.4,15038,1.05631,-2.00321,1.0486,-0.7769,-0.70426,-2.4052,visitors_g1,Scenario_2
104.8,15038,0.85807,-2.23073,0.75442,-0.49559,-0.56881,-2.28751,visitors_g1,Scenario_2
105.2,15038,0.73406,-2.34317,0.4185,-0.31004,-0.28109,-2.40513,visitors_g1,Scenario_2
105.6,15038,0.59116,-2.3852,0.37238,-0.35725,-0.10507,-2.85554,visitors_g1,Scenario_2
117.6,15067,1.25544,-2.09208,0.0,0.0,0.0,0.0,visitors_g1,Scenario_2
118.0,15067,1.67756,-1.86712,1.1958,1.05531,0.56238,0.48962,visitors_g1,Scenario_2
118.4,15067,2.06391,-1.62256,1.14313,0.96588,0.61141,0.56434,visitors_g1,Scenario_2
118.8,15067,2.48497,-1.41985,1.16829,1.05265,0.50678,0.44868,visitors_g1,Scenario_2
119.2,15067,2.96194,-1.22809,1.28518,1.19241,0.4794,0.38226,visitors_g1,Scenario_2
119.6,15067,3.42124,-1.00739,1.27393,1.14825,0.55175,0.44794,visitors_g1,Scenario_2
120.0,15067,3.90181,-0.80921,1.29957,1.20143,0.49544,0.39113,visitors_g1,Scenario_2
120.4,15067,4.40516,-0.62771,1.33768,1.25836,0.45376,0.34608,visitors_g1,Scenario_2
120.8,15067,4.92735,-0.46552,1.367,1.30548,0.40548,0.30115,visitors_g1,Scenario_2
121.2,15067,5.47091,-0.29261,1.42601,1.35891,0.43227,0.30798,visitors_g1,Scenario_2
121.6,15067,6.00616,-0.04843,1.47078,1.33812,0.61044,0.42799,visitors_g1,Scenario_2
122.0,15067,6.50052,0.22338,1.41041,1.23591,0.67954,0.50272,visitors_g1,Scenario_2
122.4,15067,6.91889,0.53483,1.30392,1.04592,0.77862,0.63993,visitors_g1,Scenario_2
122.8,15067,7.27329,0.86583,1.21234,0.88602,0.8275,0.75126,visitors_g1,Scenario_2
123.2,15067,7.61869,1.19896,1.19966,0.86348,0.83282,0.76733,visitors_g1,Scenario_2
123.6,15067,7.98925,1.55626,1.28692,0.92642,0.89326,0.76718,visitors_g1,Scenario_2
124.0,15067,8.36935,1.91306,1.30332,0.95025,0.89199,0.75378,visitors_g1,Scenario_2
124.4,15067,8.63602,2.19661,0.97311,0.66667,0.70888,0.81608,visitors_g1,Scenario_2
124.8,15067,8.70959,2.298,0.31317,0.18393,0.25347,0.94307,visitors_g1,Scenario_2
125.2,15067,8.69459,2.28562,0.04862,-0.03749,-0.03096,-2.45136,visitors_g1,Scenario_2
0.0,15028,0.15497,-2.87019,0.0,0.0,0.0,0.0,visitors_g1,Scenario_2
0.4,15028,0.1471,-2.86008,0.03202,-0.01968,0.02526,2.23256,visitors_g1,Scenario_2
0.8,15028,0.11898,-2.84162,0.08411,-0.0703,0.04617,2.56052,visitors_g1,Scenario_2
1.2,15028,0.02062,-2.85596,0.24849,-0.24589,-0.03586,-2.99676,visitors_g1,Scenario_2
1.6,15028,-0.12473,-2.90838,0.38628,-0.36338,-0.13103,-2.79552,visitors_g1,Scenario_2
2.0,15028,-0.26537,-2.92159,0.35315,-0.3516,-0.03305,-3.04788,visitors_g1,Scenario_2
2.4,15028,-0.44239,-2.89063,0.44926,-0.44255,0.0774,2.96845,visitors_g1,Scenario_2
2.8,15028,-0.5733,-2.89217,0.32731,-0.32729,-0.00385,-3.12983,visitors_g1,Scenario_2
3.2,15028,-0.57193,-2.9134,0.05319,0.00344,-0.05307,-1.506,visitors_g1,Scenario_2
3.6,15028,-0.53686,-2.9301,0.09711,0.08768,-0.04175,-0.44443,visitors_g1,Scenario_2
4.0,15028,-0.54204,-2.98091,0.12766,-0.01297,-0.127,-1.67258,visitors_g1,Scenario_2
4.4,15028,-0.45259,-2.98703,0.22415,0.22363,-0.01532,-0.06841,visitors_g1,Scenario_2
4.8,15028,-0.24777,-2.86423,0.59704,0.51205,0.30702,0.54011,visitors_g1,Scenario_2
5.2,15028,-0.20531,-2.69617,0.43335,0.10615,0.42015,1.32332,visitors_g1,Scenario_2
5.6,15028,-0.47176,-2.55194,0.75746,-0.66614,0.36056,2.64548,visitors_g1,Scenario_2
6.0,15028,-0.90251,-2.39201,1.14871,-1.07687,0.39984,2.78607,visitors_g1,Scenario_2
6.4,15028,-1.36677,-2.26032,1.20644,-1.16065,0.32923,2.86519,visitors_g1,Scenario_2
6.8,15028,-1.86645,-2.2167,1.25394,-1.24919,0.10904,3.05452,visitors_g1,Scenario_2
7.2,15028,-2.35751,-2.20212,1.2282,-1.22766,0.03645,3.11191,visitors_g1,Scenario_2
7.6,15028,-2.83659,-2.23054,1.19981,-1.1977,-0.07106,-3.08234,visitors_g1,Scenario_2
42.0,15033,4.50393,-0.65322,0.0,0.0,0.0,0.0,visitors_g1,Scenario_2
42.4,15033,3.95187,-0.67233,1.38099,-1.38017,-0.04778,-3.10699,visitors_g1,Scenario_2
42.8,15033,3.39586,-0.7283,1.39704,-1.39002,-0.13991,-3.04128,visitors_g1,Scenario_2
43.2,15033,2.84525,-0.78528,1.38389,-1.37653,-0.14247,-3.03846,visitors_g1,Scenario_2
43.6,15033,2.31784,-0.8544,1.32979,-1.31852,-0.17279,-3.01129,visitors_g1,Scenario_2
44.0,15033,1.81658,-0.92037,1.26394,-1.25314,-0.16492,-3.01074,visitors_g1,Scenario_2
44.4,15033,1.30179,-0.95172,1.28937,-1.28699,-0.07837,-3.08077,visitors_g1,Scenario_2
44.8,15033,0.78094,-0.99484,1.30657,-1.30212,-0.10781,-3.05899,visitors_g1,Scenario_2
45.2,15033,0.27661,-1.0317,1.26419,-1.26083,-0.09216,-3.06863,visitors_g1,Scenario_2
45.6,15033,-0.25859,-1.03408,1.33801,-1.338,-0.00595,-3.13715,visitors_g1,Scenario_2
46.0,15033,-0.81482,-1.02062,1.39099,-1.39058,0.03365,3.1174,visitors_g1,Scenario_2
46.4,15033,-1.33612,-0.95197,1.3145,-1.30325,0.17164,3.01064,visitors_g1,Scenario_2
46.8,15033,-1.85691,-0.81973,1.3433,-1.30198,0.3306,2.89293,visitors_g1,Scenario_2
47.2,15033,-2.3858,-0.6696,1.37446,-1.32223,0.37533,2.86501,visitors_g1,Scenario_2
47.6,15033,-2.90139,-0.50704,1.35153,-1.28898,0.4064,2.83617,visitors_g1,Scenario_2
48.0,15033,-3.40075,-0.35695,1.30356,-1.2484,0.37521,2.84963,visitors_g1,Scenario_2
48.4,15033,-3.88669,-0.21344,1.26672,-1.21485,0.35879,2.85442,visitors_g1,Scenario_2
48.8,15033,-4.38841,-0.07092,1.30391,-1.25429,0.3563,2.86482,visitors_g1,Scenario_2
49.2,15033,-4.89463,-0.00505,1.27623,-1.26556,0.16466,3.01221,visitors_g1,Scenario_2
49.6,15033,-5.37065,-0.00827,1.19007,-1.19004,-0.00805,-3.13483,visitors_g1,Scenario_2
126.0,15273,-5.18041,-2.1447,0.0,0.0,0.0,0.0,visitors_g1,Scenario_2
126.4,15273,-5.58032,-2.12306,1.00125,-0.99979,0.05408,3.08755,visitors_g1,Scenario_2
126.8,15273,-5.96433,-2.1359,0.96056,-0.96003,-0.0321,-3.10817,visitors_g1,Scenario_2
127.2,15273,-6.30939,-2.11888,0.86369,-0.86264,0.04256,3.09229,visitors_g1,Scenario_2
127.6,15273,-6.60104,-2.12935,0.72959,-0.72912,-0.02618,-3.1057,visitors_g1,Scenario_2
128.0,15273,-6.83083,-2.18057,0.58859,-0.57449,-0.12805,-2.92229,visitors_g1,Scenario_2
128.4,15273,-7.01102,-2.20144,0.45349,-0.45048,-0.05217,-3.02629,visitors_g1,Scenario_2
128.8,15273,-7.13296,-2.19857,0.30492,-0.30483,0.00716,3.1181,visitors_g1,Scenario_2
129.2,15273,-7.17761,-2.19656,0.11173,-0.11162,0.00504,3.09647,visitors_g1,Scenario_2
129.6,15273,-7.17241,-2.18979,0.02133,0.01299,0.01692,0.91604,visitors_g1,Scenario_2
130.0,15273,-7.15572,-2.17807,0.05099,0.04173,0.02929,0.61206,visitors_g1,Scenario_2
130.4,15273,-7.14121,-2.1711,0.04025,0.03628,0.01743,0.44789,visitors_g1,Scenario_2
130.8,15273,-7.14846,-2.16813,0.01959,-0.01813,0.00743,2.75263,visitors_g1,Scenario_2
131.2,15273,-7.15536,-2.17687,0.02784,-0.01726,-0.02185,-2.23929,visitors_g1,Scenario_2
131.6,15273,-7.04634,-2.16332,0.27465,0.27255,0.03388,0.12366,visitors_g1,Scenario_2
132.0,15273,-6.79583,-2.08075,0.65942,0.62628,0.20642,0.31839,visitors_g1,Scenario_2
132.4,15273,-6.45925,-1.9248,0.92738,0.84145,0.38987,0.43389,visitors_g1,Scenario_2
132.8,15273,-6.11821,-1.65647,1.08486,0.8526,0.67081,0.66663,visitors_g1,Scenario_2
133.2,15273,-5.80458,-1.29698,1.19269,0.78407,0.89874,0.85344,visitors_g1,Scenario_2
133.6,15273,-5.49941,-0.94812,1.15874,0.76294,0.87213,0.85208,visitors_g1,Scenario_2
228.4,15149,-4.97624,-1.05272,0.0,0.0,0.0,0.0,visitors_g1,Scenario_2
228.8,15149,-4.82382,-0.93388,0.48319,0.38106,0.2971,0.66221,visitors_g1,Scenario_2
229.2,15149,-4.48627,-0.67477,1.06382,0.84387,0.64777,0.65468,visitors_g1,Scenario_2
229.6,15149,-4.10954,-0.40822,1.15372,0.94181,0.66638,0.61577,visitors_g1,Scenario_2
230.0,15149,-3.70951,-0.17594,1.15645,1.00007,0.5807,0.52608,visitors_g1,Scenario_2
230.4,15149,-3.29584,0.05381,1.18297,1.03418,0.57436,0.50696,visitors_g1,Scenario_2
230.8,15149,-2.87002,0.29106,1.21864,1.06455,0.59314,0.50834,visitors_g1,Scenario_2
231.2,15149,-2.42625,0.52027,1.24866,1.10942,0.57302,0.47677,visitors_g1,Scenario_2
231.6,15149,-2.0196,0.78831,1.2176,1.01663,0.67008,0.58276,visitors_g1,Scenario_2
232.0,15149,-1.65906,1.0946,1.1827,0.90135,0.76572,0.70422,visitors_g1,Scenario_2
232.4,15149,-1.30526,1.40001,1.16847,0.88449,0.76353,0.71213,visitors_g1,Scenario_2
232.8,15149,-0.97358,1.71031,1.13551,0.8292,0.77575,0.75211,visitors_g1,Scenario_2
233.2,15149,-0.64668,1.98966,1.07499,0.81725,0.69837,0.70712,visitors_g1,Scenario_2
233.6,15149,-0.32043,2.22964,1.01253,0.81564,0.59995,0.6342,visitors_g1,Scenario_2
234.0,15149,-0.06478,2.48562,0.90445,0.63913,0.63995,0.78604,visitors_g1,Scenario_2
234.4,15149,0.08599,2.66522,0.58624,0.37691,0.44901,0.87248,visitors_g1,Scenario_2
234.8,15149,0.09814,2.74448,0.20046,0.03038,0.19814,1.41864,visitors_g1,Scenario_2
235.2,15149,0.06226,2.82539,0.22126,-0.08971,0.20226,1.98828,visitors_g1,Scenario_2
235.6,15149,0.05771,2.88943,0.16052,-0.01136,0.16012,1.64162,visitors_g1,Scenario_2
236.0,15149,0.12966,2.89413,0.18024,0.17986,0.01174,0.06518,visitors_g1,Scenario_2
226.0,15079,1.50694,-0.25697,0.0,0.0,0.0,0.0,visitors_g1,Scenario_2
226.4,15079,1.95479,-0.40036,1.17561,1.11962,-0.35848,-0.30986,visitors_g1,Scenario_2
226.8,15079,2.44855,-0.48774,1.25358,1.23439,-0.21846,-0.17517,visitors_g1,Scenario_2
227.2,15079,2.97693,-0.55665,1.33215,1.32096,-0.17226,-0.12968,visitors_g1,Scenario_2
227.6,15079,3.46346,-0.59665,1.22043,1.21633,-0.1,-0.08203,visitors_g1,Scenario_2
228.0,15079,3.9534,-0.58026,1.22552,1.22484,0.04096,0.03343,visitors_g1,Scenario_2
228.4,15079,4.42699,-0.52988,1.19067,1.18399,0.12595,0.10598,visitors_g1,Scenario_2
228.8,15079,4.8294,-0.4266,1.03864,1.00603,0.25821,0.25124,visitors_g1,Scenario_2
229.2,15079,5.22407,-0.36437,0.99885,0.98666,0.15558,0.15639,visitors_g1,Scenario_2
229.6,15079,5.63312,-0.31286,1.03072,1.02264,0.12877,0.12526,visitors_g1,Scenario_2
230.0,15079,5.99202,-0.19583,0.94375,0.89725,0.29258,0.31521,visitors_g1,Scenario_2
230.4,15079,6.31628,-0.02853,0.91217,0.81063,0.41825,0.47633,visitors_g1,Scenario_2
230.8,15079,6.54576,0.23582,0.87515,0.5737,0.66087,0.85589,visitors_g1,Scenario_2
231.2,15079,6.68889,0.56433,0.89584,0.35783,0.82127,1.1599,visitors_g1,Scenario_2
231.6,15079,6.86924,0.90828,0.97091,0.45088,0.85986,1.08785,visitors_g1,Scenario_2
232.0,15079,7.09048,1.26508,1.04957,0.55308,0.89202,1.01577,visitors_g1,Scenario_2
232.4,15079,7.38187,1.5377,0.99759,0.72848,0.68154,0.75212,visitors_g1,Scenario_2
232.8,15079,7.72259,1.72148,0.96781,0.8518,0.45943,0.49464,visitors_g1,Scenario_2
233.2,15079,8.04222,1.84601,0.85757,0.79906,0.31133,0.37152,visitors_g1,Scenario_2
233.6,15079,8.32851,1.89645,0.72676,0.71573,0.1261,0.17439,visitors_g1,Scenario_2
93.6,15185,8.91343,-0.65113,0.0,0.0,0.0,0.0,visitors_g1,Scenario_2
94.0,15185,8.85671,-0.38923,0.66993,-0.14181,0.65475,1.78408,visitors_g1,Scenario_2
94.4,15185,8.74866,-0.17282,0.60471,-0.27012,0.54102,2.03387,visitors_g1,Scenario_2
94.8,15185,8.5517,-0.13385,0.50196,-0.49242,0.09741,2.9463,visitors_g1,Scenario_2
95.2,15185,8.4847,-0.00941,0.35333,-0.16749,0.31111,2.06467,visitors_g1,Scenario_2
95.6,15185,8.57294,0.27588,0.74657,0.22061,0.71323,1.27082,visitors_g1,Scenario_2
96.0,15185,8.67206,0.63868,0.94023,0.24778,0.90699,1.30411,visitors_g1,Scenario_2
96.4,15185,8.7847,1.05921,1.0884,0.28162,1.05134,1.30907,visitors_g1,Scenario_2
96.8,15185,8.93299,1.49275,1.14549,0.37073,1.08384,1.24122,visitors_g1,Scenario_2
97.2,15185,9.07123,1.91485,1.11042,0.3456,1.05526,1.2543,visitors_g1,Scenario_2
97.6,15185,9.19802,2.24356,0.88078,0.31696,0.82177,1.20267,visitors_g1,Scenario_2
98.0,15185,9.30199,2.38625,0.44137,0.25992,0.35671,0.94109,visitors_g1,Scenario_2
98.4,15185,9.33978,2.39225,0.09566,0.09448,0.015,0.15749,visitors_g1,Scenario_2
98.8,15185,9.33604,2.35278,0.09912,-0.00936,-0.09868,-1.66537,visitors_g1,Scenario_2
99.2,15185,9.32803,2.32029,0.08364,-0.02002,-0.08121,-1.81246,visitors_g1,Scenario_2
99.6,15185,9.33377,2.31447,0.02043,0.01435,-0.01455,-0.79245,visitors_g1,Scenario_2
100.0,15185,9.32227,2.3095,0.03131,-0.02874,-0.01242,-2.7336,visitors_g1,Scenario_2
100.4,15185,9.22949,2.26139,0.26129,-0.23196,-0.12028,-2.66322,visitors_g1,Scenario_2
100.8,15185,8.9676,2.17213,0.6917,-0.65471,-0.22316,-2.81309,visitors_g1,Scenario_2
101.2,15185,8.70304,2.13512,0.66785,-0.66142,-0.09251,-3.00263,visitors_g1,Scenario_2
184.8,15224,5.33146,0.29334,0.0,0.0,0.0,0.0,visitors_g1,Scenario_2
185.2,15224,5.76949,0.18472,1.12822,1.09506,-0.27154,-0.24307,visitors_g1,Scenario_2
185.6,15224,6.18232,-0.01399,1.14541,1.03207,-0.49678,-0.44861,visitors_g1,Scenario_2
186.0,15224,6.57088,-0.18162,1.05795,0.97141,-0.41907,-0.40728,visitors_g1,Scenario_2
186.4,15224,6.91342,-0.26674,0.8824,0.85635,-0.21281,-0.24358,visitors_g1,Scenario_2
186.8,15224,7.24243,-0.44979,0.94125,0.82252,-0.45761,-0.50771,visitors_g1,Scenario_2
187.2,15224,7.5925,-0.6794,1.04664,0.87517,-0.57405,-0.58053,visitors_g1,Scenario_2
187.6,15224,7.97807,-0.82181,1.02758,0.96393,-0.35602,-0.3538,visitors_g1,Scenario_2
188.0,15224,8.31796,-0.9408,0.90028,0.84972,-0.29748,-0.33675,visitors_g1,Scenario_2
188.4,15224,8.55168,-1.05359,0.64878,0.5843,-0.28197,-0.44961,visitors_g1,Scenario_2
188.8,15224,8.65339,-1.09209,0.2719,0.25429,-0.09626,-0.36188,visitors_g1,Scenario_2
189.2,15224,8.66247,-1.08255,0.03292,0.02268,0.02385,0.81052,visitors_g1,Scenario_2
189.6,15224,8.67044,-1.0729,0.0313,0.01994,0.02413,0.88022,visitors_g1,Scenario_2
190.0,15224,8.67842,-1.06325,0.0313,0.01994,0.02413,0.88022,visitors_g1,Scenario_2
190.4,15224,8.68639,-1.0536,0.0313,0.01994,0.02413,0.88022,visitors_g1,Scenario_2
190.8,15224,8.655,-1.02646,0.10374,-0.07846,0.06786,2.42857,visitors_g1,Scenario_2
191.2,15224,8.5765,-1.06237,0.21582,-0.19626,-0.08978,-2.71255,visitors_g1,Scenario_2
191.6,15224,8.47403,-1.12524,0.30056,-0.25619,-0.15718,-2.59128,visitors_g1,Scenario_2
192.0,15224,8.20675,-1.1468,0.67035,-0.66818,-0.05389,-3.06112,visitors_g1,Scenario_2
192.4,15224,7.7579,-1.14492,1.12214,-1.12213,0.0047,3.13741,visitors_g1,Scenario_2
109.2,15243,9.15881,-0.67139,0.0,0.0,0.0,0.0,visitors_g1,Scenario_2
109.6,15243,9.16686,-0.61141,0.15128,0.0201,0.14994,1.4375,visitors_g1,Scenario_2
110.0,15243,9.16967,-0.55505,0.14109,0.00704,0.14091,1.52088,visitors_g1,Scenario_2
110.4,15243,9.17898,-0.53584,0.05335,0.02326,0.04801,1.11964,visitors_g1,Scenario_2
110.8,15243,9.19591,-0.55403,0.06212,0.04233,-0.04547,-0.8212,visitors_g1,Scenario_2
111.2,15243,9.20494,-0.56581,0.03712,0.02258,-0.02946,-0.91686,visitors_g1,Scenario_2
111.6,15243,9.20946,-0.58115,0.03998,0.01131,-0.03835,-1.28389,visitors_g1,Scenario_2
112.0,15243,9.21163,-0.61246,0.07844,0.00542,-0.07825,-1.50164,visitors_g1,Scenario_2
112.4,15243,9.24027,-0.66173,0.14249,0.0716,-0.12319,-1.04428,visitors_g1,Scenario_2
112.8,15243,9.2722,-0.6937,0.11295,0.07982,-0.07992,-0.78602,visitors_g1,Scenario_2
113.2,15243,9.26971,-0.72388,0.0757,-0.00623,-0.07544,-1.65315,visitors_g1,Scenario_2
113.6,15243,9.2262,-0.70969,0.11442,-0.10878,0.03547,2.82644,visitors_g1,Scenario_2
114.0,15243,9.11273,-0.69487,0.28608,-0.28367,0.03706,3.01169,visitors_g1,Scenario_2
114.4,15243,8.91307,-0.7005,0.49933,-0.49913,-0.0141,-3.11336,visitors_g1,Scenario_2
114.8,15243,8.64886,-0.6386,0.67841,-0.66053,0.15476,2.91145,visitors_g1,Scenario_2
115.2,15243,8.34571,-0.50865,0.82458,-0.75788,0.32487,2.73663,visitors_g1,Scenario_2
115.6,15243,7.9916,-0.36168,0.9585,-0.88528,0.36743,2.74819,visitors_g1,Scenario_2
116.0,15243,7.58934,-0.34798,1.00623,-1.00564,0.03427,3.10753,visitors_g1,Scenario_2
116.4,15243,7.16672,-0.42161,1.07247,-1.05656,-0.18409,-2.96909,visitors_g1,Scenario_2
116.8,15243,6.71302,-0.48341,1.14473,-1.13426,-0.15449,-3.00623,visitors_g1,Scenario_2
8.4,15054,-4.29061,-2.853,0.0,0.0,0.0,0.0,visitors_g1,Scenario_2
8.8,15054,-4.82132,-2.67209,1.40174,-1.32678,0.45226,2.81307,visitors_g1,Scenario_2
9.2,15054,-5.2658,-2.42954,1.26587,-1.11119,0.60637,2.64206,visitors_g1,Scenario_2
9.6,15054,-5.69535,-2.1139,1.33264,-1.07389,0.78911,2.50788,visitors_g1,Scenario_2
10.0,15054,-6.12846,-1.70912,1.48204,-1.08277,1.01195,2.38999,visitors_g1,Scenario_2
10.4,15054,-6.50376,-1.21573,1.54975,-0.93823,1.23348,2.22107,visitors_g1,Scenario_2
10.8,15054,-6.79638,-0.70736,1.46643,-0.73156,1.27091,2.0931,visitors_g1,Scenario_2
11.2,15054,-6.98083,-0.19712,1.3564,-0.46112,1.27561,1.91767,visitors_g1,Scenario_2
11.6,15054,-7.09221,0.28293,1.23199,-0.27845,1.20011,1.79878,visitors_g1,Scenario_2
12.0,15054,-7.13801,0.69246,1.03022,-0.11451,1.02384,1.68218,visitors_g1,Scenario_2
12.4,15054,-7.15709,1.03334,0.85352,-0.0477,0.85219,1.62671,visitors_g1,Scenario_2
12.8,15054,-7.17412,1.30059,0.66949,-0.04257,0.66813,1.63443,visitors_g1,Scenario_2
13.2,15054,-7.12236,1.49046,0.492,0.1294,0.47467,1.30465,visitors_g1,Scenario_2
13.6,15054,-7.06207,1.67287,0.48028,0.15073,0.45602,1.25157,visitors_g1,Scenario_2
14.0,15054,-7.04091,1.8726,0.50212,0.05291,0.49933,1.46522,visitors_g1,Scenario_2
14.4,15054,-7.01559,2.00213,0.32996,0.06329,0.32383,1.37778,visitors_g1,Scenario_2
14.8,15054,-6.99334,2.05417,0.1415,0.05564,0.1301,1.1667,visitors_g1,Scenario_2
15.2,15054,-7.01373,2.0022,0.13958,-0.05099,-0.12993,-1.94478,visitors_g1,Scenario_2
15.6,15054,-7.09588,1.86582,0.39802,-0.20537,-0.34095,-2.11294,visitors_g1,Scenario_2
16.0,15054,-7.17236,1.70305,0.44961,-0.19121,-0.40692,-2.01006,visitors_g1,Scenario_2
25.2,15261,-4.94133,1.69972,0.0,0.0,0.0,0.0,visitors_g1,Scenario_2
25.6,15261,-5.26565,1.88718,0.9365,-0.8108,0.46865,2.6175,visitors_g1,Scenario_2
26.0,15261,-5.49349,2.03731,0.68215,-0.56962,0.37532,2.55899,visitors_g1,Scenario_2
26.4,15261,-5.66726,2.11745,0.47837,-0.43441,0.20033,2.70949,visitors_g1,Scenario_2
26.8,15261,-5.79973,2.17809,0.36423,-0.33118,0.15162,2.71226,visitors_g1,Scenario_2
27.2,15261,-5.88763,2.24793,0.28067,-0.21976,0.1746,2.47022,visitors_g1,Scenario_2
27.6,15261,-5.93489,2.28003,0.14282,-0.11814,0.08024,2.54498,visitors_g1,Scenario_2
28.0,15261,-5.93925,2.28143,0.01144,-0.0109,0.0035,2.83121,visitors_g1,Scenario_2
28.4,15261,-5.92932,2.32837,0.11995,0.02481,0.11736,1.36245,visitors_g1,Scenario_2
28.8,15261,-5.97934,2.42891,0.28073,-0.12505,0.25134,2.03245,visitors_g1,Scenario_2
29.2,15261,-6.06531,2.49702,0.27422,-0.21494,0.17029,2.47159,visitors_g1,Scenario_2
29.6,15261,-6.06681,2.51222,0.03818,-0.00374,0.03799,1.66905,visitors_g1,Scenario_2
30.0,15261,-5.93818,2.54348,0.33095,0.32159,0.07817,0.23843,visitors_g1,Scenario_2
30.4,15261,-5.7288,2.58176,0.53211,0.52343,0.09569,0.18082,visitors_g1,Scenario_2
30.8,15261,-5.47282,2.5311,0.65237,0.63996,-0.12664,-0.19536,visitors_g1,Scenario_2
31.2,15261,-5.14565,2.43387,0.85327,0.81791,-0.24309,-0.2889,visitors_g1,Scenario_2
31.6,15261,-4.71744,2.40366,1.07319,1.07053,-0.07551,-0.07042,visitors_g1,Scenario_2
32.0,15261,-4.19818,2.38533,1.29897,1.29816,-0.04582,-0.03528,visitors_g1,Scenario_2
32.4,15261,-3.6738,2.33036,1.31812,1.31094,-0.13745,-0.10446,visitors_g1,Scenario_2
32.8,15261,-3.18525,2.28203,1.22734,1.22138,-0.12081,-0.09859,visitors_g1,Scenario_2
42.0,15207,-6.95549,-0.16635,0.0,0.0,0.0,0.0,visitors_g1,Scenario_2
42.4,15207,-6.44983,-0.07325,1.28541,1.26416,0.23273,0.18206,visitors_g1,Scenario_2
42.8,15207,-5.97895,-0.00063,1.19112,1.1772,0.18157,0.15303,visitors_g1,Scenario_2
43.2,15207,-5.5244,0.04495,1.14207,1.13637,0.11394,0.09993,visitors_g1,Scenario_2
43.6,15207,-5.0576,0.10762,1.17747,1.167,0.15667,0.13345,visitors_g1,Scenario_2
44.0,15207,-4.59997,0.08419,1.14557,1.14407,-0.05857,-0.05115,visitors_g1,Scenario_2
44.4,15207,-4.14975,0.01429,1.13903,1.12555,-0.17476,-0.15403,visitors_g1,Scenario_2
44.8,15207,-3.66745,-0.08399,1.23054,1.20576,-0.2457,-0.20102,visitors_g1,Scenario_2
45.2,15207,-3.16353,-0.30135,1.372,1.2598,-0.54341,-0.40723,visitors_g1,Scenario_2
45.6,15207,-2.64198,-0.51549,1.40949,1.30386,-0.53535,-0.3896,visitors_g1,Scenario_2
46.0,15207,-2.06848,-0.66555,1.48202,1.43375,-0.37513,-0.25591,visitors_g1,Scenario_2
46.4,15207,-1.47048,-0.81233,1.53937,1.49499,-0.36696,-0.2407,visitors_g1,Scenario_2
46.8,15207,-0.87538,-0.83597,1.48892,1.48775,-0.05911,-0.03971,visitors_g1,Scenario_2
47.2,15207,-0.28002,-0.79663,1.49166,1.48841,0.09836,0.06599,visitors_g1,Scenario_2
47.6,15207,0.29325,-0.79009,1.43328,1.43319,0.01636,0.01141,visitors_g1,Scenario_2
48.0,15207,0.86314,-0.69915,1.44273,1.42471,0.22734,0.15823,visitors_g1,Scenario_2
48.4,15207,1.44976,-0.635,1.4753,1.46656,0.16037,0.10892,visitors_g1,Scenario_2
48.8,15207,2.00412,-0.62785,1.38601,1.3859,0.01788,0.0129,visitors_g1,Scenario_2
49.2,15207,2.55205,-0.56119,1.37994,1.36984,0.16665,0.12107,visitors_g1,Scenario_2
49.6,15207,3.12872,-0.54512,1.44221,1.44166,0.04016,0.02785,visitors_g1,Scenario_2
50.4,15007,-6.55196,0.40403,0.0,0.0,0.0,0.0,visitors_g1,Scenario_2
50.8,15007,-7.02911,0.35389,1.19944,-1.19287,-0.12534,-3.0369,visitors_g1,Scenario_2
51.2,15007,-7.46147,0.2598,1.10621,-1.08092,-0.23522,-2.92732,visitors_g1,Scenario_2
51.6,15007,-7.81273,0.23064,0.88117,-0.87814,-0.07292,-3.05875,visitors_g1,Scenario_2
52.0,15007,-8.07294,0.13483,0.69321,-0.65052,-0.23952,-2.78879,visitors_g1,Scenario_2
52.4,15007,-8.2794,-0.05723,0.70496,-0.51617,-0.48015,-2.39232,visitors_g1,Scenario_2
52.8,15007,-8.46567,-0.20635,0.5965,-0.46567,-0.37278,-2.46653,visitors_g1,Scenario_2
53.2,15007,-8.643,-0.32448,0.53269,-0.44332,-0.29534,-2.55391,visitors_g1,Scenario_2
53.6,15007,-8.70761,-0.41572,0.27949,-0.16152,-0.22809,-2.18699,visitors_g1,Scenario_2
54.0,15007,-8.66982,-0.34233,0.20635,0.09446,0.18346,1.09532,visitors_g1,Scenario_2
54.4,15007,-8.65424,-0.16212,0.4522,0.03895,0.45052,1.48456,visitors_g1,Scenario_2
54.8,15007,-8.5985,-0.05817,0.29489,0.13936,0.25988,1.07858,visitors_g1,Scenario_2
55.2,15007,-8.42593,-0.06514,0.43177,0.43142,-0.01742,-0.04036,visitors_g1,Scenario_2
55.6,15007,-8.16989,-0.15144,0.67549,0.64011,-0.21575,-0.3251,visitors_g1,Scenario_2
56.0,15007,-7.8395,-0.16467,0.82662,0.82596,-0.03307,-0.04002,visitors_g1,Scenario_2
56.4,15007,-7.4433,-0.04764,1.03282,0.99051,0.29258,0.28722,visitors_g1,Scenario_2
56.8,15007,-6.99766,0.02433,1.12854,1.11411,0.1799,0.1601,visitors_g1,Scenario_2
57.2,15007,-6.55671,0.082,1.11175,1.10236,0.14418,0.13005,visitors_g1,Scenario_2
57.6,15007,-6.15503,0.23469,1.07431,1.0042,0.38173,0.36326,visitors_g1,Scenario_2
58.0,15007,-5.78683,0.35383,0.9675,0.92051,0.29786,0.31295,visitors_g1,Scenario_2
98.4,15158,8.14814,2.32123,0.0,0.0,0.0,0.0,visitors_g1,Scenario_2
98.8,15158,8.13634,2.32441,0.03054,-0.02949,0.00795,2.87832,visitors_g1,Scenario_2
99.2,15158,7.91389,2.31616,0.5565,-0.55612,-0.02061,-3.10456,visitors_g1,Scenario_2
99.6,15158,7.48513,2.25389,1.08315,-1.07191,-0.15568,-2.99736,visitors_g1,Scenario_2
100.0,15158,7.03811,2.18056,1.13248,-1.11754,-0.18333,-2.97899,visitors_g1,Scenario_2
100.4,15158,6.55708,2.09821,1.22008,-1.20258,-0.20588,-2.97204,visitors_g1,Scenario_2
100.8,15158,6.05804,2.02446,1.26114,-1.24759,-0.18437,-2.99488,visitors_g1,Scenario_2
101.2,15158,5.5566,2.04856,1.25505,-1.25361,0.06025,3.09357,visitors_g1,Scenario_2
101.6,15158,5.02748,2.01938,1.32481,-1.3228,-0.07296,-3.0865,visitors_g1,Scenario_2
102.0,15158,4.49725,1.95399,1.33562,-1.32558,-0.16348,-3.01889,visitors_g1,Scenario_2
102.4,15158,3.99814,1.96274,1.24797,-1.24777,0.02188,3.12406,visitors_g1,Scenario_2
102.8,15158,3.49771,1.9327,1.25333,-1.25108,-0.07511,-3.08163,visitors_g1,Scenario_2
103.2,15158,2.98797,1.92466,1.27451,-1.27435,-0.02009,-3.12583,visitors_g1,Scenario_2
103.6,15158,2.49457,1.94542,1.23458,-1.23349,0.05189,3.09955,visitors_g1,Scenario_2
104.0,15158,2.01058,1.91548,1.21228,-1.20997,-0.07485,-3.07981,visitors_g1,Scenario_2
104.4,15158,1.51332,1.92919,1.24364,-1.24317,0.03429,3.11402,visitors_g1,Scenario_2
104.8,15158,1.00311,1.93541,1.2756,-1.27551,0.01555,3.1294,visitors_g1,Scenario_2
105.2,15158,0.5,1.91565,1.25875,-1.25778,-0.04941,-3.10233,visitors_g1,Scenario_2
105.6,15158,-0.01005,1.93939,1.27651,-1.27513,0.05936,3.09508,visitors_g1,Scenario_2
106.0,15158,-0.56414,1.84841,1.40379,-1.38524,-0.22745,-2.97885,visitors_g1,Scenario_2
8.4,15106,-0.33182,-1.93809,0.0,0.0,0.0,0.0,visitors_g1,Scenario_2
8.8,15106,0.14808,-1.77916,1.26383,1.19975,0.39733,0.31981,visitors_g1,Scenario_2
9.2,15106,0.61959,-1.58196,1.27773,1.17879,0.493,0.39612,visitors_g1,Scenario_2
9.6,15106,1.10818,-1.44931,1.26567,1.22146,0.33162,0.2651,visitors_g1,Scenario_2
10.0,15106,1.59602,-1.26203,1.30639,1.21961,0.4682,0.36655,visitors_g1,Scenario_2
10.4,15106,2.09174,-1.07879,1.32127,1.23931,0.45809,0.35406,visitors_g1,Scenario_2
10.8,15106,2.60158,-0.99635,1.29115,1.2746,0.2061,0.16031,visitors_g1,Scenario_2
11.2,15106,3.10316,-0.86198,1.29815,1.25394,0.33592,0.26175,visitors_g1,Scenario_2
11.6,15106,3.61263,-0.72231,1.32067,1.27367,0.34918,0.26758,visitors_g1,Scenario_2
12.0,15106,4.13386,-0.65115,1.31516,1.30307,0.1779,0.13568,visitors_g1,Scenario_2
12.4,15106,4.64017,-0.50624,1.31662,1.26579,0.36228,0.27875,visitors_g1,Scenario_2
12.8,15106,5.12709,-0.35001,1.27842,1.21729,0.39057,0.31048,visitors_g1,Scenario_2
13.2,15106,5.53223,-0.22788,1.05786,1.01285,0.30532,0.29279,visitors_g1,Scenario_2
13.6,15106,5.88288,-0.04418,0.98964,0.87663,0.45926,0.48258,visitors_g1,Scenario_2
14.0,15106,6.24032,0.12418,0.98776,0.8936,0.4209,0.4402,visitors_g1,Scenario_2
14.4,15106,6.57897,0.23732,0.89262,0.84663,0.28284,0.32242,visitors_g1,Scenario_2
14.8,15106,6.89159,0.40048,0.88159,0.78154,0.40791,0.48104,visitors_g1,Scenario_2
15.2,15106,7.19126,0.61921,0.92752,0.74918,0.54682,0.63051,visitors_g1,Scenario_2
15.6,15106,7.54746,0.81664,1.01815,0.89051,0.49358,0.50612,visitors_g1,Scenario_2
16.0,15106,7.89509,1.03257,1.02308,0.86906,0.53983,0.55583,visitors_g1,Scenario_2
144.0,15191,-7.78304,-2.26754,0.0,0.0,0.0,0.0,visitors_g1,Scenario_2
144.4,15191,-7.79707,-2.25606,0.04532,-0.03507,0.0287,2.45587,visitors_g1,Scenario_2
144.8,15191,-7.79752,-2.23908,0.04246,-0.00112,0.04245,1.59717,visitors_g1,Scenario_2
145.2,15191,-7.79757,-2.24547,0.01598,-0.00012,-0.01598,-1.57807,visitors_g1,Scenario_2
145.6,15191,-7.79449,-2.25315,0.02067,0.00769,-0.01918,-1.18939,visitors_g1,Scenario_2
146.0,15191,-7.77656,-2.2341,0.0654,0.04483,0.04763,0.81567,visitors_g1,Scenario_2
146.4,15191,-7.80353,-2.22763,0.06934,-0.06743,0.01616,2.9064,visitors_g1,Scenario_2
146.8,15191,-7.85476,-2.25479,0.14496,-0.12808,-0.06789,-2.6542,visitors_g1,Scenario_2
147.2,15191,-7.79482,-2.21098,0.1856,0.14985,0.10951,0.6311,visitors_g1,Scenario_2
147.6,15191,-7.59004,-2.0158,0.70724,0.51195,0.48796,0.76141,visitors_g1,Scenario_2
148.0,15191,-7.23299,-1.76295,1.09378,0.89262,0.63212,0.61618,visitors_g1,Scenario_2
148.4,15191,-6.78889,-1.45636,1.34914,1.11026,0.76647,0.60422,visitors_g1,Scenario_2
148.8,15191,-6.38701,-1.06441,1.40342,1.0047,0.97988,0.77289,visitors_g1,Scenario_2
149.2,15191,-5.99649,-0.69246,1.34826,0.9763,0.92987,0.76104,visitors_g1,Scenario_2
149.6,15191,-5.638,-0.29955,1.32969,0.89622,0.98227,0.83118,visitors_g1,Scenario_2
150.0,15191,-5.32024,0.10728,1.29054,0.79438,1.01707,0.90772,visitors_g1,Scenario_2
150.4,15191,-4.93795,0.46223,1.30419,0.95575,0.88738,0.74832,visitors_g1,Scenario_2
150.8,15191,-4.54279,0.80636,1.31,0.9879,0.86033,0.71649,visitors_g1,Scenario_2
151.2,15191,-4.15207,1.09228,1.21039,0.97678,0.7148,0.63174,visitors_g1,Scenario_2
151.6,15191,-3.75854,1.3557,1.18389,0.98383,0.65854,0.58987,visitors_g1,Scenario_2
203.6,15148,7.67831,2.51328,0.0,0.0,0.0,0.0,visitors_g1,Scenario_2
204.0,15148,7.55969,2.46115,0.32394,-0.29656,-0.13034,-2.72751,visitors_g1,Scenario_2
204.4,15148,7.22363,2.31232,0.91885,-0.84014,-0.37208,-2.72468,visitors_g1,Scenario_2
204.8,15148,6.80011,2.10111,1.18316,-1.0588,-0.52803,-2.67898,visitors_g1,Scenario_2
205.2,15148,6.37389,1.86925,1.21301,-1.06555,-0.57965,-2.64338,visitors_g1,Scenario_2
205.6,15148,5.93645,1.60816,1.27359,-1.09361,-0.65273,-2.60349,visitors_g1,Scenario_2
206.0,15148,5.49291,1.3294,1.30966,-1.10885,-0.69689,-2.5805,visitors_g1,Scenario_2
206.4,15148,5.02567,1.08093,1.32301,-1.16811,-0.62118,-2.65285,visitors_g1,Scenario_2
206.8,15148,4.56831,0.83625,1.29673,-1.14339,-0.6117,-2.65035,visitors_g1,Scenario_2
207.2,15148,4.13288,0.60933,1.22753,-1.08858,-0.5673,-2.66118,visitors_g1,Scenario_2
207.6,15148,3.68011,0.42709,1.22018,-1.13193,-0.45561,-2.75892,visitors_g1,Scenario_2
208.0,15148,3.21907,0.22297,1.2605,-1.15259,-0.5103,-2.72479,visitors_g1,Scenario_2
208.4,15148,2.75938,0.00796,1.26873,-1.14924,-0.53751,-2.70411,visitors_g1,Scenario_2
208.8,15148,2.30185,-0.2182,1.27595,-1.14383,-0.56542,-2.6825,visitors_g1,Scenario_2
209.2,15148,1.87683,-0.45971,1.22211,-1.06255,-0.60377,-2.62486,visitors_g1,Scenario_2
209.6,15148,1.41628,-0.63769,1.23435,-1.15136,-0.44495,-2.77282,visitors_g1,Scenario_2
210.0,15148,0.95411,-0.78497,1.21267,-1.15543,-0.36819,-2.83311,visitors_g1,Scenario_2
210.4,15148,0.55252,-0.95373,1.08903,-1.00399,-0.4219,-2.74378,visitors_g1,Scenario_2
210.8,15148,0.12616,-1.11076,1.13588,-1.06589,-0.39257,-2.78871,visitors_g1,Scenario_2
211.2,15148,-0.31985,-1.27759,1.19047,-1.11502,-0.41709,-2.78364,visitors_g1,Scenario_2
96.0,15115,-7.23527,-0.50752,0.0,0.0,0.0,0.0,visitors_g1,Scenario_2
96.4,15115,-6.77594,-0.30919,1.25081,1.14834,0.49584,0.4076,visitors_g1,Scenario_2
96.8,15115,-6.26136,-0.24148,1.29753,1.28644,0.16926,0.13082,visitors_g1,Scenario_2
97.2,15115,-5.71389,-0.07041,1.43395,1.36868,0.42769,0.30287,visitors_g1,Scenario_2
97.6,15115,-5.17129,0.10136,1.42283,1.35649,0.42941,0.30658,visitors_g1,Scenario_2
98.0,15115,-4.62771,0.2277,1.39518,1.35896,0.31586,0.22837,visitors_g1,Scenario_2
98.4,15115,-4.08323,0.5007,1.5227,1.36119,0.68249,0.46476,visitors_g1,Scenario_2
98.8,15115,-3.52689,0.7289,1.50331,1.39086,0.57049,0.38924,visitors_g1,Scenario_2
99.2,15115,-2.97604,0.87098,1.42221,1.37714,0.35521,0.25243,visitors_g1,Scenario_2
99.6,15115,-2.4199,1.0774,1.48303,1.39035,0.51606,0.35541,visitors_g1,Scenario_2
100.0,15115,-1.8336,1.20003,1.49746,1.46574,0.30657,0.20618,visitors_g1,Scenario_2
100.4,15115,-1.25306,1.31537,1.47973,1.45136,0.28836,0.19613,visitors_g1,Scenario_2
100.8,15115,-0.6615,1.49774,1.54758,1.4789,0.45592,0.29904,visitors_g1,Scenario_2
101.2,15115,-0.0254,1.60615,1.61316,1.59023,0.27101,0.1688,visitors_g1,Scenario_2
101.6,15115,0.59052,1.71299,1.56279,1.5398,0.2671,0.17176,visitors_g1,Scenario_2
102.0,15115,1.15606,1.78073,1.42396,1.41386,0.16936,0.11922,visitors_g1,Scenario_2
102.4,15115,1.71105,1.80589,1.38891,1.38749,0.06289,0.04529,visitors_g1,Scenario_2
102.8,15115,2.27547,1.91031,1.43499,1.41105,0.26105,0.18293,visitors_g1,Scenario_2
103.2,15115,2.8586,1.96167,1.46345,1.4578,0.12841,0.08786,visitors_g1,Scenario_2
103.6,15115,3.44294,2.00932,1.46571,1.46086,0.11912,0.08136,visitors_g1,Scenario_2
107.2,15138,-2.14269,2.52882,0.0,0.0,0.0,0.0,visitors_g1,Scenario_2
107.6,15138,-2.66661,2.44607,1.32604,-1.3098,-0.20688,-2.98494,visitors_g1,Scenario_2
108.0,15138,-3.16562,2.30562,1.296,-1.24752,-0.35114,-2.86722,visitors_g1,Scenario_2
108.4,15138,-3.64326,2.15624,1.25114,-1.19411,-0.37344,-2.83849,visitors_g1,Scenario_2
108.8,15138,-4.11086,1.99108,1.23978,-1.169,-0.41291,-2.80206,visitors_g1,Scenario_2
109.2,15138,-4.58695,1.83047,1.25612,-1.19022,-0.40151,-2.81624,visitors_g1,Scenario_2
109.6,15138,-5.06232,1.69528,1.23556,-1.18843,-0.33799,-2.86451,visitors_g1,Scenario_2
110.0,15138,-5.50736,1.5331,1.18416,-1.11258,-0.40544,-2.79214,visitors_g1,Scenario_2
110.4,15138,-5.93776,1.37479,1.14649,-1.07601,-0.39577,-2.78914,visitors_g1,Scenario_2
110.8,15138,-6.35725,1.24233,1.09977,-1.04872,-0.33116,-2.83573,visitors_g1,Scenario_2
111.2,15138,-6.76027,1.11091,1.05976,-1.00755,-0.32854,-2.82639,visitors_g1,Scenario_2
111.6,15138,-7.14526,1.02528,0.986,-0.96248,-0.21409,-2.92272,visitors_g1,Scenario_2
112.0,15138,-7.49977,0.9734,0.89572,-0.88628,-0.12969,-2.9963,visitors_g1,Scenario_2
112.4,15138,-7.80144,0.90917,0.77107,-0.75417,-0.16058,-2.9318,visitors_g1,Scenario_2
112.8,15138,-8.04455,0.87596,0.61342,-0.60778,-0.08302,-3.00584,visitors_g1,Scenario_2
113.2,15138,-8.22905,0.88501,0.4618,-0.46124,0.02261,3.09261,visitors_g1,Scenario_2
113.6,15138,-8.29914,0.90271,0.18074,-0.17523,0.04426,2.8942,visitors_g1,Scenario_2
114.0,15138,-8.32123,0.8955,0.05808,-0.05521,-0.01802,-2.82607,visitors_g1,Scenario_2
114.4,15138,-8.35689,0.87618,0.10141,-0.08916,-0.04832,-2.64498,visitors_g1,Scenario_2
114.8,15138,-8.35219,0.87103,0.01743,0.01176,-0.01287,-0.83034,visitors_g1,Scenario_2
17.2,15151,-8.40019,0.28571,0.0,0.0,0.0,0.0,visitors_g1,Scenario_2
17.6,15151,-8.2164,0.26018,0.46389,0.45948,-0.06383,-0.13803,visitors_g1,Scenario_2
18.0,15151,-7.79681,0.22191,1.05332,1.04897,-0.09568,-0.09097,visitors_g1,Scenario_2
18.4,15151,-7.32522,0.19642,1.1807,1.17898,-0.06371,-0.05399,visitors_g1,Scenario_2
18.8,15151,-6.85323,0.17632,1.18104,1.17997,-0.05024,-0.04255,visitors_g1,Scenario_2
19.2,15151,-6.36024,0.15822,1.23331,1.23248,-0.04525,-0.0367,visitors_g1,Scenario_2
19.6,15151,-5.82256,0.14046,1.34492,1.34418,-0.0444,-0.03302,visitors_g1,Scenario_2
20.0,15151,-5.31983,0.19344,1.26379,1.25683,0.13245,0.105,visitors_g1,Scenario_2
20.4,15151,-4.87983,0.332,1.15325,1.1,0.34639,0.30507,visitors_g1,Scenario_2
20.8,15151,-4.44262,0.47737,1.15187,1.09304,0.36341,0.32098,visitors_g1,Scenario_2
21.2,15151,-4.01776,0.62713,1.12621,1.06215,0.37441,0.33891,visitors_g1,Scenario_2
21.6,15151,-3.57967,0.74975,1.13732,1.09523,0.30655,0.27291,visitors_g1,Scenario_2
22.0,15151,-3.12103,0.83128,1.16458,1.1466,0.20383,0.17593,visitors_g1,Scenario_2
22.4,15151,-2.69216,0.98568,1.13952,1.07216,0.386,0.34557,visitors_g1,Scenario_2
22.8,15151,-2.29213,1.16426,1.09521,1.00008,0.44645,0.41987,visitors_g1,Scenario_2
23.2,15151,-1.86094,1.29406,1.12576,1.07798,0.32449,0.29239,visitors_g1,Scenario_2
23.6,15151,-1.37622,1.41123,1.2467,1.21179,0.29292,0.23718,visitors_g1,Scenario_2
24.0,15151,-0.95093,1.3821,1.06571,1.06322,-0.07282,-0.06838,visitors_g1,Scenario_2
24.4,15151,-0.54788,1.2449,1.06441,1.00762,-0.34301,-0.32811,visitors_g1,Scenario_2
24.8,15151,-0.08308,1.15057,1.1857,1.16201,-0.23582,-0.20022,visitors_g1,Scenario_2
58.8,15237,-4.59465,-2.79625,0.0,0.0,0.0,0.0,visitors_g1,Scenario_2
59.2,15237,-5.08824,-2.80401,1.23414,-1.23398,-0.0194,-3.12587,visitors_g1,Scenario_2
59.6,15237,-5.6115,-2.75358,1.31421,-1.30815,0.12609,3.0455,visitors_g1,Scenario_2
60.0,15237,-6.21381,-2.73254,1.50669,-1.50577,0.05258,3.10669,visitors_g1,Scenario_2
60.4,15237,-6.75014,-2.65402,1.35512,-1.34083,0.19632,2.99621,visitors_g1,Scenario_2
60.8,15237,-7.0883,-2.53381,0.89722,-0.8454,0.30051,2.80006,visitors_g1,Scenario_2
61.2,15237,-7.2428,-2.49148,0.40048,-0.38625,0.10582,2.87418,visitors_g1,Scenario_2
61.6,15237,-7.27839,-2.51699,0.10948,-0.08898,-0.06378,-2.5197,visitors_g1,Scenario_2
62.0,15237,-7.29556,-2.53693,0.06578,-0.04294,-0.04983,-2.28201,visitors_g1,Scenario_2
62.4,15237,-7.30239,-2.53448,0.01812,-0.01706,0.00611,2.79746,visitors_g1,Scenario_2
62.8,15237,-7.3014,-2.52229,0.03059,0.00247,0.03049,1.48992,visitors_g1,Scenario_2
63.2,15237,-7.30178,-2.51418,0.02029,-0.00094,0.02027,1.61726,visitors_g1,Scenario_2
63.6,15237,-7.30312,-2.50769,0.01657,-0.00335,0.01623,1.77423,visitors_g1,Scenario_2
64.0,15237,-7.20575,-2.52361,0.24665,0.24342,-0.0398,-0.16207,visitors_g1,Scenario_2
64.4,15237,-6.90248,-2.6462,0.81778,0.75818,-0.30649,-0.38416,visitors_g1,Scenario_2
64.8,15237,-6.53478,-2.78565,0.98314,0.91926,-0.34862,-0.36248,visitors_g1,Scenario_2
65.2,15237,-6.21424,-2.8598,0.8225,0.80134,-0.18538,-0.22733,visitors_g1,Scenario_2
65.6,15237,-5.8937,-2.93395,0.8225,0.80134,-0.18538,-0.22733,visitors_g1,Scenario_2
66.0,15237,-5.57317,-3.0081,0.8225,0.80134,-0.18538,-0.22733,visitors_g1,Scenario_2
66.4,15237,-5.19114,-3.05296,0.96162,0.95506,-0.11213,-0.11688,visitors_g1,Scenario_2
134.4,15246,-5.1719,-1.6096,0.0,0.0,0.0,0.0,visitors_g1,Scenario_2
134.8,15246,-5.1428,-1.1315,1.19746,0.07276,1.19525,1.50999,visitors_g1,Scenario_2
135.2,15246,-5.01555,-0.65858,1.22434,0.31812,1.18229,1.30795,visitors_g1,Scenario_2
135.6,15246,-4.7053,-0.27178,1.23962,0.77561,0.967,0.89479,visitors_g1,Scenario_2
136.0,15246,-4.36625,0.04779,1.16482,0.84764,0.79893,0.75582,visitors_g1,Scenario_2
136.4,15246,-3.98679,0.32325,1.17224,0.94864,0.68864,0.62791,visitors_g1,Scenario_2
136.8,15246,-3.5612,0.56016,1.21772,1.06398,0.59228,0.50794,visitors_g1,Scenario_2
137.2,15246,-3.27438,0.75582,0.86799,0.71704,0.48915,0.59867,visitors_g1,Scenario_2
137.6,15246,-3.04252,0.93117,0.72676,0.57966,0.43838,0.64751,visitors_g1,Scenario_2
138.0,15246,-2.7585,1.16119,0.91369,0.71004,0.57504,0.68073,visitors_g1,Scenario_2
138.4,15246,-2.52343,1.46091,0.95227,0.58768,0.74929,0.9057,visitors_g1,Scenario_2
138.8,15246,-2.31107,1.74334,0.88341,0.5309,0.70608,0.92608,visitors_g1,Scenario_2
139.2,15246,-1.99106,1.92255,0.91693,0.80001,0.44803,0.51051,visitors_g1,Scenario_2
139.6,15246,-1.58681,2.08884,1.0928,1.01064,0.41571,0.39024,visitors_g1,Scenario_2
140.0,15246,-1.14438,2.23804,1.16728,1.10607,0.373,0.32526,visitors_g1,Scenario_2
140.4,15246,-0.74792,2.35321,1.03212,0.99114,0.28793,0.28273,visitors_g1,Scenario_2
140.8,15246,-0.49242,2.5198,0.76253,0.63876,0.41647,0.57778,visitors_g1,Scenario_2
141.2,15246,-0.35424,2.62251,0.43044,0.34546,0.25679,0.63921,visitors_g1,Scenario_2
141.6,15246,-0.28815,2.62478,0.16531,0.16521,0.00568,0.03435,visitors_g1,Scenario_2
142.0,15246,-0.25251,2.61158,0.09501,0.08909,-0.033,-0.35476,visitors_g1,Scenario_2
151.2,15071,-3.79323,-0.28948,0.0,0.0,0.0,0.0,visitors_g1,Scenario_2
151.6,15071,-3.20612,-0.35337,1.47643,1.46777,-0.15974,-0.10841,visitors_g1,Scenario_2
152.0,15071,-2.60901,-0.41447,1.50059,1.4928,-0.15275,-0.10197,visitors_g1,Scenario_2
152.4,15071,-2.03377,-0.47172,1.44519,1.43809,-0.14313,-0.0992,visitors_g1,Scenario_2
152.8,15071,-1.48703,-0.54499,1.37908,1.36686,-0.18318,-0.13322,visitors_g1,Scenario_2
153.2,15071,-0.94122,-0.57255,1.36625,1.36451,-0.0689,-0.05045,visitors_g1,Scenario_2
153.6,15071,-0.3852,-0.59175,1.39089,1.39006,-0.04798,-0.0345,visitors_g1,Scenario_2
154.0,15071,0.18085,-0.59243,1.41513,1.41513,-0.00172,-0.00122,visitors_g1,Scenario_2
154.4,15071,0.75859,-0.59182,1.44434,1.44434,0.00154,0.00106,visitors_g1,Scenario_2
154.8,15071,1.32312,-0.60966,1.41203,1.41133,-0.04461,-0.0316,visitors_g1,Scenario_2
155.2,15071,1.88596,-0.59799,1.40739,1.40709,0.02919,0.02074,visitors_g1,Scenario_2
155.6,15071,2.45554,-0.57014,1.42567,1.42397,0.06961,0.04885,visitors_g1,Scenario_2
156.0,15071,2.99755,-0.49589,1.36768,1.35502,0.18562,0.13614,visitors_g1,Scenario_2
156.4,15071,3.52155,-0.36352,1.35114,1.30999,0.33093,0.24744,visitors_g1,Scenario_2
156.8,15071,4.04953,-0.18758,1.39131,1.31994,0.43986,0.32167,visitors_g1,Scenario_2
157.2,15071,4.55459,0.00438,1.35077,1.26265,0.4799,0.36321,visitors_g1,Scenario_2
157.6,15071,5.05692,0.17146,1.32347,1.25583,0.4177,0.3211,visitors_g1,Scenario_2
158.0,15071,5.53256,0.31742,1.24384,1.18911,0.3649,0.29775,visitors_g1,Scenario_2
158.4,15071,5.99079,0.39346,1.16123,1.14557,0.19009,0.16444,visitors_g1,Scenario_2
158.8,15071,6.49317,0.3721,1.2571,1.25596,-0.05339,-0.04249,visitors_g1,Scenario_2
184.8,15280,-6.43294,-2.03078,0.0,0.0,0.0,0.0,visitors_g1,Scenario_2
185.2,15280,-5.91025,-2.11267,1.32266,1.30672,-0.20472,-0.1554,visitors_g1,Scenario_2
185.6,15280,-5.37563,-2.20039,1.35444,1.33656,-0.2193,-0.16263,visitors_g1,Scenario_2
186.0,15280,-4.86126,-2.21021,1.28615,1.28591,-0.02456,-0.01909,visitors_g1,Scenario_2
186.4,15280,-4.35172,-2.17189,1.27746,1.27386,0.09579,0.07506,visitors_g1,Scenario_2
186.8,15280,-3.82927,-2.07101,1.33024,1.30611,0.2522,0.19075,visitors_g1,Scenario_2
187.2,15280,-3.30712,-1.91185,1.36467,1.30538,0.3979,0.29587,visitors_g1,Scenario_2
187.6,15280,-2.76948,-1.72388,1.42388,1.3441,0.46992,0.33633,visitors_g1,Scenario_2
188.0,15280,-2.2425,-1.52951,1.40421,1.31744,0.48594,0.35337,visitors_g1,Scenario_2
188.4,15280,-1.73852,-1.38333,1.31188,1.25995,0.36545,0.2823,visitors_g1,Scenario_2
188.8,15280,-1.21444,-1.25933,1.34638,1.31021,0.30999,0.23233,visitors_g1,Scenario_2
189.2,15280,-0.66598,-1.14564,1.40029,1.37114,0.28422,0.20439,visitors_g1,Scenario_2
189.6,15280,-0.12239,-1.04628,1.38151,1.35899,0.24841,0.1808,visitors_g1,Scenario_2
190.0,15280,0.41181,-0.91663,1.37426,1.33549,0.32411,0.23809,visitors_g1,Scenario_2
190.4,15280,0.92655,-0.78899,1.32582,1.28684,0.31911,0.24308,visitors_g1,Scenario_2
190.8,15280,1.41394,-0.67446,1.25168,1.21849,0.28631,0.23078,visitors_g1,Scenario_2
191.2,15280,1.90267,-0.53545,1.27029,1.22183,0.34753,0.27711,visitors_g1,Scenario_2
191.6,15280,2.40917,-0.42003,1.2987,1.26623,0.28856,0.22407,visitors_g1,Scenario_2
192.0,15280,2.92501,-0.3374,1.30605,1.28961,0.20656,0.15883,visitors_g1,Scenario_2
192.4,15280,3.45431,-0.2704,1.3338,1.32324,0.1675,0.12591,visitors_g1,Scenario_2
198.4,15024,6.82321,3.01065,0.0,0.0,0.0,0.0,visitors_g1,Scenario_2
198.8,15024,6.9368,3.00406,0.28445,0.28398,-0.01647,-0.05795,visitors_g1,Scenario_2
199.2,15024,7.11937,2.94107,0.48284,0.45644,-0.15748,-0.33224,visitors_g1,Scenario_2
199.6,15024,7.29791,2.8851,0.46777,0.44635,-0.13991,-0.30375,visitors_g1,Scenario_2
200.0,15024,7.47045,2.86372,0.43464,0.43134,-0.05347,-0.12334,visitors_g1,Scenario_2
200.4,15024,7.64299,2.84233,0.43464,0.43134,-0.05347,-0.12334,visitors_g1,Scenario_2
200.8,15024,7.81552,2.82094,0.43464,0.43134,-0.05347,-0.12334,visitors_g1,Scenario_2
201.2,15024,7.96598,2.78023,0.38966,0.37614,-0.10177,-0.26423,visitors_g1,Scenario_2
201.6,15024,7.95892,2.73805,0.10692,-0.01763,-0.10546,-1.73645,visitors_g1,Scenario_2
202.0,15024,7.81644,2.7137,0.36136,-0.3562,-0.06086,-2.97236,visitors_g1,Scenario_2
202.4,15024,7.67396,2.68936,0.36136,-0.3562,-0.06086,-2.97236,visitors_g1,Scenario_2
202.8,15024,7.53148,2.66501,0.36136,-0.3562,-0.06086,-2.97236,visitors_g1,Scenario_2
203.2,15024,7.38901,2.64067,0.36136,-0.3562,-0.06086,-2.97236,visitors_g1,Scenario_2
203.6,15024,7.24653,2.61632,0.36136,-0.3562,-0.06086,-2.97236,visitors_g1,Scenario_2
204.0,15024,7.10405,2.59198,0.36136,-0.3562,-0.06086,-2.97236,visitors_g1,Scenario_2
204.4,15024,6.91917,2.49298,0.52429,-0.4622,-0.24749,-2.64998,visitors_g1,Scenario_2
204.8,15024,6.63513,2.44558,0.71992,-0.7101,-0.11852,-2.97621,visitors_g1,Scenario_2
205.2,15024,6.23431,2.52329,1.02071,-1.00205,0.19428,2.95009,visitors_g1,Scenario_2
205.6,15024,5.74003,2.46835,1.24331,-1.2357,-0.13734,-3.03091,visitors_g1,Scenario_2
206.0,15024,5.23756,2.39813,1.26836,-1.25615,-0.17555,-3.00274,visitors_g1,Scenario_2
169.2,15194,-0.62702,-3.05401,0.0,0.0,0.0,0.0,visitors_g1,Scenario_2
169.6,15194,-0.56995,-2.71811,0.85177,0.14267,0.83974,1.40251,visitors_g1,Scenario_2
170.0,15194,-0.43955,-2.36566,0.9395,0.32599,0.88113,1.21644,visitors_g1,Scenario_2
170.4,15194,-0.35888,-1.97347,1.00099,0.20168,0.98046,1.36793,visitors_g1,Scenario_2
170.8,15194,-0.31825,-1.50963,1.16403,0.10158,1.15959,1.48342,visitors_g1,Scenario_2
171.2,15194,-0.22434,-1.03667,1.20548,0.23478,1.1824,1.37479,visitors_g1,Scenario_2
171.6,15194,-0.17288,-0.5585,1.20232,0.12863,1.19542,1.4636,visitors_g1,Scenario_2
172.0,15194,-0.07807,-0.0555,1.27965,0.23703,1.25751,1.38449,visitors_g1,Scenario_2
172.4,15194,0.07901,0.47053,1.37247,0.39271,1.31509,1.2806,visitors_g1,Scenario_2
172.8,15194,0.18204,0.99537,1.33713,0.25756,1.31208,1.37696,visitors_g1,Scenario_2
173.2,15194,0.29997,1.48279,1.25371,0.29482,1.21855,1.33342,visitors_g1,Scenario_2
173.6,15194,0.41822,1.91787,1.12717,0.29563,1.08771,1.30541,visitors_g1,Scenario_2
174.0,15194,0.53187,2.31618,1.0355,0.28413,0.99576,1.29284,visitors_g1,Scenario_2
174.4,15194,0.64923,2.68528,0.96828,0.29339,0.92276,1.26295,visitors_g1,Scenario_2
174.8,15194,0.64009,2.95424,0.67278,-0.02286,0.67239,1.60478,visitors_g1,Scenario_2
175.2,15194,0.51092,3.09211,0.47231,-0.32291,0.34468,2.3236,visitors_g1,Scenario_2
175.6,15194,0.39622,3.1794,0.36036,-0.28677,0.21822,2.4911,visitors_g1,Scenario_2
176.0,15194,0.33849,3.24584,0.22004,-0.14432,0.1661,2.28616,visitors_g1,Scenario_2
176.4,15194,0.33664,3.24989,0.01114,-0.00462,0.01013,1.99859,visitors_g1,Scenario_2
176.8,15194,0.37083,3.22093,0.11203,0.08549,-0.07241,-0.70277,visitors_g1,Scenario_2
79.2,15088,7.46659,2.96088,0.0,0.0,0.0,0.0,visitors_g1,Scenario_2
79.6,15088,7.40642,2.95653,0.15083,-0.15044,-0.01086,-3.06952,visitors_g1,Scenario_2
80.0,15088,7.04497,2.9592,0.90365,-0.90363,0.00667,3.13421,visitors_g1,Scenario_2
80.4,15088,6.4422,2.90404,1.51322,-1.50692,-0.13789,-3.05034,visitors_g1,Scenario_2
80.8,15088,5.86381,2.79888,1.46967,-1.44596,-0.26291,-2.96174,visitors_g1,Scenario_2
81.2,15088,5.27066,2.75817,1.48638,-1.48289,-0.10177,-3.07307,visitors_g1,Scenario_2
81.6,15088,4.68819,2.70194,1.46294,-1.45617,-0.14059,-3.04535,visitors_g1,Scenario_2
82.0,15088,4.12554,2.65062,1.41245,-1.40661,-0.12829,-3.05064,visitors_g1,Scenario_2
82.4,15088,3.5415,2.66963,1.46087,-1.4601,0.04754,3.10905,visitors_g1,Scenario_2
82.8,15088,2.95826,2.64501,1.45941,-1.45811,-0.06156,-3.0994,visitors_g1,Scenario_2
83.2,15088,2.34541,2.62321,1.53308,-1.53211,-0.05449,-3.10604,visitors_g1,Scenario_2
83.6,15088,1.70459,2.586,1.60475,-1.60205,-0.09304,-3.08359,visitors_g1,Scenario_2
84.0,15088,1.06845,2.52556,1.59752,-1.59036,-0.15111,-3.04686,visitors_g1,Scenario_2
84.4,15088,0.46099,2.54546,1.51947,-1.51865,0.04976,3.10884,visitors_g1,Scenario_2
84.8,15088,-0.09821,2.55159,1.39809,-1.398,0.01532,3.13063,visitors_g1,Scenario_2
85.2,15088,-0.647,2.55597,1.37202,-1.37198,0.01095,3.13361,visitors_g1,Scenario_2
85.6,15088,-1.19474,2.60363,1.37452,-1.36934,0.11915,3.0548,visitors_g1,Scenario_2
86.0,15088,-1.74099,2.60237,1.36563,-1.36562,-0.00315,-3.13929,visitors_g1,Scenario_2
86.4,15088,-2.31632,2.60183,1.43833,-1.43833,-0.00134,-3.14066,visitors_g1,Scenario_2
86.8,15088,-2.86376,2.57832,1.36985,-1.36859,-0.05879,-3.09866,visitors_g1,Scenario_2
186.0,15196,7.20804,0.29847,0.0,0.0,0.0,0.0,visitors_g1,Scenario_2
186.4,15196,7.64653,0.05346,1.25574,1.09623,-0.6125,-0.50952,visitors_g1,Scenario_2
186.8,15196,8.09579,-0.15993,1.24341,1.12314,-0.53349,-0.44344,visitors_g1,Scenario_2
187.2,15196,8.505,-0.3825,1.16457,1.02304,-0.55642,-0.49814,visitors_g1,Scenario_2
187.6,15196,8.82267,-0.67354,1.0771,0.79418,-0.72761,-0.74168,visitors_g1,Scenario_2
188.0,15196,9.05487,-0.88958,0.79287,0.58048,-0.54008,-0.74936,visitors_g1,Scenario_2
188.4,15196,9.14586,-0.93839,0.25815,0.22748,-0.12204,-0.4924,visitors_g1,Scenario_2
188.8,15196,9.13779,-0.90556,0.08452,-0.02018,0.08207,1.81185,visitors_g1,Scenario_2
189.2,15196,9.10759,-0.87394,0.10931,-0.07549,0.07905,2.33316,visitors_g1,Scenario_2
189.6,15196,9.07095,-0.86823,0.0927,-0.09159,0.01428,2.98698,visitors_g1,Scenario_2
190.0,15196,9.05679,-0.8766,0.04112,-0.0354,-0.02092,-2.60784,visitors_g1,Scenario_2
190.4,15196,9.01529,-0.8577,0.11401,-0.10375,0.04726,2.71417,visitors_g1,Scenario_2
190.8,15196,8.93795,-0.82098,0.21404,-0.19336,0.0918,2.69835,visitors_g1,Scenario_2
191.2,15196,8.83713,-0.64699,0.50271,-0.25204,0.43496,2.09598,visitors_g1,Scenario_2
191.6,15196,8.75003,-0.33242,0.81601,-0.21776,0.78642,1.84093,visitors_g1,Scenario_2
192.0,15196,8.67621,-0.18426,0.41385,-0.18456,0.37042,2.03304,visitors_g1,Scenario_2
192.4,15196,8.45941,-0.25668,0.57143,-0.54199,-0.18106,-2.81919,visitors_g1,Scenario_2
192.8,15196,8.04966,-0.30265,1.03081,-1.02439,-0.11492,-3.02988,visitors_g1,Scenario_2
193.2,15196,7.49749,-0.27994,1.38157,-1.38041,0.05678,3.10048,visitors_g1,Scenario_2
193.6,15196,6.87491,-0.26965,1.55667,-1.55646,0.0257,3.12508,visitors_g1,Scenario_2
177.6,15195,0.38985,3.18592,0.0,0.0,0.0,0.0,visitors_g1,Scenario_2
178.0,15195,0.40269,3.19459,0.03874,0.03211,0.02167,0.59375,visitors_g1,Scenario_2
178.4,15195,0.41876,3.20648,0.04997,0.04016,0.02973,0.63716,visitors_g1,Scenario_2
178.8,15195,0.4167,3.21493,0.02174,-0.00516,0.02112,1.81024,visitors_g1,Scenario_2
179.2,15195,0.40457,3.17942,0.0938,-0.03031,-0.08877,-1.89982,visitors_g1,Scenario_2
179.6,15195,0.39555,3.09995,0.19996,-0.02255,-0.19868,-1.68381,visitors_g1,Scenario_2
180.0,15195,0.50987,3.02309,0.34437,0.28578,-0.19215,-0.59193,visitors_g1,Scenario_2
180.4,15195,0.78345,2.92477,0.72679,0.68396,-0.2458,-0.345,visitors_g1,Scenario_2
180.8,15195,1.09114,2.70599,0.94386,0.76923,-0.54695,-0.61809,visitors_g1,Scenario_2
181.2,15195,1.49965,2.4692,1.18042,1.02125,-0.59198,-0.52533,visitors_g1,Scenario_2
181.6,15195,2.03363,2.31708,1.38808,1.33497,-0.3803,-0.27752,visitors_g1,Scenario_2
182.0,15195,2.57032,2.17751,1.38633,1.34171,-0.34891,-0.25442,visitors_g1,Scenario_2
182.4,15195,3.10282,2.09205,1.34829,1.33125,-0.21366,-0.15914,visitors_g1,Scenario_2
182.8,15195,3.57936,1.97356,1.22763,1.19135,-0.29623,-0.24371,visitors_g1,Scenario_2
183.2,15195,4.0372,1.77043,1.2522,1.14461,-0.50781,-0.41757,visitors_g1,Scenario_2
183.6,15195,4.54305,1.58844,1.34398,1.26462,-0.45498,-0.34535,visitors_g1,Scenario_2
184.0,15195,5.02129,1.3615,1.32337,1.19558,-0.56736,-0.44308,visitors_g1,Scenario_2
184.4,15195,5.50667,1.12469,1.35018,1.21346,-0.59202,-0.4539,visitors_g1,Scenario_2
184.8,15195,5.9843,0.9297,1.28976,1.19408,-0.48748,-0.3876,visitors_g1,Scenario_2
185.2,15195,6.3917,0.69442,1.17613,1.01848,-0.5882,-0.52373,visitors_g1,Scenario_2
75.6,15211,-8.56816,0.16348,0.0,0.0,0.0,0.0,visitors_g1,Scenario_2
76.0,15211,-8.57662,0.17046,0.02742,-0.02115,0.01744,2.45209,visitors_g1,Scenario_2
76.4,15211,-8.57913,0.12092,0.124,-0.00628,-0.12384,-1.62144,visitors_g1,Scenario_2
76.8,15211,-8.51756,0.03999,0.25422,0.15392,-0.20232,-0.92045,visitors_g1,Scenario_2
77.2,15211,-8.35734,-0.03967,0.44733,0.40055,-0.19915,-0.4614,visitors_g1,Scenario_2
77.6,15211,-8.11492,-0.04867,0.60646,0.60605,-0.02252,-0.03714,visitors_g1,Scenario_2
78.0,15211,-7.79145,0.0363,0.83611,0.80868,0.21243,0.25689,visitors_g1,Scenario_2
78.4,15211,-7.43353,0.07953,0.90132,0.89481,0.10808,0.1202,visitors_g1,Scenario_2
78.8,15211,-7.04084,0.07223,0.98188,0.98171,-0.01825,-0.01859,visitors_g1,Scenario_2
79.2,15211,-6.61381,0.10244,1.07026,1.06759,0.07551,0.07062,visitors_g1,Scenario_2
79.6,15211,-6.16137,0.14562,1.13623,1.13109,0.10797,0.09517,visitors_g1,Scenario_2
80.0,15211,-5.67152,0.15531,1.22488,1.22464,0.02421,0.01977,visitors_g1,Scenario_2
80.4,15211,-5.1268,0.18879,1.36436,1.36179,0.08369,0.06138,visitors_g1,Scenario_2
80.8,15211,-4.54453,0.14844,1.45917,1.45568,-0.10087,-0.06919,visitors_g1,Scenario_2
81.2,15211,-4.03098,0.00215,1.33495,1.28387,-0.36573,-0.27751,visitors_g1,Scenario_2
81.6,15211,-3.53743,-0.16547,1.3031,1.23388,-0.41905,-0.3274,visitors_g1,Scenario_2
82.0,15211,-3.01123,-0.39663,1.43683,1.31549,-0.57789,-0.41392,visitors_g1,Scenario_2
82.4,15211,-2.48796,-0.62079,1.42316,1.30818,-0.5604,-0.40473,visitors_g1,Scenario_2
82.8,15211,-1.91586,-0.78767,1.48984,1.43024,-0.4172,-0.28382,visitors_g1,Scenario_2
83.2,15211,-1.32747,-0.96695,1.53775,1.47098,-0.4482,-0.29576,visitors_g1,Scenario_2
96.0,15090,-7.63717,0.14656,0.0,0.0,0.0,0.0,visitors_g1,Scenario_2
96.4,15090,-7.12512,0.34349,1.37153,1.28012,0.49232,0.36715,visitors_g1,Scenario_2
96.8,15090,-6.57358,0.52497,1.45157,1.37885,0.45369,0.31788,visitors_g1,Scenario_2
97.2,15090,-6.02316,0.69962,1.44367,1.37606,0.43664,0.30726,visitors_g1,Scenario_2
97.6,15090,-5.44642,0.89952,1.52599,1.44184,0.49974,0.33364,visitors_g1,Scenario_2
98.0,15090,-4.80703,1.07805,1.65963,1.59849,0.44633,0.27229,visitors_g1,Scenario_2
98.4,15090,-4.1879,1.2718,1.62185,1.54783,0.48438,0.30329,visitors_g1,Scenario_2
98.8,15090,-3.58958,1.47446,1.57925,1.49578,0.50664,0.32659,visitors_g1,Scenario_2
99.2,15090,-2.99908,1.66839,1.55383,1.47625,0.48482,0.31732,visitors_g1,Scenario_2
99.6,15090,-2.43691,1.88934,1.5101,1.40544,0.55238,0.37449,visitors_g1,Scenario_2
100.0,15090,-1.86775,2.09201,1.5104,1.42289,0.50666,0.34208,visitors_g1,Scenario_2
100.4,15090,-1.29227,2.28139,1.51459,1.43869,0.47345,0.31792,visitors_g1,Scenario_2
100.8,15090,-0.67843,2.43526,1.58209,1.53461,0.38469,0.24561,visitors_g1,Scenario_2
101.2,15090,-0.03912,2.50363,1.6074,1.59828,0.17091,0.10653,visitors_g1,Scenario_2
101.6,15090,0.59202,2.56573,1.58546,1.57785,0.15525,0.09808,visitors_g1,Scenario_2
102.0,15090,1.23393,2.59544,1.60649,1.60477,0.07428,0.04625,visitors_g1,Scenario_2
102.4,15090,1.85044,2.60048,1.54131,1.54126,0.01259,0.00817,visitors_g1,Scenario_2
102.8,15090,2.46112,2.63544,1.5292,1.5267,0.0874,0.05719,visitors_g1,Scenario_2
103.2,15090,3.09106,2.645,1.57503,1.57485,0.02391,0.01518,visitors_g1,Scenario_2
103.6,15090,3.69652,2.65509,1.51386,1.51365,0.02522,0.01666,visitors_g1,Scenario_2
134.4,15069,1.98168,1.04623,0.0,0.0,0.0,0.0,visitors_g1,Scenario_2
134.8,15069,1.36034,1.21088,1.60697,-1.55335,0.41162,2.88256,visitors_g1,Scenario_2
135.2,15069,0.74372,1.2951,1.55584,-1.54153,0.21056,3.00584,visitors_g1,Scenario_2
135.6,15069,0.15393,1.3412,1.47899,-1.4745,0.11523,3.0636,visitors_g1,Scenario_2
136.0,15069,-0.41206,1.33582,1.41503,-1.41496,-0.01343,-3.1321,visitors_g1,Scenario_2
136.4,15069,-0.96871,1.27547,1.39979,-1.39163,-0.15088,-3.03359,visitors_g1,Scenario_2
136.8,15069,-1.53602,1.1876,1.43519,-1.41828,-0.21967,-2.98793,visitors_g1,Scenario_2
137.2,15069,-2.08892,1.02124,1.44346,-1.38225,-0.41592,-2.84931,visitors_g1,Scenario_2
137.6,15069,-2.60796,0.84507,1.37029,-1.29759,-0.44042,-2.81438,visitors_g1,Scenario_2
138.0,15069,-3.15009,0.62306,1.46457,-1.35533,-0.55502,-2.75291,visitors_g1,Scenario_2
138.4,15069,-3.71273,0.38022,1.53203,-1.40661,-0.60711,-2.73414,visitors_g1,Scenario_2
138.8,15069,-4.25521,0.1985,1.43025,-1.35618,-0.4543,-2.81836,visitors_g1,Scenario_2
139.2,15069,-4.76173,0.01802,1.34428,-1.2663,-0.45119,-2.79931,visitors_g1,Scenario_2
139.6,15069,-5.26796,-0.16336,1.34437,-1.26559,-0.45344,-2.79756,visitors_g1,Scenario_2
140.0,15069,-5.78068,-0.37298,1.38479,-1.2818,-0.52407,-2.75348,visitors_g1,Scenario_2
140.4,15069,-6.29632,-0.57273,1.38243,-1.28909,-0.49936,-2.77202,visitors_g1,Scenario_2
140.8,15069,-6.85407,-0.7145,1.43872,-1.39438,-0.35443,-2.89268,visitors_g1,Scenario_2
141.2,15069,-7.37834,-0.83338,1.34396,-1.31069,-0.2972,-2.91862,visitors_g1,Scenario_2
141.6,15069,-7.83169,-0.89433,1.14357,-1.13337,-0.15237,-3.00795,visitors_g1,Scenario_2
142.0,15069,-8.20391,-0.93142,0.93516,-0.93055,-0.09273,-3.04227,visitors_g1,Scenario_2
65.6,15112,-3.27382,0.52336,0.0,0.0,0.0,0.0,visitors_g1,Scenario_2
66.0,15112,-2.78691,0.76409,1.35793,1.21728,0.60182,0.45915,visitors_g1,Scenario_2
66.4,15112,-2.28778,0.93001,1.31496,1.24782,0.41481,0.32094,visitors_g1,Scenario_2
66.8,15112,-1.78239,1.18834,1.41895,1.26347,0.64581,0.47252,visitors_g1,Scenario_2
67.2,15112,-1.25788,1.3702,1.38787,1.31128,0.45466,0.33375,visitors_g1,Scenario_2
67.6,15112,-0.73986,1.42079,1.30121,1.29505,0.12648,0.09735,visitors_g1,Scenario_2
68.0,15112,-0.2232,1.5459,1.32897,1.29164,0.31277,0.23758,visitors_g1,Scenario_2
68.4,15112,0.32776,1.64211,1.39825,1.37741,0.24052,0.17287,visitors_g1,Scenario_2
68.8,15112,0.89034,1.72481,1.42157,1.40646,0.20675,0.14596,visitors_g1,Scenario_2
69.2,15112,1.48151,1.93631,1.56965,1.47791,0.52877,0.34359,visitors_g1,Scenario_2
69.6,15112,2.11034,2.06268,1.60352,1.57209,0.31593,0.19832,visitors_g1,Scenario_2
70.0,15112,2.67445,2.09356,1.41238,1.41027,0.07719,0.05468,visitors_g1,Scenario_2
70.4,15112,3.19907,2.15437,1.32032,1.31154,0.15201,0.11539,visitors_g1,Scenario_2
70.8,15112,3.75297,2.13869,1.38532,1.38477,-0.03919,-0.02829,visitors_g1,Scenario_2
71.2,15112,4.28195,2.13063,1.32259,1.32244,-0.02014,-0.01523,visitors_g1,Scenario_2
71.6,15112,4.82424,2.19053,1.36398,1.35574,0.14976,0.11002,visitors_g1,Scenario_2
72.0,15112,5.37251,2.13017,1.37896,1.37067,-0.15091,-0.10966,visitors_g1,Scenario_2
72.4,15112,5.84331,2.07359,1.18546,1.17699,-0.14144,-0.1196,visitors_g1,Scenario_2
72.8,15112,6.30328,2.13839,1.16128,1.14992,0.16199,0.13995,visitors_g1,Scenario_2
73.2,15112,6.766,2.12407,1.15736,1.15681,-0.03581,-0.03095,visitors_g1,Scenario_2
26.4,15177,0.0384,3.33747,0.0,0.0,0.0,0.0,visitors_g1,Scenario_2
26.8,15177,0.10187,3.41126,0.24333,0.15867,0.18448,0.86046,visitors_g1,Scenario_2
27.2,15177,0.10178,3.3996,0.02915,-0.00022,-0.02915,-1.57834,visitors_g1,Scenario_2
27.6,15177,0.10996,3.40784,0.029,0.02044,0.02058,0.7889,visitors_g1,Scenario_2
28.0,15177,0.12782,3.43505,0.08138,0.04466,0.06804,0.98989,visitors_g1,Scenario_2
28.4,15177,0.14337,3.45057,0.05491,0.03886,0.0388,0.78461,visitors_g1,Scenario_2
28.8,15177,0.08688,3.41229,0.17059,-0.14122,-0.09569,-2.54607,visitors_g1,Scenario_2
29.2,15177,-0.12797,3.30273,0.60291,-0.5371,-0.27391,-2.67,visitors_g1,Scenario_2
29.6,15177,-0.39154,3.20178,0.70562,-0.65894,-0.25237,-2.77583,visitors_g1,Scenario_2
30.0,15177,-0.57258,3.11546,0.50142,-0.45261,-0.21579,-2.6967,visitors_g1,Scenario_2
30.4,15177,-0.71987,2.9683,0.52052,-0.36822,-0.36791,-2.35661,visitors_g1,Scenario_2
30.8,15177,-0.92815,2.81587,0.64525,-0.5207,-0.38107,-2.50981,visitors_g1,Scenario_2
31.2,15177,-1.28206,2.7312,0.90974,-0.88478,-0.21167,-2.90677,visitors_g1,Scenario_2
31.6,15177,-1.71736,2.58571,1.14742,-1.08824,-0.36374,-2.81902,visitors_g1,Scenario_2
32.0,15177,-2.19505,2.40246,1.27909,-1.19424,-0.45811,-2.77531,visitors_g1,Scenario_2
32.4,15177,-2.74007,2.25188,1.4136,-1.36254,-0.37647,-2.87202,visitors_g1,Scenario_2
32.8,15177,-3.28327,2.02039,1.47617,-1.358,-0.57872,-2.73874,visitors_g1,Scenario_2
33.2,15177,-3.82759,1.81993,1.45013,-1.36079,-0.50114,-2.78874,visitors_g1,Scenario_2
33.6,15177,-4.3645,1.69865,1.3761,-1.34229,-0.3032,-2.91944,visitors_g1,Scenario_2
34.0,15177,-4.87747,1.60412,1.30403,-1.28244,-0.23634,-2.95935,visitors_g1,Scenario_2
142.8,15070,-8.57449,-1.02754,0.0,0.0,0.0,0.0,visitors_g1,Scenario_2
143.2,15070,-8.60474,-1.07601,0.14284,-0.07562,-0.12119,-2.12869,visitors_g1,Scenario_2
143.6,15070,-8.60404,-1.08628,0.02572,0.00173,-0.02566,-1.50358,visitors_g1,Scenario_2
144.0,15070,-8.59481,-1.10966,0.06286,0.02309,-0.05846,-1.1946,visitors_g1,Scenario_2
144.4,15070,-8.60123,-1.13993,0.07735,-0.01607,-0.07566,-1.78005,visitors_g1,Scenario_2
144.8,15070,-8.59249,-1.12519,0.04284,0.02187,0.03684,1.03507,visitors_g1,Scenario_2
145.2,15070,-8.54221,-1.08499,0.16094,0.1257,0.1005,0.67446,visitors_g1,Scenario_2
145.6,15070,-8.48343,-1.04274,0.18096,0.14694,0.10562,0.62325,visitors_g1,Scenario_2
146.0,15070,-8.42893,-1.05235,0.13835,0.13625,-0.02402,-0.17452,visitors_g1,Scenario_2
146.4,15070,-8.39392,-1.12599,0.20384,0.08752,-0.1841,-1.12701,visitors_g1,Scenario_2
146.8,15070,-8.35576,-1.21293,0.23737,0.09541,-0.21735,-1.15717,visitors_g1,Scenario_2
147.2,15070,-8.23108,-1.25393,0.32812,0.3117,-0.10251,-0.31772,visitors_g1,Scenario_2
147.6,15070,-8.03501,-1.22425,0.49576,0.49017,0.0742,0.15024,visitors_g1,Scenario_2
148.0,15070,-7.7554,-1.14325,0.72777,0.69902,0.20251,0.28198,visitors_g1,Scenario_2
148.4,15070,-7.34373,-1.07522,1.04313,1.02918,0.17005,0.16375,visitors_g1,Scenario_2
148.8,15070,-6.87015,-0.97765,1.20882,1.18396,0.24393,0.20318,visitors_g1,Scenario_2
149.2,15070,-6.39213,-0.83087,1.25011,1.19504,0.36695,0.29792,visitors_g1,Scenario_2
149.6,15070,-5.9034,-0.69554,1.26781,1.22183,0.33834,0.27014,visitors_g1,Scenario_2
150.0,15070,-5.40879,-0.52464,1.30825,1.23652,0.42725,0.33268,visitors_g1,Scenario_2
150.4,15070,-4.89545,-0.38519,1.32985,1.28334,0.34861,0.26525,visitors_g1,Scenario_2
33.6,15032,8.57387,-0.45188,0.0,0.0,0.0,0.0,visitors_g1,Scenario_2
34.0,15032,8.86915,-0.43229,0.73984,0.73822,0.04898,0.06625,visitors_g1,Scenario_2
34.4,15032,8.97119,-0.49593,0.30063,0.25508,-0.1591,-0.55768,visitors_g1,Scenario_2
34.8,15032,9.01805,-0.59743,0.27952,0.11717,-0.25377,-1.13823,visitors_g1,Scenario_2
35.2,15032,9.06492,-0.69894,0.27952,0.11717,-0.25377,-1.13823,visitors_g1,Scenario_2
35.6,15032,9.08168,-0.77184,0.187,0.0419,-0.18224,-1.34482,visitors_g1,Scenario_2
36.0,15032,9.08704,-0.7999,0.07143,0.0134,-0.07016,-1.38206,visitors_g1,Scenario_2
36.4,15032,9.11655,-0.80001,0.07375,0.07375,-0.00026,-0.00346,visitors_g1,Scenario_2
36.8,15032,9.04436,-0.78401,0.18485,-0.18048,0.03999,2.92356,visitors_g1,Scenario_2
37.2,15032,8.79637,-0.76838,0.6212,-0.61997,0.03909,3.07863,visitors_g1,Scenario_2
37.6,15032,8.4797,-0.75746,0.79213,-0.79166,0.02728,3.10714,visitors_g1,Scenario_2
38.0,15032,8.16304,-0.74655,0.79213,-0.79166,0.02728,3.10714,visitors_g1,Scenario_2
38.4,15032,7.84637,-0.73564,0.79213,-0.79166,0.02728,3.10714,visitors_g1,Scenario_2
38.8,15032,7.5297,-0.72472,0.79213,-0.79166,0.02728,3.10714,visitors_g1,Scenario_2
39.2,15032,7.21304,-0.71381,0.79213,-0.79166,0.02728,3.10714,visitors_g1,Scenario_2
39.6,15032,6.89637,-0.7029,0.79213,-0.79166,0.02728,3.10714,visitors_g1,Scenario_2
40.0,15032,6.57971,-0.69198,0.79213,-0.79166,0.02728,3.10714,visitors_g1,Scenario_2
40.4,15032,6.26304,-0.68107,0.79213,-0.79166,0.02728,3.10714,visitors_g1,Scenario_2
40.8,15032,5.94638,-0.67015,0.79213,-0.79166,0.02728,3.10714,visitors_g1,Scenario_2
41.2,15032,5.55262,-0.66238,0.98459,-0.9844,0.01943,3.12186,visitors_g1,Scenario_2
176.4,15279,-6.19615,-0.40659,0.0,0.0,0.0,0.0,visitors_g1,Scenario_2
176.8,15279,-6.48712,-0.75339,1.13175,-0.72742,-0.86702,-2.26886,visitors_g1,Scenario_2
177.2,15279,-6.75621,-1.10215,1.10126,-0.67273,-0.8719,-2.22796,visitors_g1,Scenario_2
177.6,15279,-7.0174,-1.3932,0.97763,-0.65296,-0.7276,-2.30218,visitors_g1,Scenario_2
178.0,15279,-7.23881,-1.64441,0.83715,-0.55353,-0.62804,-2.29321,visitors_g1,Scenario_2
178.4,15279,-7.40471,-1.88822,0.73725,-0.41476,-0.60951,-2.1683,visitors_g1,Scenario_2
178.8,15279,-7.55595,-2.07584,0.60248,-0.37811,-0.46906,-2.24924,visitors_g1,Scenario_2
179.2,15279,-7.65628,-2.18553,0.37163,-0.25082,-0.27422,-2.31167,visitors_g1,Scenario_2
179.6,15279,-7.66851,-2.23502,0.12746,-0.03058,-0.12374,-1.81309,visitors_g1,Scenario_2
180.0,15279,-7.66301,-2.25445,0.05047,0.01377,-0.04856,-1.29455,visitors_g1,Scenario_2
180.4,15279,-7.67267,-2.25513,0.02421,-0.02415,-0.00172,-3.07048,visitors_g1,Scenario_2
180.8,15279,-7.68435,-2.23551,0.0571,-0.02921,0.04906,2.10775,visitors_g1,Scenario_2
181.2,15279,-7.74713,-2.21967,0.16187,-0.15696,0.0396,2.89448,visitors_g1,Scenario_2
181.6,15279,-7.83309,-2.23285,0.21742,-0.2149,-0.03296,-2.98941,visitors_g1,Scenario_2
182.0,15279,-7.88175,-2.23831,0.12241,-0.12165,-0.01363,-3.02999,visitors_g1,Scenario_2
182.4,15279,-7.8986,-2.20341,0.09688,-0.04211,0.08725,2.02047,visitors_g1,Scenario_2
182.8,15279,-7.8784,-2.12965,0.19117,0.05049,0.18438,1.3035,visitors_g1,Scenario_2
183.2,15279,-7.81201,-2.04104,0.27681,0.16598,0.22153,0.92778,visitors_g1,Scenario_2
183.6,15279,-7.64697,-1.98703,0.43413,0.41259,0.13504,0.3163,visitors_g1,Scenario_2
184.0,15279,-7.33514,-1.99028,0.77963,0.77958,-0.00815,-0.01045,visitors_g1,Scenario_2
203.2,15170,8.48583,2.14519,0.0,0.0,0.0,0.0,visitors_g1,Scenario_2
203.6,15170,8.30736,2.08128,0.47393,-0.44618,-0.15978,-2.79772,visitors_g1,Scenario_2
204.0,15170,7.93708,1.90586,1.02433,-0.92571,-0.43854,-2.69917,visitors_g1,Scenario_2
204.4,15170,7.53492,1.68089,1.15201,-1.00538,-0.56242,-2.63155,visitors_g1,Scenario_2
204.8,15170,7.10571,1.42201,1.2531,-1.07302,-0.6472,-2.59885,visitors_g1,Scenario_2
205.2,15170,6.68334,1.11282,1.30862,-1.05594,-0.77297,-2.5097,visitors_g1,Scenario_2
205.6,15170,6.24229,0.82902,1.31118,-1.10262,-0.70952,-2.56981,visitors_g1,Scenario_2
206.0,15170,5.77526,0.55591,1.35256,-1.16759,-0.68276,-2.61246,visitors_g1,Scenario_2
206.4,15170,5.3171,0.27405,1.34479,-1.1454,-0.70465,-2.59007,visitors_g1,Scenario_2
206.8,15170,4.8458,0.08107,1.27319,-1.17823,-0.48246,-2.75295,visitors_g1,Scenario_2
207.2,15170,4.3816,-0.11801,1.26273,-1.16052,-0.49769,-2.73646,visitors_g1,Scenario_2
207.6,15170,3.92191,-0.34055,1.27681,-1.14922,-0.55636,-2.69073,visitors_g1,Scenario_2
208.0,15170,3.4234,-0.53479,1.33752,-1.24626,-0.48558,-2.77006,visitors_g1,Scenario_2
208.4,15170,2.93915,-0.75774,1.33278,-1.21063,-0.55739,-2.71011,visitors_g1,Scenario_2
208.8,15170,2.44105,-0.94555,1.33082,-1.24524,-0.46953,-2.78102,visitors_g1,Scenario_2
209.2,15170,1.94349,-1.15049,1.34531,-1.24392,-0.51235,-2.75088,visitors_g1,Scenario_2
209.6,15170,1.5495,-1.40756,1.17609,-0.98498,-0.64267,-2.56348,visitors_g1,Scenario_2
210.0,15170,1.17338,-1.62065,1.0807,-0.94028,-0.53273,-2.62612,visitors_g1,Scenario_2
210.4,15170,0.75134,-1.83229,1.18033,-1.05511,-0.52908,-2.67679,visitors_g1,Scenario_2
210.8,15170,0.30989,-2.03987,1.21954,-1.10362,-0.51895,-2.70204,visitors_g1,Scenario_2
117.6,15216,1.64447,-1.15309,0.0,0.0,0.0,0.0,visitors_g1,Scenario_2
118.0,15216,2.21777,-0.9281,1.53967,1.43325,0.56248,0.37398,visitors_g1,Scenario_2
118.4,15216,2.80111,-0.71871,1.54947,1.45836,0.52347,0.34462,visitors_g1,Scenario_2
118.8,15216,3.32978,-0.47293,1.45751,1.32167,0.61445,0.43518,visitors_g1,Scenario_2
119.2,15216,3.90212,-0.27357,1.51517,1.43085,0.49841,0.33519,visitors_g1,Scenario_2
119.6,15216,4.51277,-0.0528,1.62332,1.52663,0.5519,0.3469,visitors_g1,Scenario_2
120.0,15216,5.07951,0.14377,1.49966,1.41685,0.49145,0.33387,visitors_g1,Scenario_2
120.4,15216,5.62604,0.3227,1.43768,1.36632,0.4473,0.31638,visitors_g1,Scenario_2
120.8,15216,6.18129,0.53057,1.48222,1.38813,0.51969,0.35823,visitors_g1,Scenario_2
121.2,15216,6.73197,0.68629,1.43068,1.37669,0.3893,0.27559,visitors_g1,Scenario_2
121.6,15216,7.18816,0.8705,1.22994,1.14047,0.46051,0.38377,visitors_g1,Scenario_2
122.0,15216,7.52318,1.08783,0.99835,0.83755,0.54333,0.57547,visitors_g1,Scenario_2
122.4,15216,7.77406,1.18382,0.67153,0.62719,0.23995,0.3654,visitors_g1,Scenario_2
122.8,15216,7.95723,1.21269,0.46358,0.45793,0.07218,0.15633,visitors_g1,Scenario_2
123.2,15216,8.05801,1.25799,0.27623,0.25195,0.11325,0.42245,visitors_g1,Scenario_2
123.6,15216,8.10286,1.29954,0.15285,0.11213,0.10388,0.74721,visitors_g1,Scenario_2
124.0,15216,8.12995,1.33461,0.11081,0.06774,0.08769,0.91304,visitors_g1,Scenario_2
124.4,15216,8.15508,1.3563,0.08297,0.0628,0.05422,0.71213,visitors_g1,Scenario_2
124.8,15216,8.24998,1.37671,0.24268,0.23726,0.05102,0.21179,visitors_g1,Scenario_2
125.2,15216,8.4359,1.44791,0.49771,0.46479,0.178,0.36575,visitors_g1,Scenario_2
123.6,15161,-2.71594,-0.52871,0.0,0.0,0.0,0.0,visitors_g1,Scenario_2
124.0,15161,-2.22362,-0.65123,1.26835,1.23081,-0.3063,-0.24391,visitors_g1,Scenario_2
124.4,15161,-1.73838,-0.75149,1.23872,1.21309,-0.25064,-0.20375,visitors_g1,Scenario_2
124.8,15161,-1.26372,-0.80657,1.19461,1.18665,-0.13769,-0.11552,visitors_g1,Scenario_2
125.2,15161,-0.76876,-0.88721,1.25374,1.23742,-0.2016,-0.1615,visitors_g1,Scenario_2
125.6,15161,-0.30232,-0.86722,1.16717,1.1661,0.04997,0.04283,visitors_g1,Scenario_2
126.0,15161,0.17208,-0.78282,1.20461,1.18599,0.211,0.17607,visitors_g1,Scenario_2
126.4,15161,0.67231,-0.74121,1.25489,1.25057,0.10401,0.08298,visitors_g1,Scenario_2
126.8,15161,1.16115,-0.67892,1.23198,1.2221,0.15574,0.12675,visitors_g1,Scenario_2
127.2,15161,1.66372,-0.65395,1.25799,1.25644,0.06241,0.04963,visitors_g1,Scenario_2
127.6,15161,2.16214,-0.65103,1.24606,1.24604,0.0073,0.00586,visitors_g1,Scenario_2
128.0,15161,2.6476,-0.60879,1.21824,1.21365,0.10561,0.0868,visitors_g1,Scenario_2
128.4,15161,3.12899,-0.60353,1.20356,1.20348,0.01315,0.01092,visitors_g1,Scenario_2
128.8,15161,3.61542,-0.57196,1.21862,1.21606,0.07892,0.06481,visitors_g1,Scenario_2
129.2,15161,4.10574,-0.47834,1.24794,1.2258,0.23406,0.18867,visitors_g1,Scenario_2
129.6,15161,4.59752,-0.41902,1.23836,1.22945,0.1483,0.12005,visitors_g1,Scenario_2
130.0,15161,5.0848,-0.33964,1.23425,1.21819,0.19844,0.16148,visitors_g1,Scenario_2
130.4,15161,5.58339,-0.27468,1.25702,1.24648,0.16241,0.12957,visitors_g1,Scenario_2
130.8,15161,6.09666,-0.27475,1.28318,1.28318,-0.00018,-0.00014,visitors_g1,Scenario_2
131.2,15161,6.63042,-0.24499,1.33648,1.33441,0.07441,0.0557,visitors_g1,Scenario_2
220.0,15172,-7.42995,-3.14876,0.0,0.0,0.0,0.0,visitors_g1,Scenario_2
220.4,15172,-7.47342,-3.00997,0.36361,-0.10868,0.34699,1.87433,visitors_g1,Scenario_2
220.8,15172,-7.47652,-2.97352,0.09146,-0.00777,0.09112,1.65584,visitors_g1,Scenario_2
221.2,15172,-7.46607,-2.9634,0.03637,0.02613,0.02531,0.76946,visitors_g1,Scenario_2
221.6,15172,-7.44196,-2.97631,0.06839,0.06029,-0.0323,-0.49181,visitors_g1,Scenario_2
222.0,15172,-7.44131,-3.02546,0.12289,0.00162,-0.12288,-1.55763,visitors_g1,Scenario_2
222.4,15172,-7.47101,-3.06609,0.1258,-0.07423,-0.10156,-2.20199,visitors_g1,Scenario_2
222.8,15172,-7.47772,-3.06755,0.01717,-0.01677,-0.00365,-2.92754,visitors_g1,Scenario_2
223.2,15172,-7.39046,-3.07091,0.21831,0.21815,-0.00841,-0.03854,visitors_g1,Scenario_2
223.6,15172,-7.20582,-3.12566,0.48147,0.4616,-0.13686,-0.28824,visitors_g1,Scenario_2
224.0,15172,-7.11331,-3.20701,0.30796,0.23126,-0.20337,-0.72132,visitors_g1,Scenario_2
224.4,15172,-7.0089,-3.24216,0.27543,0.26103,-0.08789,-0.3248,visitors_g1,Scenario_2
224.8,15172,-6.76647,-3.18284,0.62395,0.60607,0.1483,0.23998,visitors_g1,Scenario_2
225.2,15172,-6.54143,-3.00161,0.72236,0.56261,0.45308,0.67798,visitors_g1,Scenario_2
225.6,15172,-6.33998,-2.75415,0.79774,0.50363,0.61866,0.88753,visitors_g1,Scenario_2
226.0,15172,-6.14713,-2.475,0.84822,0.48213,0.69787,0.96623,visitors_g1,Scenario_2
226.4,15172,-6.01708,-2.12067,0.9436,0.32512,0.88582,1.21903,visitors_g1,Scenario_2
226.8,15172,-5.92524,-1.72807,1.00798,0.22958,0.98149,1.34102,visitors_g1,Scenario_2
227.2,15172,-5.77118,-1.35381,1.01183,0.38517,0.93565,1.18028,visitors_g1,Scenario_2
227.6,15172,-5.56061,-0.99863,1.03228,0.52643,0.88796,1.03565,visitors_g1,Scenario_2
193.2,15253,4.63677,-0.96678,0.0,0.0,0.0,0.0,visitors_g1,Scenario_2
193.6,15253,5.13756,-0.93856,1.25396,1.25197,0.07057,0.05631,visitors_g1,Scenario_2
194.0,15253,5.63422,-0.97106,1.2443,1.24164,-0.08126,-0.06536,visitors_g1,Scenario_2
194.4,15253,6.1382,-0.97464,1.25999,1.25996,-0.00896,-0.00711,visitors_g1,Scenario_2
194.8,15253,6.65166,-1.01063,1.2868,1.28365,-0.08995,-0.06996,visitors_g1,Scenario_2
195.2,15253,7.17104,-1.0296,1.29931,1.29845,-0.04744,-0.03652,visitors_g1,Scenario_2
195.6,15253,7.73896,-0.95034,1.43357,1.41981,0.19816,0.13867,visitors_g1,Scenario_2
196.0,15253,8.40676,-0.88096,1.67847,1.66948,0.17345,0.10352,visitors_g1,Scenario_2
196.4,15253,9.00046,-0.81356,1.4938,1.48427,0.16851,0.11305,visitors_g1,Scenario_2
196.8,15253,9.25384,-0.73356,0.66426,0.63344,0.19999,0.30581,visitors_g1,Scenario_2
197.2,15253,9.27688,-0.69771,0.10654,0.05759,0.08964,0.9997,visitors_g1,Scenario_2
197.6,15253,9.26851,-0.67454,0.06158,-0.02091,0.05792,1.91718,visitors_g1,Scenario_2
198.0,15253,9.25673,-0.6605,0.04582,-0.02945,0.0351,2.26893,visitors_g1,Scenario_2
198.4,15253,9.24914,-0.65843,0.01967,-0.01898,0.00516,2.87628,visitors_g1,Scenario_2
198.8,15253,9.24366,-0.65386,0.01785,-0.0137,0.01144,2.44604,visitors_g1,Scenario_2
199.2,15253,9.23834,-0.63632,0.04582,-0.01329,0.04385,1.86509,visitors_g1,Scenario_2
199.6,15253,9.23773,-0.61459,0.05433,-0.00153,0.05431,1.59889,visitors_g1,Scenario_2
200.0,15253,9.23819,-0.59985,0.03687,0.00115,0.03685,1.53957,visitors_g1,Scenario_2
200.4,15253,9.23892,-0.58482,0.03762,0.00181,0.03758,1.52267,visitors_g1,Scenario_2
200.8,15253,9.22348,-0.55666,0.08028,-0.03859,0.07039,2.07229,visitors_g1,Scenario_2
25.2,15056,-1.39541,-3.75311,0.0,0.0,0.0,0.0,visitors_g1,Scenario_2
25.6,15056,-1.46589,-3.78079,0.1893,-0.1762,-0.06919,-2.76741,visitors_g1,Scenario_2
26.0,15056,-1.43443,-3.71845,0.17456,0.07864,0.15585,1.10346,visitors_g1,Scenario_2
26.4,15056,-1.26611,-3.56278,0.57318,0.42081,0.38918,0.74637,visitors_g1,Scenario_2
26.8,15056,-0.95514,-3.33373,0.96553,0.77741,0.57261,0.63484,visitors_g1,Scenario_2
27.2,15056,-0.55981,-3.02308,1.25696,0.98833,0.77663,0.66602,visitors_g1,Scenario_2
27.6,15056,-0.07066,-2.74552,1.40604,1.22288,0.6939,0.51613,visitors_g1,Scenario_2
28.0,15056,0.44554,-2.48088,1.45022,1.29051,0.66161,0.47373,visitors_g1,Scenario_2
28.4,15056,0.91923,-2.1998,1.37699,1.18421,0.70268,0.53554,visitors_g1,Scenario_2
28.8,15056,1.39203,-1.9405,1.34811,1.18201,0.64826,0.50165,visitors_g1,Scenario_2
29.2,15056,1.87794,-1.6802,1.37809,1.21477,0.65074,0.49179,visitors_g1,Scenario_2
29.6,15056,2.37745,-1.47048,1.35437,1.24877,0.52431,0.39751,visitors_g1,Scenario_2
30.0,15056,2.87755,-1.28719,1.33158,1.25025,0.45822,0.3513,visitors_g1,Scenario_2
30.4,15056,3.38198,-1.11729,1.33067,1.26106,0.42476,0.3249,visitors_g1,Scenario_2
30.8,15056,3.90321,-0.98607,1.34373,1.30308,0.32804,0.24662,visitors_g1,Scenario_2
31.2,15056,4.43558,-0.82023,1.39401,1.33093,0.4146,0.30198,visitors_g1,Scenario_2
31.6,15056,4.99017,-0.68021,1.43,1.38649,0.35005,0.24731,visitors_g1,Scenario_2
32.0,15056,5.5181,-0.59573,1.3366,1.31981,0.21119,0.15867,visitors_g1,Scenario_2
32.4,15056,6.0337,-0.50761,1.3077,1.28901,0.22031,0.16928,visitors_g1,Scenario_2
32.8,15056,6.55483,-0.42658,1.31848,1.30283,0.20256,0.15424,visitors_g1,Scenario_2
190.0,15023,2.58088,1.88318,0.0,0.0,0.0,0.0,visitors_g1,Scenario_2
190.4,15023,3.04825,2.0064,1.20834,1.16841,0.30804,0.25777,visitors_g1,Scenario_2
190.8,15023,3.45559,2.10248,1.0463,1.01835,0.24022,0.23166,visitors_g1,Scenario_2
191.2,15023,3.84532,2.09325,0.9746,0.97432,-0.02309,-0.0237,visitors_g1,Scenario_2
191.6,15023,4.23291,2.16501,0.98545,0.96898,0.17941,0.18308,visitors_g1,Scenario_2
192.0,15023,4.62211,2.30454,1.03365,0.973,0.34883,0.34424,visitors_g1,Scenario_2
192.4,15023,5.02781,2.34609,1.01954,1.01424,0.10387,0.10206,visitors_g1,Scenario_2
192.8,15023,5.40837,2.41497,0.96686,0.9514,0.1722,0.17906,visitors_g1,Scenario_2
193.2,15023,5.74906,2.57659,0.94272,0.85174,0.40405,0.44294,visitors_g1,Scenario_2
193.6,15023,6.0575,2.64553,0.79011,0.77108,0.17236,0.21992,visitors_g1,Scenario_2
194.0,15023,6.318,2.65498,0.65167,0.65124,0.0236,0.03623,visitors_g1,Scenario_2
194.4,15023,6.51743,2.7647,0.56907,0.49859,0.27432,0.50298,visitors_g1,Scenario_2
194.8,15023,6.67527,2.88088,0.48996,0.3946,0.29043,0.63449,visitors_g1,Scenario_2
195.2,15023,6.7967,2.8378,0.3221,0.30356,-0.1077,-0.34093,visitors_g1,Scenario_2
195.6,15023,6.85081,2.76165,0.23354,0.13528,-0.19037,-0.95298,visitors_g1,Scenario_2
196.0,15023,6.84369,2.86048,0.24771,-0.01779,0.24707,1.64269,visitors_g1,Scenario_2
196.4,15023,6.83722,2.97186,0.27892,-0.01619,0.27845,1.62888,visitors_g1,Scenario_2
196.8,15023,6.86317,2.98135,0.06909,0.06488,0.02375,0.35085,visitors_g1,Scenario_2
197.2,15023,6.8661,2.98417,0.01017,0.00735,0.00704,0.76429,visitors_g1,Scenario_2
197.6,15023,6.83844,2.99289,0.07251,-0.06916,0.02181,2.83611,visitors_g1,Scenario_2
44.4,15153,-0.69618,1.65615,0.0,0.0,0.0,0.0,visitors_g1,Scenario_2
44.8,15153,-1.20514,1.61429,1.2767,-1.2724,-0.10465,-3.05954,visitors_g1,Scenario_2
45.2,15153,-1.75694,1.50752,1.40507,-1.37948,-0.26692,-2.95046,visitors_g1,Scenario_2
45.6,15153,-2.30726,1.48901,1.37659,-1.37582,-0.04628,-3.10796,visitors_g1,Scenario_2
46.0,15153,-2.83286,1.48842,1.31399,-1.31399,-0.00147,-3.14048,visitors_g1,Scenario_2
46.4,15153,-3.33343,1.51019,1.25261,-1.25143,0.05443,3.09812,visitors_g1,Scenario_2
46.8,15153,-3.78705,1.60491,1.1585,-1.13405,0.23679,2.93575,visitors_g1,Scenario_2
47.2,15153,-4.24167,1.64282,1.14049,-1.13654,0.09477,3.0584,visitors_g1,Scenario_2
47.6,15153,-4.70889,1.6747,1.17078,-1.16806,0.0797,3.07346,visitors_g1,Scenario_2
48.0,15153,-5.17225,1.75429,1.17536,-1.15839,0.19897,2.97149,visitors_g1,Scenario_2
48.4,15153,-5.60819,1.81774,1.10134,-1.08986,0.15862,2.99707,visitors_g1,Scenario_2
48.8,15153,-5.97799,1.94203,0.97531,-0.92449,0.31075,2.81733,visitors_g1,Scenario_2
49.2,15153,-6.27913,2.12606,0.88229,-0.75285,0.46006,2.59306,visitors_g1,Scenario_2
49.6,15153,-6.56423,2.30127,0.83659,-0.71276,0.43802,2.59054,visitors_g1,Scenario_2
50.0,15153,-6.76453,2.47107,0.65648,-0.50076,0.42451,2.43842,visitors_g1,Scenario_2
50.4,15153,-6.80911,2.52423,0.17344,-0.11145,0.1329,2.26864,visitors_g1,Scenario_2
50.8,15153,-6.81728,2.40368,0.30206,-0.02043,-0.30137,-1.63848,visitors_g1,Scenario_2
51.2,15153,-6.82453,2.31438,0.22399,-0.01811,-0.22326,-1.65173,visitors_g1,Scenario_2
51.6,15153,-6.78894,2.39609,0.22281,0.08897,0.20427,1.16005,visitors_g1,Scenario_2
52.0,15153,-6.76263,2.49441,0.25446,0.06578,0.24581,1.30929,visitors_g1,Scenario_2
16.8,15232,-1.62402,-3.54636,0.0,0.0,0.0,0.0,visitors_g1,Scenario_2
17.2,15232,-1.62708,-3.56706,0.05233,-0.00764,-0.05176,-1.7174,visitors_g1,Scenario_2
17.6,15232,-1.62333,-3.58747,0.05188,0.00937,-0.05102,-1.38909,visitors_g1,Scenario_2
18.0,15232,-1.56584,-3.57041,0.14993,0.14373,0.04266,0.28853,visitors_g1,Scenario_2
18.4,15232,-1.44653,-3.43038,0.4599,0.29827,0.35006,0.8651,visitors_g1,Scenario_2
18.8,15232,-1.37041,-3.17945,0.65558,0.1903,0.62735,1.27627,visitors_g1,Scenario_2
19.2,15232,-1.34681,-2.99394,0.46751,0.05898,0.46377,1.4443,visitors_g1,Scenario_2
19.6,15232,-1.29727,-2.93987,0.18334,0.12386,0.13517,0.82903,visitors_g1,Scenario_2
20.0,15232,-1.26408,-2.87509,0.18196,0.08298,0.16194,1.09727,visitors_g1,Scenario_2
20.4,15232,-1.37249,-2.67299,0.57337,-0.27104,0.50526,2.06317,visitors_g1,Scenario_2
20.8,15232,-1.62359,-2.32491,1.07299,-0.62775,0.8702,2.19573,visitors_g1,Scenario_2
21.2,15232,-1.86922,-1.9028,1.22093,-0.61407,1.05526,2.09781,visitors_g1,Scenario_2
21.6,15232,-2.13237,-1.5184,1.16462,-0.65785,0.96102,2.17107,visitors_g1,Scenario_2
22.0,15232,-2.46158,-1.19737,1.14957,-0.82305,0.80256,2.3688,visitors_g1,Scenario_2
22.4,15232,-2.78784,-0.85443,1.18335,-0.81563,0.85736,2.33126,visitors_g1,Scenario_2
22.8,15232,-3.14,-0.46862,1.30592,-0.88041,0.96452,2.31064,visitors_g1,Scenario_2
23.2,15232,-3.50452,-0.09227,1.30987,-0.9113,0.94089,2.34022,visitors_g1,Scenario_2
23.6,15232,-3.89233,0.23925,1.2755,-0.96953,0.82879,2.4343,visitors_g1,Scenario_2
24.0,15232,-4.3551,0.54701,1.38941,-1.15693,0.7694,2.55472,visitors_g1,Scenario_2
24.4,15232,-4.77287,0.87352,1.32556,-1.04441,0.81629,2.47819,visitors_g1,Scenario_2
25.2,15205,0.71196,2.68803,0.0,0.0,0.0,0.0,visitors_g1,Scenario_2
25.6,15205,0.54363,2.96817,0.81706,-0.42082,0.70035,2.11185,visitors_g1,Scenario_2
26.0,15205,0.40866,3.11822,0.50455,-0.33742,0.37512,2.30333,visitors_g1,Scenario_2
26.4,15205,0.36136,3.22992,0.30326,-0.11826,0.27925,1.97138,visitors_g1,Scenario_2
26.8,15205,0.35035,3.28824,0.14839,-0.02752,0.14581,1.75737,visitors_g1,Scenario_2
27.2,15205,0.35165,3.2836,0.01206,0.00325,-0.01161,-1.29796,visitors_g1,Scenario_2
27.6,15205,0.34735,3.27548,0.02297,-0.01074,-0.0203,-2.05742,visitors_g1,Scenario_2
28.0,15205,0.34085,3.27366,0.01688,-0.01626,-0.00453,-2.86973,visitors_g1,Scenario_2
28.4,15205,0.34077,3.26338,0.02571,-0.0002,-0.02571,-1.57867,visitors_g1,Scenario_2
28.8,15205,0.35762,3.20282,0.15714,0.04212,-0.15139,-1.29941,visitors_g1,Scenario_2
29.2,15205,0.43075,3.12816,0.26127,0.18283,-0.18665,-0.79575,visitors_g1,Scenario_2
29.6,15205,0.47197,3.04813,0.22506,0.10306,-0.20008,-1.09517,visitors_g1,Scenario_2
30.0,15205,0.45248,2.75728,0.72877,-0.04873,-0.72714,-1.63771,visitors_g1,Scenario_2
30.4,15205,0.38522,2.37779,0.96349,-0.16814,-0.94871,-1.7462,visitors_g1,Scenario_2
30.8,15205,0.1592,2.15992,0.78484,-0.56505,-0.54468,-2.37455,visitors_g1,Scenario_2
31.2,15205,-0.23425,1.98428,1.07719,-0.98364,-0.4391,-2.72174,visitors_g1,Scenario_2
31.6,15205,-0.79327,1.81287,1.46177,-1.39755,-0.42852,-2.84407,visitors_g1,Scenario_2
32.0,15205,-1.40496,1.71936,1.54698,-1.52921,-0.23377,-2.98989,visitors_g1,Scenario_2
32.4,15205,-2.01088,1.58113,1.55373,-1.51481,-0.34559,-2.91729,visitors_g1,Scenario_2
32.8,15205,-2.63803,1.42451,1.61603,-1.56788,-0.39155,-2.89687,visitors_g1,Scenario_2
36.0,15152,8.48159,2.09285,0.0,0.0,0.0,0.0,visitors_g1,Scenario_2
36.4,15152,8.41303,2.08827,0.17177,-0.17139,-0.01144,-3.07495,visitors_g1,Scenario_2
36.8,15152,8.15424,2.02129,0.66829,-0.64697,-0.16745,-2.88833,visitors_g1,Scenario_2
37.2,15152,7.81903,1.91768,0.87713,-0.83801,-0.25902,-2.84182,visitors_g1,Scenario_2
37.6,15152,7.47602,1.88973,0.86039,-0.85755,-0.0699,-3.06027,visitors_g1,Scenario_2
38.0,15152,7.07442,1.87449,1.0047,-1.00398,-0.0381,-3.10366,visitors_g1,Scenario_2
38.4,15152,6.65916,1.78478,1.06211,-1.03816,-0.22427,-2.92883,visitors_g1,Scenario_2
38.8,15152,6.19109,1.75544,1.17248,-1.17018,-0.07335,-3.07899,visitors_g1,Scenario_2
39.2,15152,5.6515,1.76302,1.34909,-1.34895,0.01896,3.12754,visitors_g1,Scenario_2
39.6,15152,5.14067,1.77067,1.27723,-1.27709,0.01912,3.12663,visitors_g1,Scenario_2
40.0,15152,4.67302,1.87458,1.19763,-1.16911,0.25979,2.92293,visitors_g1,Scenario_2
40.4,15152,4.24588,1.97785,1.09862,-1.06786,0.25816,2.90439,visitors_g1,Scenario_2
40.8,15152,3.83254,2.02942,1.04136,-1.03335,0.12893,3.01747,visitors_g1,Scenario_2
41.2,15152,3.35292,2.06588,1.2025,-1.19904,0.09114,3.06573,visitors_g1,Scenario_2
41.6,15152,2.85175,2.02927,1.25627,-1.25293,-0.09152,-3.06868,visitors_g1,Scenario_2
42.0,15152,2.34527,1.9718,1.27433,-1.2662,-0.14366,-3.02862,visitors_g1,Scenario_2
42.4,15152,1.82507,1.91105,1.30934,-1.3005,-0.15188,-3.02533,visitors_g1,Scenario_2
42.8,15152,1.31624,1.80717,1.29833,-1.27209,-0.25972,-2.94019,visitors_g1,Scenario_2
43.2,15152,0.82271,1.77225,1.23689,-1.23381,-0.08728,-3.07097,visitors_g1,Scenario_2
43.6,15152,0.32156,1.74154,1.25522,-1.25287,-0.07679,-3.08038,visitors_g1,Scenario_2
176.4,15251,-5.44314,-0.84673,0.0,0.0,0.0,0.0,visitors_g1,Scenario_2
176.8,15251,-5.74729,-1.23959,1.24208,-0.76036,-0.98215,-2.2296,visitors_g1,Scenario_2
177.2,15251,-6.08978,-1.5777,1.20317,-0.85623,-0.84527,-2.36264,visitors_g1,Scenario_2
177.6,15251,-6.43916,-1.90709,1.20043,-0.87344,-0.82349,-2.38563,visitors_g1,Scenario_2
178.0,15251,-6.88648,-2.21348,1.35547,-1.1183,-0.76596,-2.54105,visitors_g1,Scenario_2
178.4,15251,-7.32656,-2.46616,1.26866,-1.1002,-0.6317,-2.62039,visitors_g1,Scenario_2
178.8,15251,-7.51281,-2.61483,0.5958,-0.46564,-0.37169,-2.46792,visitors_g1,Scenario_2
179.2,15251,-7.51075,-2.66269,0.11975,0.00516,-0.11964,-1.52767,visitors_g1,Scenario_2
179.6,15251,-7.49536,-2.66438,0.0387,0.03847,-0.00423,-0.10942,visitors_g1,Scenario_2
180.0,15251,-7.49055,-2.64702,0.04504,0.01202,0.04341,1.30057,visitors_g1,Scenario_2
180.4,15251,-7.49459,-2.61768,0.07403,-0.01009,0.07334,1.70749,visitors_g1,Scenario_2
180.8,15251,-7.49815,-2.61059,0.01984,-0.0089,0.01773,2.03613,visitors_g1,Scenario_2
181.2,15251,-7.50701,-2.62772,0.04822,-0.02217,-0.04283,-2.04839,visitors_g1,Scenario_2
181.6,15251,-7.5296,-2.64657,0.07354,-0.05646,-0.04712,-2.44606,visitors_g1,Scenario_2
182.0,15251,-7.51076,-2.66679,0.0691,0.04709,-0.05056,-0.82091,visitors_g1,Scenario_2
182.4,15251,-7.38535,-2.70313,0.32641,0.31351,-0.09084,-0.28203,visitors_g1,Scenario_2
182.8,15251,-7.19283,-2.75163,0.49634,0.4813,-0.12125,-0.24679,visitors_g1,Scenario_2
183.2,15251,-7.00031,-2.80013,0.49634,0.4813,-0.12125,-0.24679,visitors_g1,Scenario_2
183.6,15251,-6.7947,-2.84117,0.52417,0.51403,-0.10259,-0.19699,visitors_g1,Scenario_2
184.0,15251,-6.48907,-2.90091,0.77854,0.76408,-0.14937,-0.19306,visitors_g1,Scenario_2
0.0,15105,-6.02863,-3.65541,0.0,0.0,0.0,0.0,visitors_g1,Scenario_2
0.4,15105,-6.05049,-3.64596,0.05952,-0.05463,0.02363,2.73342,visitors_g1,Scenario_2
0.8,15105,-6.09332,-3.61684,0.12947,-0.10707,0.07279,2.54453,visitors_g1,Scenario_2
1.2,15105,-6.12674,-3.57147,0.14087,-0.08355,0.11341,2.20573,visitors_g1,Scenario_2
1.6,15105,-6.10956,-3.47713,0.23973,0.04293,0.23586,1.39076,visitors_g1,Scenario_2
2.0,15105,-6.08034,-3.33236,0.36923,0.07307,0.36192,1.37158,visitors_g1,Scenario_2
2.4,15105,-6.16346,-3.23133,0.32707,-0.2078,0.25257,2.25925,visitors_g1,Scenario_2
2.8,15105,-6.32546,-3.14652,0.45715,-0.40501,0.21202,2.65932,visitors_g1,Scenario_2
3.2,15105,-6.23952,-3.10025,0.24401,0.21485,0.11569,0.49394,visitors_g1,Scenario_2
3.6,15105,-5.90443,-3.15746,0.84984,0.83772,-0.14304,-0.16911,visitors_g1,Scenario_2
4.0,15105,-5.55284,-3.14013,0.88006,0.87899,0.04334,0.04927,visitors_g1,Scenario_2
4.4,15105,-5.17199,-3.00706,1.00855,0.95211,0.33267,0.33615,visitors_g1,Scenario_2
4.8,15105,-4.72197,-2.97685,1.1276,1.12507,0.07551,0.06702,visitors_g1,Scenario_2
5.2,15105,-4.2522,-2.95618,1.17556,1.17442,0.05168,0.04398,visitors_g1,Scenario_2
5.6,15105,-3.77884,-2.82594,1.22738,1.18341,0.32559,0.26849,visitors_g1,Scenario_2
6.0,15105,-3.27514,-2.72657,1.28352,1.25925,0.24842,0.19478,visitors_g1,Scenario_2
6.4,15105,-2.79324,-2.60013,1.24551,1.20473,0.31612,0.25661,visitors_g1,Scenario_2
6.8,15105,-2.31094,-2.42881,1.27957,1.20576,0.4283,0.34131,visitors_g1,Scenario_2
7.2,15105,-1.79613,-2.31978,1.31557,1.28702,0.27257,0.2087,visitors_g1,Scenario_2
7.6,15105,-1.29815,-2.18874,1.28732,1.24494,0.32759,0.2573,visitors_g1,Scenario_2
118.8,15188,2.609,-0.29532,0.0,0.0,0.0,0.0,visitors_g1,Scenario_2
119.2,15188,3.27033,-0.05105,1.7625,1.65333,0.61068,0.35382,visitors_g1,Scenario_2
119.6,15188,3.87158,0.19322,1.62245,1.50314,0.61067,0.38589,visitors_g1,Scenario_2
120.0,15188,4.42555,0.44526,1.52153,1.38492,0.63011,0.42699,visitors_g1,Scenario_2
120.4,15188,4.99723,0.69624,1.56086,1.4292,0.62743,0.41367,visitors_g1,Scenario_2
120.8,15188,5.53609,0.92159,1.4602,1.34714,0.56338,0.3961,visitors_g1,Scenario_2
121.2,15188,6.02901,1.02695,1.26014,1.23231,0.2634,0.21058,visitors_g1,Scenario_2
121.6,15188,6.46809,1.17347,1.15719,1.09769,0.36629,0.32208,visitors_g1,Scenario_2
122.0,15188,6.8106,1.36219,0.97766,0.85627,0.47181,0.50361,visitors_g1,Scenario_2
122.4,15188,7.09175,1.44284,0.73123,0.70288,0.20164,0.27937,visitors_g1,Scenario_2
122.8,15188,7.28897,1.44886,0.49327,0.49305,0.01503,0.03047,visitors_g1,Scenario_2
123.2,15188,7.38983,1.44974,0.25217,0.25216,0.00222,0.00881,visitors_g1,Scenario_2
123.6,15188,7.46261,1.42048,0.19611,0.18195,-0.07316,-0.38228,visitors_g1,Scenario_2
124.0,15188,7.50687,1.35444,0.19876,0.11065,-0.16511,-0.98037,visitors_g1,Scenario_2
124.4,15188,7.5211,1.29347,0.1565,0.03555,-0.15241,-1.34162,visitors_g1,Scenario_2
124.8,15188,7.53908,1.26082,0.09319,0.04496,-0.08163,-1.06738,visitors_g1,Scenario_2
125.2,15188,7.59712,1.29243,0.16523,0.14511,0.07901,0.4986,visitors_g1,Scenario_2
125.6,15188,7.73504,1.43004,0.48707,0.34479,0.34402,0.78428,visitors_g1,Scenario_2
126.0,15188,7.95009,1.62894,0.73233,0.53763,0.49725,0.74641,visitors_g1,Scenario_2
126.4,15188,8.21039,1.82526,0.81508,0.65075,0.4908,0.64619,visitors_g1,Scenario_2
146.4,15096,-7.05719,-2.08962,0.0,0.0,0.0,0.0,visitors_g1,Scenario_2
146.8,15096,-6.99703,-1.96604,0.34361,0.15038,0.30896,1.1178,visitors_g1,Scenario_2
147.2,15096,-6.86176,-1.79567,0.54386,0.33819,0.42593,0.89973,visitors_g1,Scenario_2
147.6,15096,-6.67289,-1.49317,0.89153,0.47216,0.75624,1.01266,visitors_g1,Scenario_2
148.0,15096,-6.45451,-1.07618,1.17681,0.54596,1.04249,1.08836,visitors_g1,Scenario_2
148.4,15096,-6.15895,-0.63302,1.33168,0.73889,1.10789,0.98261,visitors_g1,Scenario_2
148.8,15096,-5.84425,-0.18436,1.37007,0.78676,1.12165,0.95911,visitors_g1,Scenario_2
149.2,15096,-5.4887,0.1996,1.30825,0.88887,0.95991,0.8238,visitors_g1,Scenario_2
149.6,15096,-5.02486,0.51803,1.40656,1.15959,0.79608,0.60162,visitors_g1,Scenario_2
150.0,15096,-4.52344,0.82132,1.46503,1.25356,0.75822,0.54398,visitors_g1,Scenario_2
150.4,15096,-3.96807,1.06289,1.51408,1.38842,0.60392,0.41028,visitors_g1,Scenario_2
150.8,15096,-3.41099,1.31075,1.52435,1.39271,0.61966,0.41863,visitors_g1,Scenario_2
151.2,15096,-2.90408,1.56335,1.41589,1.26727,0.63149,0.46229,visitors_g1,Scenario_2
151.6,15096,-2.3688,1.76462,1.42968,1.3382,0.5032,0.35967,visitors_g1,Scenario_2
152.0,15096,-1.80802,1.96339,1.48741,1.40194,0.49692,0.34064,visitors_g1,Scenario_2
152.4,15096,-1.20991,2.10583,1.53709,1.49528,0.35608,0.23378,visitors_g1,Scenario_2
152.8,15096,-0.63032,2.22666,1.48013,1.44897,0.30209,0.20554,visitors_g1,Scenario_2
153.2,15096,-0.09623,2.34829,1.36941,1.33522,0.30406,0.22391,visitors_g1,Scenario_2
153.6,15096,0.48938,2.39077,1.46788,1.46403,0.10621,0.07242,visitors_g1,Scenario_2
154.0,15096,1.14566,2.44048,1.6454,1.6407,0.12426,0.07559,visitors_g1,Scenario_2
50.4,15208,4.19127,-0.48548,0.0,0.0,0.0,0.0,visitors_g1,Scenario_2
50.8,15208,4.68299,-0.47643,1.22951,1.2293,0.02263,0.01841,visitors_g1,Scenario_2
51.2,15208,5.11505,-0.42788,1.08695,1.08016,0.12138,0.1119,visitors_g1,Scenario_2
51.6,15208,5.48249,-0.3318,0.94948,0.9186,0.2402,0.25576,visitors_g1,Scenario_2
52.0,15208,5.80598,-0.30809,0.8109,0.80873,0.05927,0.07316,visitors_g1,Scenario_2
52.4,15208,6.11238,-0.32519,0.76718,0.76599,-0.04277,-0.05577,visitors_g1,Scenario_2
52.8,15208,6.37053,-0.26841,0.66081,0.64538,0.14195,0.2165,visitors_g1,Scenario_2
53.2,15208,6.57046,-0.16766,0.55971,0.49984,0.25188,0.46678,visitors_g1,Scenario_2
53.6,15208,6.78607,-0.12004,0.552,0.53901,0.11905,0.21737,visitors_g1,Scenario_2
54.0,15208,7.06641,-0.15745,0.70707,0.70086,-0.09352,-0.13265,visitors_g1,Scenario_2
54.4,15208,7.38411,-0.20736,0.80398,0.79423,-0.12477,-0.15582,visitors_g1,Scenario_2
54.8,15208,7.65988,-0.32953,0.75407,0.68944,-0.30544,-0.41703,visitors_g1,Scenario_2
55.2,15208,7.89306,-0.5565,0.81349,0.58293,-0.5674,-0.7719,visitors_g1,Scenario_2
55.6,15208,8.10993,-0.73849,0.70779,0.54217,-0.45498,-0.69818,visitors_g1,Scenario_2
56.0,15208,8.30823,-0.86354,0.58609,0.49575,-0.31263,-0.56263,visitors_g1,Scenario_2
56.4,15208,8.48677,-0.98393,0.53836,0.44637,-0.30099,-0.59327,visitors_g1,Scenario_2
56.8,15208,8.58357,-1.073,0.32885,0.242,-0.22267,-0.74381,visitors_g1,Scenario_2
57.2,15208,8.59882,-1.10096,0.07961,0.03813,-0.06989,-1.07135,visitors_g1,Scenario_2
57.6,15208,8.59738,-1.10197,0.00441,-0.00362,-0.00253,-2.53156,visitors_g1,Scenario_2
58.0,15208,8.59593,-1.10298,0.00441,-0.00362,-0.00253,-2.53156,visitors_g1,Scenario_2
184.8,15252,-5.59062,-3.05356,0.0,0.0,0.0,0.0,visitors_g1,Scenario_2
185.2,15252,-5.13897,-3.10454,1.13628,1.12911,-0.12744,-0.11239,visitors_g1,Scenario_2
185.6,15252,-4.71734,-3.07502,1.05665,1.05407,0.0738,0.0699,visitors_g1,Scenario_2
186.0,15252,-4.26532,-2.99879,1.14601,1.13005,0.19057,0.16706,visitors_g1,Scenario_2
186.4,15252,-3.76985,-2.94056,1.24722,1.23869,0.14558,0.11699,visitors_g1,Scenario_2
186.8,15252,-3.29323,-2.82673,1.22506,1.19155,0.28456,0.23443,visitors_g1,Scenario_2
187.2,15252,-2.82418,-2.68229,1.22696,1.17262,0.3611,0.29873,visitors_g1,Scenario_2
187.6,15252,-2.35692,-2.56873,1.20214,1.16814,0.2839,0.23842,visitors_g1,Scenario_2
188.0,15252,-1.90017,-2.41577,1.20423,1.1419,0.3824,0.32314,visitors_g1,Scenario_2
188.4,15252,-1.42564,-2.28113,1.23315,1.18632,0.33659,0.27646,visitors_g1,Scenario_2
188.8,15252,-0.93443,-2.16732,1.26056,1.22802,0.28452,0.22768,visitors_g1,Scenario_2
189.2,15252,-0.43178,-2.01108,1.31592,1.25661,0.39062,0.30138,visitors_g1,Scenario_2
189.6,15252,0.11087,-1.90313,1.38322,1.35663,0.26986,0.19636,visitors_g1,Scenario_2
190.0,15252,0.66192,-1.78634,1.40824,1.37763,0.29199,0.20886,visitors_g1,Scenario_2
190.4,15252,1.17228,-1.64659,1.32285,1.27589,0.34936,0.26727,visitors_g1,Scenario_2
190.8,15252,1.66715,-1.55321,1.25902,1.23719,0.23344,0.1865,visitors_g1,Scenario_2
191.2,15252,2.16909,-1.44963,1.28129,1.25484,0.25896,0.20351,visitors_g1,Scenario_2
191.6,15252,2.69784,-1.3649,1.33873,1.32186,0.21183,0.1589,visitors_g1,Scenario_2
192.0,15252,3.21164,-1.2731,1.30485,1.28451,0.22949,0.17679,visitors_g1,Scenario_2
192.4,15252,3.66948,-1.14681,1.18734,1.14459,0.31574,0.26916,visitors_g1,Scenario_2
182.8,15147,0.30397,3.11286,0.0,0.0,0.0,0.0,visitors_g1,Scenario_2
183.2,15147,0.29848,3.11684,0.01697,-0.01373,0.00997,2.51345,visitors_g1,Scenario_2
183.6,15147,0.29381,3.11184,0.01711,-0.01168,-0.0125,-2.32236,visitors_g1,Scenario_2
184.0,15147,0.28829,3.11953,0.02366,-0.01378,0.01923,2.19286,visitors_g1,Scenario_2
184.4,15147,0.2855,3.18899,0.17378,-0.00698,0.17364,1.61099,visitors_g1,Scenario_2
184.8,15147,0.26576,3.26176,0.18851,-0.04935,0.18194,1.83566,visitors_g1,Scenario_2
185.2,15147,0.23232,3.28451,0.10111,-0.0836,0.05687,2.54424,visitors_g1,Scenario_2
185.6,15147,0.21541,3.29148,0.04573,-0.04227,0.01743,2.7506,visitors_g1,Scenario_2
186.0,15147,0.22305,3.27011,0.05674,0.0191,-0.05343,-1.22756,visitors_g1,Scenario_2
186.4,15147,0.27467,3.19754,0.22265,0.12904,-0.18143,-0.95257,visitors_g1,Scenario_2
186.8,15147,0.32234,3.12773,0.21132,0.11918,-0.17451,-0.9716,visitors_g1,Scenario_2
187.2,15147,0.33448,3.1079,0.05812,0.03034,-0.04957,-1.02154,visitors_g1,Scenario_2
187.6,15147,0.33007,3.11088,0.01329,-0.01102,0.00743,2.54822,visitors_g1,Scenario_2
188.0,15147,0.31362,3.11706,0.04394,-0.04113,0.01545,2.78224,visitors_g1,Scenario_2
188.4,15147,0.30297,3.13871,0.06033,-0.02662,0.05413,2.02784,visitors_g1,Scenario_2
188.8,15147,0.29309,3.17476,0.09343,-0.02469,0.09011,1.83828,visitors_g1,Scenario_2
189.2,15147,0.24219,3.18643,0.13055,-0.12725,0.02918,2.91622,visitors_g1,Scenario_2
189.6,15147,0.18867,3.09136,0.27273,-0.13379,-0.23766,-2.08351,visitors_g1,Scenario_2
190.0,15147,0.23556,2.90858,0.47175,0.11722,-0.45695,-1.31968,visitors_g1,Scenario_2
190.4,15147,0.41405,2.72511,0.63992,0.44623,-0.45866,-0.79913,visitors_g1,Scenario_2
42.0,15006,4.60052,0.27128,0.0,0.0,0.0,0.0,visitors_g1,Scenario_2
42.4,15006,4.04132,0.31023,1.4014,-1.39801,0.09739,3.07204,visitors_g1,Scenario_2
42.8,15006,3.48397,0.24034,1.4043,-1.39339,-0.17473,-3.01684,visitors_g1,Scenario_2
43.2,15006,2.92376,0.19004,1.40616,-1.40052,-0.12576,-3.05204,visitors_g1,Scenario_2
43.6,15006,2.38305,0.18042,1.35197,-1.35176,-0.02403,-3.12382,visitors_g1,Scenario_2
44.0,15006,1.84346,0.06735,1.37827,-1.34897,-0.28268,-2.93503,visitors_g1,Scenario_2
44.4,15006,1.28394,0.00766,1.40676,-1.39882,-0.14923,-3.03531,visitors_g1,Scenario_2
44.8,15006,0.76069,-0.03373,1.3122,-1.30812,-0.10347,-3.06266,visitors_g1,Scenario_2
45.2,15006,0.22378,-0.18431,1.39406,-1.34227,-0.37646,-2.86815,visitors_g1,Scenario_2
45.6,15006,-0.34721,-0.21083,1.42901,-1.42747,-0.06631,-3.09518,visitors_g1,Scenario_2
46.0,15006,-0.86491,-0.14395,1.30501,-1.29426,0.16721,3.01311,visitors_g1,Scenario_2
46.4,15006,-1.37863,-0.11899,1.28581,-1.2843,0.06241,3.09304,visitors_g1,Scenario_2
46.8,15006,-1.89566,0.02561,1.34218,-1.29258,0.3615,2.86889,visitors_g1,Scenario_2
47.2,15006,-2.38919,0.19964,1.30827,-1.23381,0.43506,2.80259,visitors_g1,Scenario_2
47.6,15006,-2.90843,0.31378,1.32911,-1.29812,0.28536,2.92521,visitors_g1,Scenario_2
48.0,15006,-3.43431,0.48844,1.3853,-1.31469,0.43664,2.82093,visitors_g1,Scenario_2
48.4,15006,-3.92655,0.57297,1.24862,-1.2306,0.21134,2.97151,visitors_g1,Scenario_2
48.8,15006,-4.45336,0.51654,1.32456,-1.31703,-0.14108,-3.03488,visitors_g1,Scenario_2
49.2,15006,-5.01522,0.51793,1.40465,-1.40464,0.00347,3.13912,visitors_g1,Scenario_2
49.6,15006,-5.5462,0.49209,1.32904,-1.32747,-0.0646,-3.09297,visitors_g1,Scenario_2
100.8,15270,0.66029,-1.55984,0.0,0.0,0.0,0.0,visitors_g1,Scenario_2
101.2,15270,1.08996,-1.28931,1.26937,1.07419,0.67633,0.56191,visitors_g1,Scenario_2
101.6,15270,1.55546,-1.08594,1.26995,1.16374,0.50842,0.4119,visitors_g1,Scenario_2
102.0,15270,2.04419,-0.90326,1.3044,1.22184,0.45671,0.35771,visitors_g1,Scenario_2
102.4,15270,2.56402,-0.73319,1.36733,1.29955,0.42516,0.31618,visitors_g1,Scenario_2
102.8,15270,3.08851,-0.56187,1.37941,1.31123,0.4283,0.31571,visitors_g1,Scenario_2
103.2,15270,3.59422,-0.39357,1.33246,1.26429,0.42075,0.32127,visitors_g1,Scenario_2
103.6,15270,4.10714,-0.27442,1.31643,1.28229,0.29787,0.22825,visitors_g1,Scenario_2
104.0,15270,4.61811,-0.17241,1.30264,1.27743,0.25503,0.19706,visitors_g1,Scenario_2
104.4,15270,5.10787,-0.07225,1.24973,1.22439,0.25041,0.20173,visitors_g1,Scenario_2
104.8,15270,5.59988,0.01708,1.25013,1.23003,0.22332,0.1796,visitors_g1,Scenario_2
105.2,15270,6.08784,0.10803,1.24091,1.21989,0.22739,0.18428,visitors_g1,Scenario_2
105.6,15270,6.54159,0.16192,1.14236,1.13439,0.13472,0.11821,visitors_g1,Scenario_2
106.0,15270,6.96621,0.18834,1.06361,1.06156,0.06604,0.06213,visitors_g1,Scenario_2
106.4,15270,7.38397,0.223,1.04799,1.0444,0.08665,0.08278,visitors_g1,Scenario_2
106.8,15270,7.76531,0.21696,0.95346,0.95335,-0.01509,-0.01583,visitors_g1,Scenario_2
107.2,15270,8.09747,0.17454,0.83715,0.83041,-0.10607,-0.12704,visitors_g1,Scenario_2
107.6,15270,8.36343,0.15208,0.66726,0.6649,-0.05614,-0.08423,visitors_g1,Scenario_2
108.0,15270,8.53602,0.12434,0.437,0.43146,-0.06935,-0.15938,visitors_g1,Scenario_2
108.4,15270,8.6202,0.0676,0.25379,0.21045,-0.14185,-0.59309,visitors_g1,Scenario_2
61.2,15155,-2.57532,-1.63318,0.0,0.0,0.0,0.0,visitors_g1,Scenario_2
61.6,15155,-2.44204,-1.98671,0.94454,0.3332,-0.88382,-1.21027,visitors_g1,Scenario_2
62.0,15155,-2.29193,-2.34759,0.97713,0.37529,-0.90219,-1.1766,visitors_g1,Scenario_2
62.4,15155,-2.1036,-2.71624,1.03492,0.47082,-0.92163,-1.0985,visitors_g1,Scenario_2
62.8,15155,-1.94842,-3.09254,1.0176,0.38795,-0.94075,-1.17966,visitors_g1,Scenario_2
63.2,15155,-1.77166,-3.37444,0.83185,0.44191,-0.70476,-1.01073,visitors_g1,Scenario_2
63.6,15155,-1.56331,-3.54772,0.67748,0.52088,-0.43321,-0.69377,visitors_g1,Scenario_2
64.0,15155,-1.42883,-3.72064,0.54764,0.33619,-0.43231,-0.90983,visitors_g1,Scenario_2
64.4,15155,-1.43284,-3.87219,0.379,-0.01003,-0.37886,-1.59727,visitors_g1,Scenario_2
64.8,15155,-1.47972,-3.94257,0.21139,-0.11718,-0.17594,-2.15835,visitors_g1,Scenario_2
65.2,15155,-1.49984,-3.87639,0.17291,-0.0503,0.16543,1.86599,visitors_g1,Scenario_2
65.6,15155,-1.48059,-3.69906,0.44593,0.04811,0.44332,1.4627,visitors_g1,Scenario_2
66.0,15155,-1.45739,-3.58832,0.28287,0.058,0.27686,1.3643,visitors_g1,Scenario_2
66.4,15155,-1.48325,-3.6131,0.08953,-0.06463,-0.06195,-2.37733,visitors_g1,Scenario_2
66.8,15155,-1.48544,-3.66728,0.13555,-0.00547,-0.13544,-1.61119,visitors_g1,Scenario_2
67.2,15155,-1.50079,-3.6923,0.0734,-0.03838,-0.06256,-2.12104,visitors_g1,Scenario_2
67.6,15155,-1.63002,-3.64581,0.34336,-0.32309,0.11624,2.79623,visitors_g1,Scenario_2
68.0,15155,-1.73053,-3.57287,0.31047,-0.25128,0.18235,2.51382,visitors_g1,Scenario_2
68.4,15155,-1.65872,-3.45537,0.34427,0.17954,0.29375,1.02218,visitors_g1,Scenario_2
68.8,15155,-1.62447,-3.24739,0.52694,0.08561,0.51993,1.4076,visitors_g1,Scenario_2
159.6,15277,-7.39656,0.82166,0.0,0.0,0.0,0.0,visitors_g1,Scenario_2
160.0,15277,-6.95376,0.88612,1.11868,1.10701,0.16115,0.14456,visitors_g1,Scenario_2
160.4,15277,-6.48459,0.94587,1.18238,1.17291,0.14937,0.12667,visitors_g1,Scenario_2
160.8,15277,-6.01159,1.01313,1.19441,1.18252,0.16814,0.14124,visitors_g1,Scenario_2
161.2,15277,-5.53232,1.12404,1.22984,1.19818,0.27727,0.2274,visitors_g1,Scenario_2
161.6,15277,-5.05346,1.25166,1.23894,1.19715,0.31907,0.26047,visitors_g1,Scenario_2
162.0,15277,-4.56106,1.41245,1.29497,1.231,0.40196,0.31561,visitors_g1,Scenario_2
162.4,15277,-4.04414,1.60345,1.37768,1.29229,0.4775,0.35394,visitors_g1,Scenario_2
162.8,15277,-3.52924,1.79763,1.37576,1.28726,0.48546,0.36063,visitors_g1,Scenario_2
163.2,15277,-3.02204,1.98885,1.35512,1.268,0.47804,0.36052,visitors_g1,Scenario_2
163.6,15277,-2.54313,2.16537,1.276,1.19726,0.4413,0.35314,visitors_g1,Scenario_2
164.0,15277,-2.12667,2.36464,1.15421,1.04116,0.49818,0.44629,visitors_g1,Scenario_2
164.4,15277,-1.75782,2.57616,1.06298,0.92211,0.5288,0.52068,visitors_g1,Scenario_2
164.8,15277,-1.4252,2.76053,0.95076,0.83156,0.46092,0.50612,visitors_g1,Scenario_2
165.2,15277,-1.17561,2.94894,0.78181,0.62397,0.47104,0.64664,visitors_g1,Scenario_2
165.6,15277,-0.99773,3.1128,0.60461,0.44469,0.40963,0.74438,visitors_g1,Scenario_2
166.0,15277,-0.83295,3.19828,0.46408,0.41194,0.21371,0.47857,visitors_g1,Scenario_2
166.4,15277,-0.70528,3.24696,0.34161,0.31919,0.1217,0.36427,visitors_g1,Scenario_2
166.8,15277,-0.63765,3.29623,0.20917,0.16907,0.12316,0.62956,visitors_g1,Scenario_2
167.2,15277,-0.59684,3.33132,0.13455,0.10201,0.08773,0.71025,visitors_g1,Scenario_2
226.8,15285,-2.04331,-1.47086,0.0,0.0,0.0,0.0,visitors_g1,Scenario_2
227.2,15285,-1.50301,-1.3154,1.40556,1.35076,0.38865,0.28016,visitors_g1,Scenario_2
227.6,15285,-0.98463,-1.18369,1.33712,1.29594,0.32928,0.24882,visitors_g1,Scenario_2
228.0,15285,-0.45705,-1.04841,1.36162,1.31895,0.3382,0.251,visitors_g1,Scenario_2
228.4,15285,0.07518,-0.93146,1.36231,1.33057,0.29237,0.2163,visitors_g1,Scenario_2
228.8,15285,0.58078,-0.77477,1.32332,1.26401,0.39172,0.30052,visitors_g1,Scenario_2
229.2,15285,1.07198,-0.60174,1.30196,1.228,0.43258,0.33869,visitors_g1,Scenario_2
229.6,15285,1.53971,-0.46563,1.21783,1.16932,0.34029,0.28319,visitors_g1,Scenario_2
230.0,15285,1.98163,-0.33866,1.14949,1.1048,0.31741,0.27977,visitors_g1,Scenario_2
230.4,15285,2.44497,-0.24327,1.18265,1.15836,0.23847,0.20304,visitors_g1,Scenario_2
230.8,15285,2.91859,-0.15641,1.2038,1.18405,0.21714,0.18137,visitors_g1,Scenario_2
231.2,15285,3.36618,0.01695,1.19998,1.11897,0.43341,0.36954,visitors_g1,Scenario_2
231.6,15285,3.81816,0.23252,1.25188,1.12995,0.53891,0.44502,visitors_g1,Scenario_2
232.0,15285,4.29646,0.42988,1.29354,1.19573,0.49341,0.39135,visitors_g1,Scenario_2
232.4,15285,4.76463,0.636,1.27886,1.17044,0.51531,0.41473,visitors_g1,Scenario_2
232.8,15285,5.25633,0.82174,1.31401,1.22923,0.46435,0.36118,visitors_g1,Scenario_2
233.2,15285,5.72702,1.01868,1.27558,1.17674,0.49234,0.39626,visitors_g1,Scenario_2
233.6,15285,6.14498,1.2577,1.20368,1.04489,0.59755,0.51948,visitors_g1,Scenario_2
234.0,15285,6.54935,1.48618,1.16116,1.01094,0.57122,0.51432,visitors_g1,Scenario_2
234.4,15285,6.90925,1.72584,1.08096,0.89973,0.59913,0.58747,visitors_g1,Scenario_2
138.0,15095,-3.27478,2.05048,0.0,0.0,0.0,0.0,visitors_g1,Scenario_2
138.4,15095,-3.79099,1.73977,1.50627,-1.29053,-0.77677,-2.59978,visitors_g1,Scenario_2
138.8,15095,-4.27288,1.38968,1.48908,-1.20472,-0.87522,-2.51331,visitors_g1,Scenario_2
139.2,15095,-4.75487,1.04471,1.4818,-1.20499,-0.86241,-2.52041,visitors_g1,Scenario_2
139.6,15095,-5.20637,0.685,1.44318,-1.12874,-0.89929,-2.46886,visitors_g1,Scenario_2
140.0,15095,-5.61239,0.25682,1.4752,-1.01506,-1.07045,-2.32964,visitors_g1,Scenario_2
140.4,15095,-6.02634,-0.18421,1.51217,-1.03488,-1.10257,-2.32454,visitors_g1,Scenario_2
140.8,15095,-6.39374,-0.64487,1.47307,-0.91849,-1.15165,-2.24404,visitors_g1,Scenario_2
141.2,15095,-6.71858,-1.14019,1.48083,-0.81209,-1.23829,-2.15125,visitors_g1,Scenario_2
141.6,15095,-7.0172,-1.64724,1.47113,-0.74656,-1.26763,-2.10304,visitors_g1,Scenario_2
142.0,15095,-7.22773,-2.1704,1.40983,-0.52634,-1.30789,-1.9534,visitors_g1,Scenario_2
142.4,15095,-7.38992,-2.69552,1.374,-0.40547,-1.31281,-1.87036,visitors_g1,Scenario_2
142.8,15095,-7.47125,-3.02081,0.83826,-0.20331,-0.81323,-1.81577,visitors_g1,Scenario_2
143.2,15095,-7.44415,-3.03133,0.07268,0.06775,-0.0263,-0.37023,visitors_g1,Scenario_2
143.6,15095,-7.39276,-2.91506,0.3178,0.12845,0.29069,1.1547,visitors_g1,Scenario_2
144.0,15095,-7.34482,-2.79714,0.31823,0.11985,0.2948,1.18466,visitors_g1,Scenario_2
144.4,15095,-7.29688,-2.67922,0.31823,0.11985,0.2948,1.18466,visitors_g1,Scenario_2
144.8,15095,-7.24895,-2.5613,0.31823,0.11985,0.2948,1.18466,visitors_g1,Scenario_2
145.2,15095,-7.20101,-2.44338,0.31823,0.11985,0.2948,1.18466,visitors_g1,Scenario_2
145.6,15095,-7.15307,-2.32546,0.31823,0.11985,0.2948,1.18466,visitors_g1,Scenario_2
32.0,15108,-0.25348,-3.18153,0.0,0.0,0.0,0.0,visitors_g1,Scenario_2
32.4,15108,-0.40654,-3.41819,0.7046,-0.38263,-0.59165,-2.14486,visitors_g1,Scenario_2
32.8,15108,-0.50655,-3.51315,0.34478,-0.25004,-0.2374,-2.38213,visitors_g1,Scenario_2
33.2,15108,-0.53552,-3.56652,0.15181,-0.07242,-0.13342,-2.06811,visitors_g1,Scenario_2
33.6,15108,-0.51695,-3.54393,0.0731,0.04643,0.05647,0.8827,visitors_g1,Scenario_2
34.0,15108,-0.48157,-3.45975,0.22829,0.08846,0.21045,1.17291,visitors_g1,Scenario_2
34.4,15108,-0.49621,-3.41732,0.11221,-0.03659,0.10607,1.903,visitors_g1,Scenario_2
34.8,15108,-0.5592,-3.31324,0.30414,-0.15748,0.2602,2.11505,visitors_g1,Scenario_2
35.2,15108,-0.54358,-3.09114,0.55662,0.03905,0.55525,1.50057,visitors_g1,Scenario_2
35.6,15108,-0.52624,-2.81043,0.70311,0.04334,0.70177,1.50912,visitors_g1,Scenario_2
36.0,15108,-0.56602,-2.42276,0.97425,-0.09945,0.96916,1.67305,visitors_g1,Scenario_2
36.4,15108,-0.46465,-2.0765,0.902,0.25344,0.86567,1.28599,visitors_g1,Scenario_2
36.8,15108,-0.25386,-1.76815,0.93378,0.52697,0.77088,0.97116,visitors_g1,Scenario_2
37.2,15108,-0.16393,-1.33774,1.09926,0.22483,1.07603,1.36482,visitors_g1,Scenario_2
37.6,15108,-0.11781,-0.91433,1.06477,0.11528,1.05851,1.46232,visitors_g1,Scenario_2
38.0,15108,-0.01928,-0.59468,0.83622,0.24633,0.79912,1.27179,visitors_g1,Scenario_2
38.4,15108,-0.02616,-0.29929,0.73868,-0.01719,0.73848,1.59406,visitors_g1,Scenario_2
38.8,15108,-0.153,0.0489,0.92644,-0.31711,0.87048,1.92014,visitors_g1,Scenario_2
39.2,15108,-0.21809,0.34969,0.76938,-0.16273,0.75197,1.78391,visitors_g1,Scenario_2
39.6,15108,-0.16226,0.5634,0.55219,0.13958,0.53426,1.31525,visitors_g1,Scenario_2
151.2,15276,-6.30312,0.92742,0.0,0.0,0.0,0.0,visitors_g1,Scenario_2
151.6,15276,-6.74253,0.78444,1.15521,-1.09852,-0.35745,-2.82701,visitors_g1,Scenario_2
152.0,15276,-7.19336,0.66096,1.16858,-1.12707,-0.3087,-2.87425,visitors_g1,Scenario_2
152.4,15276,-7.6118,0.64518,1.04684,-1.04609,-0.03946,-3.10389,visitors_g1,Scenario_2
152.8,15276,-7.97703,0.66576,0.91453,-0.91308,0.05147,3.08528,visitors_g1,Scenario_2
153.2,15276,-8.29767,0.66917,0.80164,-0.8016,0.00853,3.13096,visitors_g1,Scenario_2
153.6,15276,-8.51778,0.69891,0.55528,-0.55028,0.07435,3.0073,visitors_g1,Scenario_2
154.0,15276,-8.59097,0.74127,0.21142,-0.18298,0.1059,2.61695,visitors_g1,Scenario_2
154.4,15276,-8.57867,0.7807,0.10326,0.03075,0.09857,1.26839,visitors_g1,Scenario_2
154.8,15276,-8.54854,0.80648,0.09913,0.07532,0.06445,0.70774,visitors_g1,Scenario_2
155.2,15276,-8.54608,0.78498,0.0541,0.00615,-0.05375,-1.45692,visitors_g1,Scenario_2
155.6,15276,-8.60783,0.725,0.2152,-0.15436,-0.14994,-2.3707,visitors_g1,Scenario_2
156.0,15276,-8.6623,0.68342,0.17132,-0.13618,-0.10395,-2.48961,visitors_g1,Scenario_2
156.4,15276,-8.63496,0.70421,0.08585,0.06834,0.05196,0.65003,visitors_g1,Scenario_2
156.8,15276,-8.56928,0.74878,0.19844,0.1642,0.11144,0.59626,visitors_g1,Scenario_2
157.2,15276,-8.52998,0.80193,0.16527,0.09826,0.13289,0.9341,visitors_g1,Scenario_2
157.6,15276,-8.5248,0.84662,0.11245,0.01295,0.11171,1.4554,visitors_g1,Scenario_2
158.0,15276,-8.53367,0.86067,0.04155,-0.02218,0.03513,2.13385,visitors_g1,Scenario_2
158.4,15276,-8.46651,0.83894,0.17648,0.16791,-0.05433,-0.31295,visitors_g1,Scenario_2
158.8,15276,-8.19823,0.81622,0.6731,0.6707,-0.05678,-0.08446,visitors_g1,Scenario_2
75.6,15010,3.96786,-0.17452,0.0,0.0,0.0,0.0,visitors_g1,Scenario_2
76.0,15010,3.3983,-0.23693,1.43242,-1.4239,-0.15602,-3.03245,visitors_g1,Scenario_2
76.4,15010,2.84644,-0.39855,1.43761,-1.37966,-0.40404,-2.8567,visitors_g1,Scenario_2
76.8,15010,2.30228,-0.5445,1.40847,-1.36039,-0.36488,-2.87954,visitors_g1,Scenario_2
77.2,15010,1.79925,-0.67608,1.2999,-1.25759,-0.32895,-2.88575,visitors_g1,Scenario_2
77.6,15010,1.34523,-0.92631,1.29601,-1.13504,-0.62556,-2.63788,visitors_g1,Scenario_2
78.0,15010,0.86526,-1.16285,1.33775,-1.19994,-0.59136,-2.6837,visitors_g1,Scenario_2
78.4,15010,0.41459,-1.4507,1.33688,-1.12667,-0.71961,-2.5732,visitors_g1,Scenario_2
78.8,15010,-0.00633,-1.86994,1.48519,-1.05228,-1.0481,-2.35819,visitors_g1,Scenario_2
79.2,15010,-0.38553,-2.25812,1.35667,-0.94802,-0.97047,-2.34449,visitors_g1,Scenario_2
79.6,15010,-0.58954,-2.65631,1.11852,-0.51002,-0.99548,-2.04427,visitors_g1,Scenario_2
80.0,15010,-0.6872,-3.09643,1.12705,-0.24415,-1.10029,-1.78915,visitors_g1,Scenario_2
80.4,15010,-0.7664,-3.52773,1.09629,-0.19801,-1.07826,-1.75241,visitors_g1,Scenario_2
80.8,15010,-0.80418,-3.78379,0.64706,-0.09444,-0.64014,-1.71728,visitors_g1,Scenario_2
81.2,15010,-0.81629,-3.80466,0.06032,-0.03026,-0.05218,-2.09629,visitors_g1,Scenario_2
81.6,15010,-0.84081,-3.77168,0.10274,-0.06131,0.08244,2.21026,visitors_g1,Scenario_2
82.0,15010,-0.87389,-3.71105,0.17267,-0.08269,0.15158,2.07018,visitors_g1,Scenario_2
82.4,15010,-0.8689,-3.6782,0.08307,0.01247,0.08212,1.42008,visitors_g1,Scenario_2
82.8,15010,-0.82064,-3.73383,0.18412,0.12064,-0.13909,-0.85629,visitors_g1,Scenario_2
83.2,15010,-0.79138,-3.78887,0.15582,0.07315,-0.13758,-1.08215,visitors_g1,Scenario_2
25.2,15233,-5.50881,1.39282,0.0,0.0,0.0,0.0,visitors_g1,Scenario_2
25.6,15233,-5.8187,1.70373,1.09745,-0.77474,0.77728,2.35456,visitors_g1,Scenario_2
26.0,15233,-6.16647,2.04886,1.22489,-0.86942,0.86282,2.36001,visitors_g1,Scenario_2
26.4,15233,-6.45106,2.29575,0.94189,-0.71147,0.61723,2.427,visitors_g1,Scenario_2
26.8,15233,-6.53421,2.36218,0.26607,-0.20787,0.16608,2.46749,visitors_g1,Scenario_2
27.2,15233,-6.53519,2.34317,0.04758,-0.00247,-0.04751,-1.62263,visitors_g1,Scenario_2
27.6,15233,-6.52918,2.33063,0.03478,0.01502,-0.03136,-1.12406,visitors_g1,Scenario_2
28.0,15233,-6.5183,2.31905,0.03971,0.0272,-0.02894,-0.81645,visitors_g1,Scenario_2
28.4,15233,-6.49198,2.29723,0.0855,0.06582,-0.05457,-0.69219,visitors_g1,Scenario_2
28.8,15233,-6.47338,2.28678,0.05332,0.04648,-0.02613,-0.51207,visitors_g1,Scenario_2
29.2,15233,-6.46591,2.2853,0.01905,0.01869,-0.00369,-0.19498,visitors_g1,Scenario_2
29.6,15233,-6.45224,2.28515,0.03416,0.03416,-0.00038,-0.01098,visitors_g1,Scenario_2
30.0,15233,-6.4212,2.20275,0.22014,0.07762,-0.206,-1.21047,visitors_g1,Scenario_2
30.4,15233,-6.39912,1.92933,0.68577,0.05519,-0.68354,-1.49024,visitors_g1,Scenario_2
30.8,15233,-6.28031,1.69251,0.6624,0.29704,-0.59206,-1.10579,visitors_g1,Scenario_2
31.2,15233,-5.96115,1.68109,0.79841,0.7979,-0.02855,-0.03576,visitors_g1,Scenario_2
31.6,15233,-5.55152,1.67997,1.02407,1.02406,-0.00278,-0.00272,visitors_g1,Scenario_2
32.0,15233,-5.09822,1.62888,1.14044,1.13327,-0.12775,-0.11225,visitors_g1,Scenario_2
32.4,15233,-4.62454,1.63688,1.18437,1.1842,0.02002,0.01691,visitors_g1,Scenario_2
32.8,15233,-4.10959,1.58179,1.29472,1.28737,-0.13775,-0.10659,visitors_g1,Scenario_2
217.6,15078,-6.71825,1.66466,0.0,0.0,0.0,0.0,visitors_g1,Scenario_2
218.0,15078,-6.64442,1.50442,0.44108,0.18458,-0.4006,-1.13902,visitors_g1,Scenario_2
218.4,15078,-6.47893,1.37589,0.52386,0.41373,-0.32134,-0.66037,visitors_g1,Scenario_2
218.8,15078,-6.24596,1.32397,0.5967,0.58242,-0.12978,-0.21926,visitors_g1,Scenario_2
219.2,15078,-5.9557,1.31008,0.72648,0.72565,-0.03473,-0.04782,visitors_g1,Scenario_2
219.6,15078,-5.60645,1.24078,0.89016,0.87314,-0.17326,-0.19589,visitors_g1,Scenario_2
220.0,15078,-5.28814,1.18814,0.80658,0.79578,-0.13158,-0.16387,visitors_g1,Scenario_2
220.4,15078,-5.02152,1.18257,0.66668,0.66653,-0.01394,-0.02091,visitors_g1,Scenario_2
220.8,15078,-4.64846,1.1022,0.95406,0.93266,-0.20091,-0.21217,visitors_g1,Scenario_2
221.2,15078,-4.19995,0.98559,1.15855,1.12127,-0.29154,-0.25437,visitors_g1,Scenario_2
221.6,15078,-3.78334,0.88392,1.07208,1.04151,-0.25418,-0.23937,visitors_g1,Scenario_2
222.0,15078,-3.36288,0.73027,1.11913,1.05115,-0.38411,-0.35034,visitors_g1,Scenario_2
222.4,15078,-2.90035,0.53903,1.25128,1.15634,-0.47811,-0.39207,visitors_g1,Scenario_2
222.8,15078,-2.43413,0.31411,1.29409,1.16555,-0.56229,-0.44949,visitors_g1,Scenario_2
223.2,15078,-1.97393,0.0654,1.30776,1.1505,-0.62177,-0.49547,visitors_g1,Scenario_2
223.6,15078,-1.47339,-0.09748,1.31592,1.25133,-0.4072,-0.3146,visitors_g1,Scenario_2
224.0,15078,-0.9305,-0.20769,1.38491,1.35723,-0.27552,-0.20028,visitors_g1,Scenario_2
224.4,15078,-0.4023,-0.25334,1.32542,1.3205,-0.11413,-0.08622,visitors_g1,Scenario_2
224.8,15078,0.11269,-0.22723,1.28914,1.28748,0.06527,0.05065,visitors_g1,Scenario_2
225.2,15078,0.60431,-0.1991,1.23107,1.22906,0.07034,0.05716,visitors_g1,Scenario_2
140.4,15163,5.7012,0.09733,0.0,0.0,0.0,0.0,visitors_g1,Scenario_2
140.8,15163,5.2294,0.10633,1.17972,-1.17951,0.0225,3.12252,visitors_g1,Scenario_2
141.2,15163,4.74435,0.08884,1.21341,-1.21262,-0.04372,-3.10555,visitors_g1,Scenario_2
141.6,15163,4.24437,0.09899,1.2502,-1.24994,0.02538,3.12129,visitors_g1,Scenario_2
142.0,15163,3.74463,0.14796,1.25534,-1.24935,0.12244,3.0439,visitors_g1,Scenario_2
142.4,15163,3.24695,0.20149,1.25137,-1.2442,0.13382,3.03445,visitors_g1,Scenario_2
142.8,15163,2.75739,0.31132,1.25433,-1.22392,0.27456,2.92092,visitors_g1,Scenario_2
143.2,15163,2.26192,0.39994,1.25833,-1.23867,0.22155,2.9646,visitors_g1,Scenario_2
143.6,15163,1.75864,0.48427,1.27573,-1.25819,0.21084,2.97556,visitors_g1,Scenario_2
144.0,15163,1.20579,0.61303,1.41913,-1.38214,0.32188,2.91278,visitors_g1,Scenario_2
144.4,15163,0.65705,0.73559,1.40564,-1.37184,0.30639,2.92185,visitors_g1,Scenario_2
144.8,15163,0.19285,0.90072,1.23174,-1.1605,0.41283,2.79982,visitors_g1,Scenario_2
145.2,15163,-0.24811,1.07822,1.18836,-1.10241,0.44375,2.75891,visitors_g1,Scenario_2
145.6,15163,-0.71966,1.18364,1.20798,-1.17887,0.26355,2.92164,visitors_g1,Scenario_2
146.0,15163,-1.17871,1.25952,1.16319,-1.14762,0.18971,2.97776,visitors_g1,Scenario_2
146.4,15163,-1.60197,1.32568,1.07101,-1.05816,0.16539,2.98655,visitors_g1,Scenario_2
146.8,15163,-2.06377,1.34863,1.15592,-1.1545,0.05738,3.09193,visitors_g1,Scenario_2
147.2,15163,-2.57091,1.39088,1.27224,-1.26785,0.10563,3.05847,visitors_g1,Scenario_2
147.6,15163,-3.08403,1.41067,1.28374,-1.28279,0.04948,3.10304,visitors_g1,Scenario_2
148.0,15163,-3.57497,1.41508,1.2274,-1.22735,0.01102,3.13262,visitors_g1,Scenario_2
138.0,15120,-2.25345,1.69361,0.0,0.0,0.0,0.0,visitors_g1,Scenario_2
138.4,15120,-2.73857,1.46417,1.3416,-1.21279,-0.57362,-2.6998,visitors_g1,Scenario_2
138.8,15120,-3.22621,1.21871,1.36485,-1.21912,-0.61365,-2.67526,visitors_g1,Scenario_2
139.2,15120,-3.65634,0.90349,1.33317,-1.07533,-0.78805,-2.50916,visitors_g1,Scenario_2
139.6,15120,-4.05311,0.49533,1.42305,-0.99191,-1.02039,-2.34204,visitors_g1,Scenario_2
140.0,15120,-4.48821,0.12926,1.42154,-1.08776,-0.91518,-2.44215,visitors_g1,Scenario_2
140.4,15120,-4.86106,-0.27632,1.3773,-0.93213,-1.01395,-2.31418,visitors_g1,Scenario_2
140.8,15120,-5.21692,-0.72606,1.43375,-0.88964,-1.12436,-2.24017,visitors_g1,Scenario_2
141.2,15120,-5.58966,-1.10404,1.32712,-0.93185,-0.94494,-2.34922,visitors_g1,Scenario_2
141.6,15120,-5.86164,-1.53614,1.27643,-0.67995,-1.08025,-2.13258,visitors_g1,Scenario_2
142.0,15120,-6.11964,-1.96486,1.25092,-0.64501,-1.0718,-2.11254,visitors_g1,Scenario_2
142.4,15120,-6.428,-2.26896,1.08271,-0.77089,-0.76025,-2.36315,visitors_g1,Scenario_2
142.8,15120,-6.66128,-2.60919,1.03132,-0.58321,-0.85059,-2.17183,visitors_g1,Scenario_2
143.2,15120,-6.80282,-2.91134,0.83413,-0.35384,-0.75536,-2.00887,visitors_g1,Scenario_2
143.6,15120,-6.88106,-3.02499,0.34495,-0.19561,-0.28413,-2.17373,visitors_g1,Scenario_2
144.0,15120,-6.91882,-3.05398,0.11903,-0.09442,-0.07249,-2.48681,visitors_g1,Scenario_2
144.4,15120,-6.95659,-3.08298,0.11903,-0.09442,-0.07249,-2.48681,visitors_g1,Scenario_2
144.8,15120,-6.98762,-3.11284,0.10765,-0.07757,-0.07465,-2.37543,visitors_g1,Scenario_2
145.2,15120,-6.95227,-3.11373,0.0884,0.08837,-0.00222,-0.02511,visitors_g1,Scenario_2
145.6,15120,-6.86706,-3.0708,0.23852,0.21302,0.10731,0.46664,visitors_g1,Scenario_2
200.8,15076,8.44021,2.69916,0.0,0.0,0.0,0.0,visitors_g1,Scenario_2
201.2,15076,8.48269,2.65587,0.15163,0.1062,-0.10823,-0.79484,visitors_g1,Scenario_2
201.6,15076,8.52517,2.61258,0.15163,0.1062,-0.10823,-0.79484,visitors_g1,Scenario_2
202.0,15076,8.56765,2.56929,0.15163,0.1062,-0.10823,-0.79484,visitors_g1,Scenario_2
202.4,15076,8.5441,2.46819,0.25951,-0.05888,-0.25275,-1.79967,visitors_g1,Scenario_2
202.8,15076,8.36978,2.30015,0.60533,-0.43581,-0.42011,-2.37454,visitors_g1,Scenario_2
203.2,15076,8.05522,2.13655,0.88638,-0.78639,-0.40899,-2.66201,visitors_g1,Scenario_2
203.6,15076,7.67298,1.98446,1.02847,-0.9556,-0.38023,-2.7629,visitors_g1,Scenario_2
204.0,15076,7.25601,1.89172,1.0679,-1.04243,-0.23185,-2.92274,visitors_g1,Scenario_2
204.4,15076,6.77851,1.85793,1.19674,-1.19376,-0.08447,-3.07095,visitors_g1,Scenario_2
204.8,15076,6.22812,1.84484,1.37635,-1.37596,-0.03273,-3.11781,visitors_g1,Scenario_2
205.2,15076,5.63712,1.91318,1.48736,-1.47752,0.17084,3.02648,visitors_g1,Scenario_2
205.6,15076,5.06424,1.99567,1.44696,-1.43219,0.20623,2.99858,visitors_g1,Scenario_2
206.0,15076,4.53525,2.06768,1.33466,-1.32247,0.18002,3.0063,visitors_g1,Scenario_2
206.4,15076,3.9922,2.11146,1.36203,-1.35763,0.10946,3.06114,visitors_g1,Scenario_2
206.8,15076,3.42193,2.1044,1.4258,-1.42569,-0.01764,-3.12922,visitors_g1,Scenario_2
207.2,15076,2.852,2.08685,1.4255,-1.42482,-0.04389,-3.1108,visitors_g1,Scenario_2
207.6,15076,2.27475,2.0657,1.44408,-1.44311,-0.05287,-3.10498,visitors_g1,Scenario_2
208.0,15076,1.68979,2.08135,1.46292,-1.4624,0.03912,3.11485,visitors_g1,Scenario_2
208.4,15076,1.11057,2.07491,1.44816,-1.44807,-0.01611,-3.13047,visitors_g1,Scenario_2
148.8,15164,-4.4918,1.5398,0.0,0.0,0.0,0.0,visitors_g1,Scenario_2
149.2,15164,-4.93198,1.60087,1.111,-1.10046,0.15269,3.00372,visitors_g1,Scenario_2
149.6,15164,-5.35317,1.73958,1.10859,-1.05296,0.34677,2.82345,visitors_g1,Scenario_2
150.0,15164,-5.77277,1.83909,1.07811,-1.04901,0.24878,2.90874,visitors_g1,Scenario_2
150.4,15164,-6.12641,1.94595,0.92358,-0.8841,0.26715,2.84815,visitors_g1,Scenario_2
150.8,15164,-6.39022,2.11348,0.78127,-0.65952,0.41881,2.57582,visitors_g1,Scenario_2
151.2,15164,-6.59825,2.25076,0.62312,-0.52007,0.34322,2.55826,visitors_g1,Scenario_2
151.6,15164,-6.72596,2.32692,0.37174,-0.31928,0.19039,2.6039,visitors_g1,Scenario_2
152.0,15164,-6.76596,2.35909,0.12832,-0.09998,0.08044,2.46412,visitors_g1,Scenario_2
152.4,15164,-6.76519,2.34625,0.03217,0.00191,-0.03211,-1.51139,visitors_g1,Scenario_2
152.8,15164,-6.75978,2.32111,0.06427,0.01354,-0.06283,-1.35854,visitors_g1,Scenario_2
153.2,15164,-6.78548,2.28257,0.11582,-0.06424,-0.09637,-2.15875,visitors_g1,Scenario_2
153.6,15164,-6.85054,2.23848,0.19649,-0.16267,-0.11021,-2.54613,visitors_g1,Scenario_2
154.0,15164,-6.88252,2.22814,0.08402,-0.07994,-0.02586,-2.82867,visitors_g1,Scenario_2
154.4,15164,-6.85773,2.22855,0.06197,0.06196,0.00104,0.01686,visitors_g1,Scenario_2
154.8,15164,-6.78495,2.20431,0.1918,0.18197,-0.06061,-0.32153,visitors_g1,Scenario_2
155.2,15164,-6.62763,2.15208,0.41441,0.3933,-0.13057,-0.32054,visitors_g1,Scenario_2
155.6,15164,-6.33277,2.1238,0.74052,0.73713,-0.07071,-0.09563,visitors_g1,Scenario_2
156.0,15164,-5.93085,2.08602,1.00925,1.00482,-0.09445,-0.09372,visitors_g1,Scenario_2
156.4,15164,-5.49902,2.0026,1.09953,1.07958,-0.20853,-0.19081,visitors_g1,Scenario_2
40.4,15109,-0.23869,1.13234,0.0,0.0,0.0,0.0,visitors_g1,Scenario_2
40.8,15109,-0.30274,1.46572,0.8487,-0.16013,0.83345,1.76061,visitors_g1,Scenario_2
41.2,15109,-0.24454,1.75151,0.72913,0.14549,0.71447,1.36991,visitors_g1,Scenario_2
41.6,15109,-0.20254,1.98009,0.58101,0.10501,0.57144,1.38906,visitors_g1,Scenario_2
42.0,15109,-0.28218,2.14656,0.46136,-0.19911,0.41619,2.01703,visitors_g1,Scenario_2
42.4,15109,-0.44114,2.32653,0.6003,-0.3974,0.44992,2.29428,visitors_g1,Scenario_2
42.8,15109,-0.55898,2.46384,0.45235,-0.29459,0.34328,2.28001,visitors_g1,Scenario_2
43.2,15109,-0.57735,2.51763,0.14211,-0.04592,0.13448,1.89985,visitors_g1,Scenario_2
43.6,15109,-0.54855,2.54499,0.09929,0.07199,0.06839,0.75977,visitors_g1,Scenario_2
44.0,15109,-0.51122,2.56111,0.10166,0.09333,0.0403,0.40764,visitors_g1,Scenario_2
44.4,15109,-0.48345,2.56496,0.07009,0.06942,0.00962,0.13768,visitors_g1,Scenario_2
44.8,15109,-0.47765,2.56379,0.01479,0.0145,-0.00291,-0.19811,visitors_g1,Scenario_2
45.2,15109,-0.46322,2.60688,0.11358,0.03607,0.1077,1.24761,visitors_g1,Scenario_2
45.6,15109,-0.3634,2.74665,0.4294,0.24956,0.34944,0.95063,visitors_g1,Scenario_2
46.0,15109,-0.23608,2.95745,0.61566,0.3183,0.52699,1.02744,visitors_g1,Scenario_2
46.4,15109,-0.20407,3.1103,0.39042,0.08003,0.38213,1.36435,visitors_g1,Scenario_2
46.8,15109,-0.24033,3.16271,0.15933,-0.09066,0.13102,2.1761,visitors_g1,Scenario_2
47.2,15109,-0.26785,3.1836,0.08637,-0.06879,0.05223,2.49223,visitors_g1,Scenario_2
47.6,15109,-0.25791,3.18869,0.02792,0.02484,0.01273,0.47362,visitors_g1,Scenario_2
48.0,15109,-0.26516,3.05382,0.33767,-0.01811,-0.33718,-1.62446,visitors_g1,Scenario_2
68.4,15182,-2.9695,0.50156,0.0,0.0,0.0,0.0,visitors_g1,Scenario_2
68.8,15182,-3.48444,0.63066,1.32717,-1.28733,0.32274,2.89595,visitors_g1,Scenario_2
69.2,15182,-4.0088,0.7625,1.35173,-1.31092,0.32961,2.89526,visitors_g1,Scenario_2
69.6,15182,-4.54101,0.85974,1.35253,-1.3305,0.24309,2.96088,visitors_g1,Scenario_2
70.0,15182,-5.10142,0.88215,1.40215,-1.40103,0.05602,3.10163,visitors_g1,Scenario_2
70.4,15182,-5.62797,0.93026,1.32187,-1.31639,0.12028,3.05048,visitors_g1,Scenario_2
70.8,15182,-6.13597,0.95142,1.27108,-1.26998,0.05289,3.09997,visitors_g1,Scenario_2
71.2,15182,-6.6701,0.95355,1.33534,-1.33533,0.00533,3.1376,visitors_g1,Scenario_2
71.6,15182,-7.21993,1.00493,1.38056,-1.37457,0.12846,3.04841,visitors_g1,Scenario_2
72.0,15182,-7.74402,0.96317,1.31438,-1.31023,-0.10441,-3.06207,visitors_g1,Scenario_2
72.4,15182,-8.20681,0.85124,1.19033,-1.15697,-0.27982,-2.90429,visitors_g1,Scenario_2
72.8,15182,-8.59393,0.7617,0.99335,-0.9678,-0.22384,-2.9143,visitors_g1,Scenario_2
73.2,15182,-8.80799,0.67989,0.57292,-0.53517,-0.20453,-2.77654,visitors_g1,Scenario_2
73.6,15182,-8.86049,0.64655,0.15547,-0.13125,-0.08334,-2.57583,visitors_g1,Scenario_2
74.0,15182,-8.84043,0.67391,0.08481,0.05015,0.06839,0.93802,visitors_g1,Scenario_2
74.4,15182,-8.79444,0.72108,0.1647,0.11499,0.11792,0.79798,visitors_g1,Scenario_2
74.8,15182,-8.78396,0.70018,0.05844,0.0262,-0.05223,-1.10584,visitors_g1,Scenario_2
75.2,15182,-8.80069,0.62473,0.19322,-0.04182,-0.18864,-1.78899,visitors_g1,Scenario_2
75.6,15182,-8.82555,0.57683,0.13491,-0.06216,-0.11973,-2.04968,visitors_g1,Scenario_2
76.0,15182,-8.82424,0.5497,0.06791,0.00327,-0.06783,-1.5226,visitors_g1,Scenario_2
210.0,15227,-3.53909,0.63012,0.0,0.0,0.0,0.0,visitors_g1,Scenario_2
210.4,15227,-3.19426,0.31755,1.16353,0.86208,-0.78142,-0.73636,visitors_g1,Scenario_2
210.8,15227,-2.86982,-0.04619,1.21853,0.81111,-0.90935,-0.84244,visitors_g1,Scenario_2
211.2,15227,-2.60862,-0.57625,1.47732,0.65301,-1.32517,-1.11295,visitors_g1,Scenario_2
211.6,15227,-2.40026,-1.14591,1.51641,0.52089,-1.42414,-1.22015,visitors_g1,Scenario_2
212.0,15227,-2.21462,-1.72187,1.51284,0.4641,-1.4399,-1.259,visitors_g1,Scenario_2
212.4,15227,-2.08775,-2.33995,1.57743,0.31718,-1.54521,-1.36834,visitors_g1,Scenario_2
212.8,15227,-1.88211,-2.93238,1.56777,0.5141,-1.48108,-1.23669,visitors_g1,Scenario_2
213.2,15227,-1.61572,-3.42678,1.40398,0.66597,-1.23598,-1.07658,visitors_g1,Scenario_2
213.6,15227,-1.44712,-3.70528,0.81389,0.42149,-0.69625,-1.02644,visitors_g1,Scenario_2
214.0,15227,-1.39769,-3.76527,0.19434,0.12358,-0.14999,-0.88162,visitors_g1,Scenario_2
214.4,15227,-1.40248,-3.75955,0.01866,-0.01198,0.0143,2.2682,visitors_g1,Scenario_2
214.8,15227,-1.39914,-3.76183,0.01012,0.00836,-0.0057,-0.59859,visitors_g1,Scenario_2
215.2,15227,-1.39745,-3.76569,0.01053,0.00422,-0.00965,-1.15877,visitors_g1,Scenario_2
215.6,15227,-1.39907,-3.76542,0.00411,-0.00405,0.00069,2.97384,visitors_g1,Scenario_2
216.0,15227,-1.39892,-3.75054,0.0372,0.00037,0.0372,1.56078,visitors_g1,Scenario_2
216.4,15227,-1.39901,-3.72844,0.05525,-0.00021,0.05524,1.57462,visitors_g1,Scenario_2
216.8,15227,-1.40062,-3.70454,0.05988,-0.00402,0.05975,1.638,visitors_g1,Scenario_2
217.2,15227,-1.42869,-3.62851,0.20261,-0.07019,0.19007,1.92455,visitors_g1,Scenario_2
217.6,15227,-1.62223,-3.44308,0.67008,-0.48384,0.46358,2.37758,visitors_g1,Scenario_2
0.0,15258,9.22036,0.04774,0.0,0.0,0.0,0.0,visitors_g1,Scenario_2
0.4,15258,9.23376,-0.07671,0.31292,0.03351,-0.31112,-1.46349,visitors_g1,Scenario_2
0.8,15258,9.24955,-0.28136,0.51314,0.03947,-0.51162,-1.49381,visitors_g1,Scenario_2
1.2,15258,9.24914,-0.37577,0.23603,-0.00102,-0.23603,-1.57513,visitors_g1,Scenario_2
1.6,15258,9.23527,-0.33724,0.10237,-0.03467,0.09632,1.91633,visitors_g1,Scenario_2
2.0,15258,9.21354,-0.20993,0.32289,-0.05433,0.31829,1.73985,visitors_g1,Scenario_2
2.4,15258,9.20006,-0.18247,0.07646,-0.0337,0.06863,2.02718,visitors_g1,Scenario_2
2.8,15258,9.17736,-0.3397,0.39716,-0.05677,-0.39308,-1.71423,visitors_g1,Scenario_2
3.2,15258,9.12386,-0.5069,0.43887,-0.13374,-0.418,-1.88046,visitors_g1,Scenario_2
3.6,15258,9.09655,-0.53043,0.09012,-0.06828,-0.05882,-2.43052,visitors_g1,Scenario_2
4.0,15258,9.1333,-0.37586,0.39721,0.09188,0.38644,1.33736,visitors_g1,Scenario_2
4.4,15258,9.11357,-0.17854,0.49575,-0.04933,0.49329,1.67047,visitors_g1,Scenario_2
4.8,15258,8.8935,-0.04119,0.64853,-0.55017,0.34337,2.58363,visitors_g1,Scenario_2
5.2,15258,8.48886,0.01345,1.02078,-1.0116,0.1366,3.00737,visitors_g1,Scenario_2
5.6,15258,7.97378,-0.02896,1.29206,-1.2877,-0.10604,-3.05943,visitors_g1,Scenario_2
6.0,15258,7.39462,-0.08727,1.45521,-1.44789,-0.14576,-3.04126,visitors_g1,Scenario_2
6.4,15258,6.82787,-0.15984,1.42846,-1.41689,-0.18143,-3.01424,visitors_g1,Scenario_2
6.8,15258,6.30642,-0.26119,1.328,-1.30361,-0.25337,-2.94963,visitors_g1,Scenario_2
7.2,15258,5.79663,-0.37358,1.30509,-1.27449,-0.28097,-2.92461,visitors_g1,Scenario_2
7.6,15258,5.28285,-0.5019,1.32391,-1.28446,-0.32082,-2.89683,visitors_g1,Scenario_2
139.6,15017,-4.5428,0.66212,0.0,0.0,0.0,0.0,visitors_g1,Scenario_2
140.0,15017,-5.07284,0.50234,1.38399,-1.32509,-0.39943,-2.84882,visitors_g1,Scenario_2
140.4,15017,-5.56576,0.35006,1.28977,-1.2323,-0.38072,-2.84194,visitors_g1,Scenario_2
140.8,15017,-6.06223,0.09365,1.39694,-1.24119,-0.64101,-2.66487,visitors_g1,Scenario_2
141.2,15017,-6.56828,-0.06997,1.32961,-1.26512,-0.40906,-2.82887,visitors_g1,Scenario_2
141.6,15017,-7.03069,-0.17014,1.18284,-1.15602,-0.25044,-2.92825,visitors_g1,Scenario_2
142.0,15017,-7.46157,-0.33914,1.15709,-1.07721,-0.42249,-2.76782,visitors_g1,Scenario_2
142.4,15017,-7.8322,-0.42616,0.95178,-0.92658,-0.21755,-2.91098,visitors_g1,Scenario_2
142.8,15017,-8.09522,-0.42822,0.65755,-0.65753,-0.00515,-3.13375,visitors_g1,Scenario_2
143.2,15017,-8.22427,-0.5043,0.37453,-0.32264,-0.19021,-2.60891,visitors_g1,Scenario_2
143.6,15017,-8.3092,-0.67109,0.4679,-0.21231,-0.41696,-2.04176,visitors_g1,Scenario_2
144.0,15017,-8.36085,-0.7738,0.28742,-0.12914,-0.25678,-2.03676,visitors_g1,Scenario_2
144.4,15017,-8.34435,-0.77054,0.04204,0.04124,0.00816,0.19538,visitors_g1,Scenario_2
144.8,15017,-8.35259,-0.75443,0.04523,-0.0206,0.04026,2.04369,visitors_g1,Scenario_2
145.2,15017,-8.36666,-0.73935,0.05157,-0.03517,0.03771,2.32141,visitors_g1,Scenario_2
145.6,15017,-8.36894,-0.74641,0.01854,-0.00569,-0.01765,-1.88283,visitors_g1,Scenario_2
146.0,15017,-8.39704,-0.77968,0.10889,-0.07026,-0.08319,-2.27215,visitors_g1,Scenario_2
146.4,15017,-8.45069,-0.80514,0.14844,-0.13411,-0.06364,-2.69854,visitors_g1,Scenario_2
146.8,15017,-8.46981,-0.81212,0.05088,-0.0478,-0.01745,-2.79158,visitors_g1,Scenario_2
147.2,15017,-8.32823,-0.74262,0.39429,0.35395,0.17374,0.4563,visitors_g1,Scenario_2
54.0,15133,-6.59786,3.03778,0.0,0.0,0.0,0.0,visitors_g1,Scenario_2
54.4,15133,-6.55208,3.00877,0.13549,0.11446,-0.07251,-0.56468,visitors_g1,Scenario_2
54.8,15133,-6.50854,2.96558,0.15333,0.10886,-0.10798,-0.78135,visitors_g1,Scenario_2
55.2,15133,-6.4489,2.89601,0.22909,0.1491,-0.17393,-0.86213,visitors_g1,Scenario_2
55.6,15133,-6.34965,2.79671,0.35097,0.24811,-0.24824,-0.78566,visitors_g1,Scenario_2
56.0,15133,-6.16862,2.65531,0.57429,0.45259,-0.35352,-0.66311,visitors_g1,Scenario_2
56.4,15133,-5.87613,2.46762,0.86882,0.73123,-0.4692,-0.57049,visitors_g1,Scenario_2
56.8,15133,-5.54493,2.2097,1.04945,0.82798,-0.64481,-0.66166,visitors_g1,Scenario_2
57.2,15133,-5.19499,1.92169,1.13305,0.87485,-0.72003,-0.68863,visitors_g1,Scenario_2
57.6,15133,-4.80669,1.66807,1.15946,0.97075,-0.63403,-0.57858,visitors_g1,Scenario_2
58.0,15133,-4.4556,1.39726,1.10851,0.87774,-0.67703,-0.65702,visitors_g1,Scenario_2
58.4,15133,-4.13309,1.0897,1.11414,0.80628,-0.76891,-0.76168,visitors_g1,Scenario_2
58.8,15133,-3.81431,0.79512,1.08511,0.79694,-0.73644,-0.74596,visitors_g1,Scenario_2
59.2,15133,-3.55125,0.45713,1.07074,0.65764,-0.84497,-0.90943,visitors_g1,Scenario_2
59.6,15133,-3.30717,0.07328,1.13721,0.61021,-0.95964,-1.00441,visitors_g1,Scenario_2
60.0,15133,-3.02776,-0.28667,1.13917,0.69853,-0.89987,-0.9107,visitors_g1,Scenario_2
60.4,15133,-2.74617,-0.66385,1.17675,0.70397,-0.94295,-0.9295,visitors_g1,Scenario_2
60.8,15133,-2.45357,-1.05797,1.22713,0.73148,-0.98529,-0.93218,visitors_g1,Scenario_2
61.2,15133,-2.158,-1.42217,1.17263,0.73894,-0.91051,-0.88904,visitors_g1,Scenario_2
61.6,15133,-1.90116,-1.80678,1.15621,0.64211,-0.96152,-0.982,visitors_g1,Scenario_2
0.0,15053,-0.44862,-3.63969,0.0,0.0,0.0,0.0,visitors_g1,Scenario_2
0.4,15053,-0.63166,-3.70906,0.48936,-0.45761,-0.17341,-2.77936,visitors_g1,Scenario_2
0.8,15053,-0.89546,-3.80376,0.70072,-0.65951,-0.23675,-2.79694,visitors_g1,Scenario_2
1.2,15053,-0.98077,-3.83666,0.22859,-0.21328,-0.08226,-2.77349,visitors_g1,Scenario_2
1.6,15053,-0.99358,-3.83632,0.03204,-0.03203,0.00085,3.11498,visitors_g1,Scenario_2
2.0,15053,-1.00934,-3.82287,0.05178,-0.03938,0.03363,2.43481,visitors_g1,Scenario_2
2.4,15053,-1.03234,-3.80982,0.06612,-0.0575,0.03263,2.62543,visitors_g1,Scenario_2
2.8,15053,-1.05639,-3.79262,0.07393,-0.06014,0.043,2.52093,visitors_g1,Scenario_2
3.2,15053,-1.07309,-3.76734,0.07572,-0.04173,0.06319,2.15451,visitors_g1,Scenario_2
3.6,15053,-1.05284,-3.74178,0.08152,0.05061,0.06391,0.90108,visitors_g1,Scenario_2
4.0,15053,-0.84943,-3.65936,0.54868,0.50853,0.20604,0.38496,visitors_g1,Scenario_2
4.4,15053,-0.58102,-3.52799,0.74709,0.67103,0.32843,0.45516,visitors_g1,Scenario_2
4.8,15053,-0.46639,-3.40063,0.42839,0.28658,0.31841,0.83797,visitors_g1,Scenario_2
5.2,15053,-0.50082,-3.27003,0.33766,-0.08608,0.3265,1.82857,visitors_g1,Scenario_2
5.6,15053,-0.7002,-3.15941,0.57003,-0.49845,0.27655,2.63506,visitors_g1,Scenario_2
6.0,15053,-1.03753,-3.07178,0.87132,-0.84333,0.21907,2.88744,visitors_g1,Scenario_2
6.4,15053,-1.49503,-3.00918,1.1544,-1.14374,0.1565,3.00561,visitors_g1,Scenario_2
6.8,15053,-2.02546,-3.00516,1.3261,-1.32607,0.01004,3.13402,visitors_g1,Scenario_2
7.2,15053,-2.56209,-3.02789,1.3428,-1.34159,-0.05682,-3.09927,visitors_g1,Scenario_2
7.6,15053,-3.12697,-3.0505,1.41333,-1.4122,-0.05653,-3.10158,visitors_g1,Scenario_2
60.0,15181,8.7863,-0.63813,0.0,0.0,0.0,0.0,visitors_g1,Scenario_2
60.4,15181,8.58216,-0.29886,0.98987,-0.51035,0.84817,2.11246,visitors_g1,Scenario_2
60.8,15181,8.28988,-0.17247,0.79611,-0.73072,0.31597,2.73346,visitors_g1,Scenario_2
61.2,15181,7.83264,-0.12851,1.14836,-1.14309,0.1099,3.04575,visitors_g1,Scenario_2
61.6,15181,7.29542,-0.05882,1.3543,-1.34304,0.17424,3.01258,visitors_g1,Scenario_2
62.0,15181,6.68684,-0.00441,1.52753,-1.52146,0.13602,3.05243,visitors_g1,Scenario_2
62.4,15181,6.04365,0.07555,1.62037,-1.60799,0.19989,3.01792,visitors_g1,Scenario_2
62.8,15181,5.38683,0.08544,1.64223,-1.64204,0.02473,3.12654,visitors_g1,Scenario_2
63.2,15181,4.73529,0.09752,1.62914,-1.62886,0.0302,3.12305,visitors_g1,Scenario_2
63.6,15181,4.09719,0.11861,1.59611,-1.59524,0.05274,3.10854,visitors_g1,Scenario_2
64.0,15181,3.44941,0.1127,1.61951,-1.61945,-0.01477,-3.13247,visitors_g1,Scenario_2
64.4,15181,2.78549,0.13656,1.66087,-1.6598,0.05965,3.10567,visitors_g1,Scenario_2
64.8,15181,2.12683,0.12237,1.64705,-1.64667,-0.03549,-3.12004,visitors_g1,Scenario_2
65.2,15181,1.49966,0.11158,1.56814,-1.56791,-0.02697,-3.12439,visitors_g1,Scenario_2
65.6,15181,0.88958,0.07953,1.52731,-1.52521,-0.08013,-3.0891,visitors_g1,Scenario_2
66.0,15181,0.29267,0.02097,1.49945,-1.49228,-0.14639,-3.0438,visitors_g1,Scenario_2
66.4,15181,-0.30298,0.0058,1.48961,-1.48913,-0.03791,-3.11614,visitors_g1,Scenario_2
66.8,15181,-0.8594,-0.0004,1.39113,-1.39104,-0.01551,-3.13044,visitors_g1,Scenario_2
67.2,15181,-1.37915,0.07288,1.31223,-1.29938,0.18319,3.00153,visitors_g1,Scenario_2
67.6,15181,-1.91342,0.1971,1.37131,-1.33568,0.31057,2.91313,visitors_g1,Scenario_2
173.6,15047,-4.19382,0.56678,0.0,0.0,0.0,0.0,visitors_g1,Scenario_2
174.0,15047,-4.69299,0.56207,1.24797,-1.24791,-0.0118,-3.13214,visitors_g1,Scenario_2
174.4,15047,-5.19568,0.53145,1.25905,-1.25672,-0.07653,-3.08077,visitors_g1,Scenario_2
174.8,15047,-5.73373,0.46941,1.35406,-1.34514,-0.1551,-3.0268,visitors_g1,Scenario_2
175.2,15047,-6.30656,0.4108,1.43953,-1.43205,-0.14653,-3.03963,visitors_g1,Scenario_2
175.6,15047,-6.8733,0.31225,1.43812,-1.41686,-0.24637,-2.96943,visitors_g1,Scenario_2
176.0,15047,-7.42495,0.19322,1.41087,-1.37913,-0.29758,-2.92908,visitors_g1,Scenario_2
176.4,15047,-7.92584,0.04515,1.3058,-1.25223,-0.37017,-2.85417,visitors_g1,Scenario_2
176.8,15047,-8.2607,-0.12651,0.94074,-0.83714,-0.42916,-2.66787,visitors_g1,Scenario_2
177.2,15047,-8.37625,-0.20715,0.35227,-0.28888,-0.2016,-2.53229,visitors_g1,Scenario_2
177.6,15047,-8.39403,-0.21473,0.04831,-0.04444,-0.01894,-2.73867,visitors_g1,Scenario_2
178.0,15047,-8.4118,-0.22231,0.04831,-0.04444,-0.01894,-2.73867,visitors_g1,Scenario_2
178.4,15047,-8.42958,-0.22988,0.04831,-0.04444,-0.01894,-2.73867,visitors_g1,Scenario_2
178.8,15047,-8.44735,-0.23746,0.04831,-0.04444,-0.01894,-2.73867,visitors_g1,Scenario_2
179.2,15047,-8.46513,-0.24504,0.04831,-0.04444,-0.01894,-2.73867,visitors_g1,Scenario_2
179.6,15047,-8.4829,-0.25261,0.04831,-0.04444,-0.01894,-2.73867,visitors_g1,Scenario_2
180.0,15047,-8.50068,-0.26019,0.04831,-0.04444,-0.01894,-2.73867,visitors_g1,Scenario_2
180.4,15047,-8.51846,-0.26777,0.04831,-0.04444,-0.01894,-2.73867,visitors_g1,Scenario_2
180.8,15047,-8.47874,-0.23909,0.12247,0.09929,0.07169,0.62537,visitors_g1,Scenario_2
181.2,15047,-8.24231,-0.135,0.64582,0.59107,0.26023,0.41474,visitors_g1,Scenario_2
25.6,15083,4.4286,0.79672,0.0,0.0,0.0,0.0,visitors_g1,Scenario_2
26.0,15083,3.96234,0.51392,1.3633,-1.16565,-0.707,-2.59639,visitors_g1,Scenario_2
26.4,15083,3.43731,0.25411,1.46451,-1.31259,-0.64954,-2.68207,visitors_g1,Scenario_2
26.8,15083,2.91508,-0.00172,1.45382,-1.30558,-0.63958,-2.68607,visitors_g1,Scenario_2
27.2,15083,2.41752,-0.23483,1.37364,-1.2439,-0.58276,-2.70347,visitors_g1,Scenario_2
27.6,15083,1.91467,-0.42416,1.34326,-1.25711,-0.47333,-2.78149,visitors_g1,Scenario_2
28.0,15083,1.42923,-0.64814,1.33655,-1.2136,-0.55995,-2.7093,visitors_g1,Scenario_2
28.4,15083,0.92629,-0.87871,1.38321,-1.25737,-0.57644,-2.71174,visitors_g1,Scenario_2
28.8,15083,0.43922,-1.08844,1.32574,-1.21766,-0.52431,-2.735,visitors_g1,Scenario_2
29.2,15083,0.00978,-1.3283,1.22974,-1.07361,-0.59967,-2.6322,visitors_g1,Scenario_2
29.6,15083,-0.44047,-1.56543,1.27218,-1.12561,-0.59281,-2.65685,visitors_g1,Scenario_2
30.0,15083,-0.8505,-1.88698,1.30269,-1.02508,-0.80388,-2.47655,visitors_g1,Scenario_2
30.4,15083,-1.11248,-2.33728,1.3024,-0.65495,-1.12575,-2.09772,visitors_g1,Scenario_2
30.8,15083,-1.24136,-2.81695,1.24171,-0.32222,-1.19917,-1.8333,visitors_g1,Scenario_2
31.2,15083,-1.17719,-3.26965,1.14306,0.16044,-1.13175,-1.42997,visitors_g1,Scenario_2
31.6,15083,-0.98042,-3.60193,0.96544,0.49192,-0.83072,-1.03615,visitors_g1,Scenario_2
32.0,15083,-0.89665,-3.73537,0.39388,0.20943,-0.33358,-1.01017,visitors_g1,Scenario_2
32.4,15083,-0.9429,-3.77609,0.15407,-0.11563,-0.10181,-2.41967,visitors_g1,Scenario_2
32.8,15083,-0.95632,-3.82606,0.12936,-0.03356,-0.12493,-1.83324,visitors_g1,Scenario_2
33.2,15083,-0.9066,-3.86499,0.15788,0.12431,-0.09732,-0.66418,visitors_g1,Scenario_2
140.8,15142,5.32901,0.82274,0.0,0.0,0.0,0.0,visitors_g1,Scenario_2
141.2,15142,4.83443,0.80665,1.2371,-1.23645,-0.04021,-3.10908,visitors_g1,Scenario_2
141.6,15142,4.34893,0.78917,1.21453,-1.21374,-0.04371,-3.10559,visitors_g1,Scenario_2
142.0,15142,3.89031,0.75562,1.14962,-1.14656,-0.08386,-3.06858,visitors_g1,Scenario_2
142.4,15142,3.42247,0.77413,1.17051,-1.16959,0.04627,3.10205,visitors_g1,Scenario_2
142.8,15142,2.92563,0.85898,1.26008,-1.2421,0.21212,2.97245,visitors_g1,Scenario_2
143.2,15142,2.42412,1.01941,1.31637,-1.25379,0.40106,2.832,visitors_g1,Scenario_2
143.6,15142,1.92793,1.22578,1.34348,-1.24046,0.51594,2.74743,visitors_g1,Scenario_2
144.0,15142,1.41407,1.38818,1.34729,-1.28466,0.406,2.83549,visitors_g1,Scenario_2
144.4,15142,0.90742,1.54212,1.3238,-1.26663,0.38483,2.84663,visitors_g1,Scenario_2
144.8,15142,0.41106,1.7118,1.31141,-1.2409,0.42421,2.81219,visitors_g1,Scenario_2
145.2,15142,-0.09978,1.85879,1.32892,-1.27709,0.36749,2.86141,visitors_g1,Scenario_2
145.6,15142,-0.59285,1.99542,1.27911,-1.23266,0.34155,2.87129,visitors_g1,Scenario_2
146.0,15142,-1.07652,2.08629,1.23034,-1.20919,0.22718,2.95588,visitors_g1,Scenario_2
146.4,15142,-1.56939,2.11953,1.23497,-1.23217,0.08311,3.07425,visitors_g1,Scenario_2
146.8,15142,-2.08823,2.17308,1.30398,-1.29709,0.13387,3.03875,visitors_g1,Scenario_2
147.2,15142,-2.60853,2.22334,1.30682,-1.30076,0.12565,3.0453,visitors_g1,Scenario_2
147.6,15142,-3.08859,2.26996,1.20578,-1.20014,0.11656,3.04478,visitors_g1,Scenario_2
148.0,15142,-3.52113,2.35757,1.10332,-1.08136,0.21903,2.94175,visitors_g1,Scenario_2
148.4,15142,-3.95051,2.43165,1.0893,-1.07344,0.18519,2.97075,visitors_g1,Scenario_2
67.2,15238,-4.21481,-3.02531,0.0,0.0,0.0,0.0,visitors_g1,Scenario_2
67.6,15238,-3.67966,-3.05108,1.33943,1.33788,-0.06442,-0.04811,visitors_g1,Scenario_2
68.0,15238,-3.17073,-2.99552,1.27988,1.27232,0.13891,0.10875,visitors_g1,Scenario_2
68.4,15238,-2.6676,-2.91669,1.27318,1.25783,0.19708,0.15542,visitors_g1,Scenario_2
68.8,15238,-2.15919,-2.78643,1.31208,1.27103,0.32563,0.2508,visitors_g1,Scenario_2
69.2,15238,-1.64368,-2.63177,1.34554,1.28878,0.38667,0.29148,visitors_g1,Scenario_2
69.6,15238,-1.09546,-2.54996,1.38572,1.37054,0.20451,0.14813,visitors_g1,Scenario_2
70.0,15238,-0.5512,-2.43249,1.39198,1.36065,0.29367,0.21257,visitors_g1,Scenario_2
70.4,15238,-0.05492,-2.28019,1.29782,1.24071,0.38075,0.29775,visitors_g1,Scenario_2
70.8,15238,0.41105,-2.10378,1.24561,1.16492,0.44105,0.36193,visitors_g1,Scenario_2
71.2,15238,0.87422,-1.84168,1.33047,1.15793,0.65523,0.51494,visitors_g1,Scenario_2
71.6,15238,1.37233,-1.61453,1.36864,1.24527,0.56788,0.42786,visitors_g1,Scenario_2
72.0,15238,1.90278,-1.45512,1.38471,1.32612,0.39854,0.29194,visitors_g1,Scenario_2
72.4,15238,2.41457,-1.30719,1.33184,1.27947,0.3698,0.28136,visitors_g1,Scenario_2
72.8,15238,2.91907,-1.16703,1.30903,1.26126,0.3504,0.27098,visitors_g1,Scenario_2
73.2,15238,3.41737,-0.99109,1.32113,1.24575,0.43987,0.33943,visitors_g1,Scenario_2
73.6,15238,3.91061,-0.81262,1.31132,1.23309,0.44616,0.34717,visitors_g1,Scenario_2
74.0,15238,4.39656,-0.60273,1.32335,1.21488,0.52472,0.40771,visitors_g1,Scenario_2
74.4,15238,4.87792,-0.33665,1.37501,1.2034,0.6652,0.50496,visitors_g1,Scenario_2
74.8,15238,5.40471,-0.11326,1.43051,1.31699,0.55848,0.40107,visitors_g1,Scenario_2
172.4,15098,-3.41524,-0.11095,0.0,0.0,0.0,0.0,visitors_g1,Scenario_2
172.8,15098,-4.04275,-0.05695,1.57457,-1.56877,0.13501,3.05574,visitors_g1,Scenario_2
173.2,15098,-4.63758,-0.1596,1.50905,-1.48706,-0.25663,-2.9707,visitors_g1,Scenario_2
173.6,15098,-5.23481,-0.36608,1.57979,-1.49308,-0.51619,-2.80873,visitors_g1,Scenario_2
174.0,15098,-5.77097,-0.65144,1.51843,-1.3404,-0.7134,-2.6525,visitors_g1,Scenario_2
174.4,15098,-6.25044,-1.04247,1.54677,-1.19869,-0.97758,-2.45745,visitors_g1,Scenario_2
174.8,15098,-6.70056,-1.48264,1.57392,-1.1253,-1.10043,-2.36737,visitors_g1,Scenario_2
175.2,15098,-7.03422,-1.99825,1.53539,-0.83415,-1.28904,-2.14514,visitors_g1,Scenario_2
175.6,15098,-7.28897,-2.55277,1.52558,-0.63685,-1.38629,-2.00143,visitors_g1,Scenario_2
176.0,15098,-7.44563,-2.9341,1.03064,-0.39166,-0.95332,-1.96061,visitors_g1,Scenario_2
176.4,15098,-7.46209,-3.0661,0.33256,-0.04115,-0.33,-1.69484,visitors_g1,Scenario_2
176.8,15098,-7.44564,-3.08021,0.05417,0.04112,-0.03527,-0.70905,visitors_g1,Scenario_2
177.2,15098,-7.47128,-3.07149,0.06769,-0.06409,0.0218,2.81366,visitors_g1,Scenario_2
177.6,15098,-7.5127,-3.07801,0.10483,-0.10355,-0.0163,-2.98549,visitors_g1,Scenario_2
178.0,15098,-7.54685,-3.08876,0.08951,-0.08539,-0.02687,-2.83673,visitors_g1,Scenario_2
178.4,15098,-7.5848,-3.09841,0.09788,-0.09486,-0.02413,-2.89254,visitors_g1,Scenario_2
178.8,15098,-7.60802,-3.10633,0.06136,-0.05807,-0.01981,-2.81285,visitors_g1,Scenario_2
179.2,15098,-7.59456,-3.10722,0.03372,0.03365,-0.00224,-0.0664,visitors_g1,Scenario_2
179.6,15098,-7.47482,-3.02173,0.36784,0.29937,0.21373,0.62001,visitors_g1,Scenario_2
180.0,15098,-7.30948,-2.70178,0.90037,0.41335,0.79988,1.09383,visitors_g1,Scenario_2
129.6,15119,-4.17023,0.57787,0.0,0.0,0.0,0.0,visitors_g1,Scenario_2
130.0,15119,-3.77158,0.95742,1.3761,0.99663,0.94889,0.76087,visitors_g1,Scenario_2
130.4,15119,-3.27623,1.2144,1.39511,1.23839,0.64244,0.47855,visitors_g1,Scenario_2
130.8,15119,-2.81034,1.51376,1.38443,1.16471,0.74839,0.57112,visitors_g1,Scenario_2
131.2,15119,-2.34846,1.79958,1.35792,1.15471,0.71456,0.55414,visitors_g1,Scenario_2
131.6,15119,-1.84103,1.94135,1.31715,1.26857,0.35442,0.27244,visitors_g1,Scenario_2
132.0,15119,-1.36268,2.12556,1.28148,1.19587,0.46053,0.3676,visitors_g1,Scenario_2
132.4,15119,-0.92827,2.32154,1.19142,1.08603,0.48994,0.42379,visitors_g1,Scenario_2
132.8,15119,-0.57103,2.44531,0.94519,0.8931,0.30944,0.33353,visitors_g1,Scenario_2
133.2,15119,-0.38411,2.60484,0.61435,0.4673,0.39882,0.70649,visitors_g1,Scenario_2
133.6,15119,-0.31824,2.74301,0.38268,0.16468,0.34543,1.12593,visitors_g1,Scenario_2
134.0,15119,-0.27826,2.77978,0.1358,0.09994,0.09194,0.74372,visitors_g1,Scenario_2
134.4,15119,-0.28235,2.78246,0.01222,-0.01022,0.0067,2.56145,visitors_g1,Scenario_2
134.8,15119,-0.29972,2.73685,0.12202,-0.04342,-0.11403,-1.93459,visitors_g1,Scenario_2
135.2,15119,-0.2263,2.62612,0.33215,0.18355,-0.27683,-0.9853,visitors_g1,Scenario_2
135.6,15119,-0.15817,2.5435,0.26771,0.17031,-0.20655,-0.88125,visitors_g1,Scenario_2
136.0,15119,-0.28535,2.44186,0.40701,-0.31796,-0.25409,-2.46739,visitors_g1,Scenario_2
136.4,15119,-0.58468,2.3053,0.82253,-0.74833,-0.34141,-2.71357,visitors_g1,Scenario_2
136.8,15119,-0.92481,2.17851,0.90747,-0.85031,-0.31698,-2.78477,visitors_g1,Scenario_2
137.2,15119,-1.28864,1.98358,1.0319,-0.90958,-0.48732,-2.64974,visitors_g1,Scenario_2
194.4,15197,5.59714,-0.10534,0.0,0.0,0.0,0.0,visitors_g1,Scenario_2
194.8,15197,4.91868,-0.02249,1.70875,-1.69615,0.20713,3.02008,visitors_g1,Scenario_2
195.2,15197,4.25044,0.10725,1.70181,-1.67061,0.32436,2.94982,visitors_g1,Scenario_2
195.6,15197,3.59499,0.20796,1.65784,-1.63861,0.25177,2.98913,visitors_g1,Scenario_2
196.0,15197,2.95555,0.33769,1.63117,-1.5986,0.32432,2.94143,visitors_g1,Scenario_2
196.4,15197,2.33183,0.4943,1.6077,-1.5593,0.39152,2.89559,visitors_g1,Scenario_2
196.8,15197,1.7288,0.67695,1.57523,-1.50759,0.45663,2.84749,visitors_g1,Scenario_2
197.2,15197,1.11654,0.895,1.62481,-1.53064,0.54512,2.79946,visitors_g1,Scenario_2
197.6,15197,0.48839,1.09884,1.651,-1.57037,0.50961,2.8278,visitors_g1,Scenario_2
198.0,15197,-0.09096,1.31832,1.54882,-1.44837,0.54869,2.77947,visitors_g1,Scenario_2
198.4,15197,-0.63401,1.45405,1.39938,-1.35762,0.33932,2.89668,visitors_g1,Scenario_2
198.8,15197,-1.2056,1.56639,1.45632,-1.42897,0.28086,2.94752,visitors_g1,Scenario_2
199.2,15197,-1.76379,1.77547,1.49017,-1.39549,0.5227,2.7832,visitors_g1,Scenario_2
199.6,15197,-2.32964,1.96814,1.49437,-1.41462,0.48166,2.81342,visitors_g1,Scenario_2
200.0,15197,-2.92387,2.17252,1.57099,-1.48557,0.51097,2.81031,visitors_g1,Scenario_2
200.4,15197,-3.4871,2.356,1.4809,-1.40806,0.4587,2.82667,visitors_g1,Scenario_2
200.8,15197,-4.03063,2.47454,1.39077,-1.35883,0.29634,2.92687,visitors_g1,Scenario_2
201.2,15197,-4.55312,2.60908,1.34885,-1.30624,0.33636,2.88957,visitors_g1,Scenario_2
201.6,15197,-5.05889,2.68073,1.27705,-1.26442,0.17913,3.00086,visitors_g1,Scenario_2
202.0,15197,-5.57117,2.71768,1.28403,-1.2807,0.09236,3.0696,visitors_g1,Scenario_2
115.6,15139,-8.32831,0.84684,0.0,0.0,0.0,0.0,visitors_g1,Scenario_2
116.0,15139,-8.33071,0.83488,0.03048,-0.00601,-0.02988,-1.76922,visitors_g1,Scenario_2
116.4,15139,-8.34371,0.81188,0.06607,-0.0325,-0.05752,-2.08511,visitors_g1,Scenario_2
116.8,15139,-8.37915,0.77981,0.11948,-0.0886,-0.08016,-2.40617,visitors_g1,Scenario_2
117.2,15139,-8.43755,0.7317,0.18916,-0.14599,-0.12028,-2.45248,visitors_g1,Scenario_2
117.6,15139,-8.3685,0.69771,0.19242,0.17264,-0.08497,-0.45739,visitors_g1,Scenario_2
118.0,15139,-8.1371,0.66596,0.5839,0.57848,-0.07937,-0.13636,visitors_g1,Scenario_2
118.4,15139,-7.88416,0.6138,0.64567,0.63236,-0.1304,-0.20336,visitors_g1,Scenario_2
118.8,15139,-7.63121,0.56165,0.64567,0.63236,-0.1304,-0.20336,visitors_g1,Scenario_2
119.2,15139,-7.37827,0.50949,0.64567,0.63236,-0.1304,-0.20336,visitors_g1,Scenario_2
119.6,15139,-7.12532,0.45733,0.64567,0.63236,-0.1304,-0.20336,visitors_g1,Scenario_2
120.0,15139,-6.87238,0.40517,0.64567,0.63236,-0.1304,-0.20336,visitors_g1,Scenario_2
120.4,15139,-6.59696,0.35081,0.70182,0.68854,-0.13591,-0.19488,visitors_g1,Scenario_2
120.8,15139,-6.20733,0.30393,0.9811,0.97407,-0.11719,-0.11974,visitors_g1,Scenario_2
121.2,15139,-5.71729,0.27926,1.22666,1.22511,-0.06166,-0.05029,visitors_g1,Scenario_2
121.6,15139,-5.22134,0.23521,1.24475,1.23987,-0.11014,-0.0886,visitors_g1,Scenario_2
122.0,15139,-4.72738,0.18259,1.24189,1.23491,-0.13155,-0.10613,visitors_g1,Scenario_2
122.4,15139,-4.2395,0.16725,1.22031,1.2197,-0.03833,-0.03142,visitors_g1,Scenario_2
122.8,15139,-3.75472,0.12795,1.21591,1.21193,-0.09826,-0.0809,visitors_g1,Scenario_2
123.2,15139,-3.26809,0.05437,1.23041,1.21658,-0.18395,-0.15007,visitors_g1,Scenario_2
109.2,15215,0.77439,-2.04768,0.0,0.0,0.0,0.0,visitors_g1,Scenario_2
109.6,15215,0.40008,-2.36324,1.22395,-0.93578,-0.78891,-2.44115,visitors_g1,Scenario_2
110.0,15215,0.0233,-2.64129,1.17068,-0.94197,-0.69512,-2.50585,visitors_g1,Scenario_2
110.4,15215,-0.40709,-2.94277,1.31368,-1.07596,-0.7537,-2.53054,visitors_g1,Scenario_2
110.8,15215,-0.72512,-3.27229,1.1449,-0.79507,-0.82381,-2.33844,visitors_g1,Scenario_2
111.2,15215,-0.88145,-3.44021,0.57356,-0.39083,-0.41979,-2.32049,visitors_g1,Scenario_2
111.6,15215,-0.96388,-3.47192,0.22079,-0.20607,-0.07927,-2.77437,visitors_g1,Scenario_2
112.0,15215,-0.99949,-3.47756,0.09015,-0.08904,-0.0141,-2.98448,visitors_g1,Scenario_2
112.4,15215,-1.00806,-3.46739,0.03324,-0.02141,0.02543,2.27052,visitors_g1,Scenario_2
112.8,15215,-1.00493,-3.45941,0.02142,0.00783,0.01994,1.19684,visitors_g1,Scenario_2
113.2,15215,-0.99663,-3.46305,0.02264,0.02074,-0.00909,-0.41308,visitors_g1,Scenario_2
113.6,15215,-0.98949,-3.47049,0.02579,0.01785,-0.01862,-0.80648,visitors_g1,Scenario_2
114.0,15215,-0.9804,-3.47154,0.02289,0.02274,-0.00262,-0.11482,visitors_g1,Scenario_2
114.4,15215,-0.97442,-3.46693,0.01888,0.01494,0.01154,0.65742,visitors_g1,Scenario_2
114.8,15215,-0.89062,-3.37336,0.31402,0.2095,0.23393,0.84044,visitors_g1,Scenario_2
115.2,15215,-0.68381,-3.2414,0.61332,0.51704,0.3299,0.56794,visitors_g1,Scenario_2
115.6,15215,-0.36005,-3.04526,0.94633,0.80938,0.49035,0.54469,visitors_g1,Scenario_2
116.0,15215,-0.0025,-2.70375,1.2361,0.89388,0.85376,0.76245,visitors_g1,Scenario_2
116.4,15215,0.31146,-2.30864,1.26167,0.7849,0.98779,0.89936,visitors_g1,Scenario_2
116.8,15215,0.66954,-1.86878,1.41796,0.89521,1.09964,0.88752,visitors_g1,Scenario_2
110.4,15187,-1.29475,-2.92925,0.0,0.0,0.0,0.0,visitors_g1,Scenario_2
110.8,15187,-1.48066,-3.38967,1.24135,-0.46477,-1.15107,-1.95455,visitors_g1,Scenario_2
111.2,15187,-1.54222,-3.73094,0.86694,-0.15392,-0.85317,-1.74929,visitors_g1,Scenario_2
111.6,15187,-1.52545,-3.84489,0.28794,0.04195,-0.28487,-1.42459,visitors_g1,Scenario_2
112.0,15187,-1.51339,-3.84189,0.03106,0.03013,0.0075,0.24404,visitors_g1,Scenario_2
112.4,15187,-1.50194,-3.83154,0.03859,0.02864,0.02587,0.73461,visitors_g1,Scenario_2
112.8,15187,-1.50569,-3.83186,0.00943,-0.0094,-0.0008,-3.05717,visitors_g1,Scenario_2
113.2,15187,-1.53921,-3.87277,0.13222,-0.08378,-0.10229,-2.25707,visitors_g1,Scenario_2
113.6,15187,-1.58618,-3.93368,0.19229,-0.11743,-0.15228,-2.22768,visitors_g1,Scenario_2
114.0,15187,-1.60865,-3.96097,0.08838,-0.05619,-0.06822,-2.25979,visitors_g1,Scenario_2
114.4,15187,-1.58478,-3.9484,0.06744,0.05967,0.03143,0.48484,visitors_g1,Scenario_2
114.8,15187,-1.52659,-3.86835,0.2474,0.14549,0.20011,0.94216,visitors_g1,Scenario_2
115.2,15187,-1.48898,-3.57407,0.7417,0.09402,0.73571,1.44368,visitors_g1,Scenario_2
115.6,15187,-1.42274,-3.14553,1.08407,0.16559,1.07135,1.41745,visitors_g1,Scenario_2
116.0,15187,-1.15673,-2.79543,1.09924,0.66503,0.87525,0.92104,visitors_g1,Scenario_2
116.4,15187,-0.7013,-2.46964,1.39991,1.13859,0.81447,0.62095,visitors_g1,Scenario_2
116.8,15187,-0.21699,-2.08566,1.54514,1.21078,0.95994,0.67035,visitors_g1,Scenario_2
117.2,15187,0.27034,-1.7404,1.4931,1.21832,0.86315,0.61639,visitors_g1,Scenario_2
117.6,15187,0.7658,-1.38861,1.51913,1.23865,0.87949,0.61743,visitors_g1,Scenario_2
118.0,15187,1.30516,-0.98829,1.6792,1.34838,1.00079,0.6385,visitors_g1,Scenario_2
149.2,15143,-4.84357,2.6074,0.0,0.0,0.0,0.0,visitors_g1,Scenario_2
149.6,15143,-5.26843,2.65816,1.06969,-1.06214,0.12689,3.02269,visitors_g1,Scenario_2
150.0,15143,-5.69627,2.72181,1.08139,-1.06962,0.15913,2.9939,visitors_g1,Scenario_2
150.4,15143,-6.10199,2.75996,1.01877,-1.01429,0.09538,3.04784,visitors_g1,Scenario_2
150.8,15143,-6.45279,2.72646,0.88099,-0.877,-0.08376,-3.04638,visitors_g1,Scenario_2
151.2,15143,-6.69259,2.69751,0.60385,-0.5995,-0.07237,-3.02145,visitors_g1,Scenario_2
151.6,15143,-6.77087,2.68739,0.19731,-0.19568,-0.0253,-3.01299,visitors_g1,Scenario_2
152.0,15143,-6.75756,2.6832,0.03489,0.03327,-0.01048,-0.30524,visitors_g1,Scenario_2
152.4,15143,-6.69942,2.71809,0.16951,0.14534,0.08723,0.54053,visitors_g1,Scenario_2
152.8,15143,-6.64249,2.77409,0.19965,0.14231,0.14002,0.77727,visitors_g1,Scenario_2
153.2,15143,-6.64909,2.79591,0.05698,-0.01648,0.05455,1.86425,visitors_g1,Scenario_2
153.6,15143,-6.7196,2.79554,0.17628,-0.17628,-0.00092,-3.13636,visitors_g1,Scenario_2
154.0,15143,-6.72788,2.81704,0.05759,-0.0207,0.05374,1.93848,visitors_g1,Scenario_2
154.4,15143,-6.70624,2.80256,0.06509,0.05411,-0.03619,-0.58955,visitors_g1,Scenario_2
154.8,15143,-6.67674,2.73309,0.18868,0.07374,-0.17367,-1.16927,visitors_g1,Scenario_2
155.2,15143,-6.50749,2.67668,0.446,0.42312,-0.14103,-0.32172,visitors_g1,Scenario_2
155.6,15143,-6.23856,2.61712,0.68862,0.67232,-0.1489,-0.21795,visitors_g1,Scenario_2
156.0,15143,-5.90511,2.50889,0.87644,0.83362,-0.27058,-0.31386,visitors_g1,Scenario_2
156.4,15143,-5.48755,2.42114,1.06672,1.04392,-0.21938,-0.20713,visitors_g1,Scenario_2
156.8,15143,-5.0026,2.42385,1.21239,1.21237,0.00678,0.00559,visitors_g1,Scenario_2
209.6,15050,-1.08332,1.46016,0.0,0.0,0.0,0.0,visitors_g1,Scenario_2
210.0,15050,-1.55726,1.38548,1.19945,-1.18483,-0.1867,-2.9853,visitors_g1,Scenario_2
210.4,15050,-2.00813,1.32437,1.13749,-1.12718,-0.15276,-3.00689,visitors_g1,Scenario_2
210.8,15050,-2.48942,1.27634,1.20921,-1.20324,-0.12008,-3.04212,visitors_g1,Scenario_2
211.2,15050,-2.98299,1.23205,1.23888,-1.23392,-0.11072,-3.0521,visitors_g1,Scenario_2
211.6,15050,-3.47256,1.22079,1.22423,-1.22391,-0.02815,-3.1186,visitors_g1,Scenario_2
212.0,15050,-3.9606,1.20889,1.22048,-1.22011,-0.02976,-3.1172,visitors_g1,Scenario_2
212.4,15050,-4.43893,1.18974,1.19679,-1.19583,-0.04787,-3.10158,visitors_g1,Scenario_2
212.8,15050,-4.92278,1.17424,1.21023,-1.20961,-0.03873,-3.10958,visitors_g1,Scenario_2
213.2,15050,-5.38925,1.13497,1.17032,-1.16619,-0.09817,-3.05761,visitors_g1,Scenario_2
213.6,15050,-5.80643,1.10918,1.04492,-1.04293,-0.06448,-3.07984,visitors_g1,Scenario_2
214.0,15050,-6.19549,1.14144,0.976,-0.97266,0.08066,3.05885,visitors_g1,Scenario_2
214.4,15050,-6.56298,1.21621,0.93754,-0.91872,0.1869,2.94089,visitors_g1,Scenario_2
214.8,15050,-6.82607,1.38982,0.78804,-0.65774,0.43403,2.5583,visitors_g1,Scenario_2
215.2,15050,-6.95405,1.61937,0.65704,-0.31995,0.57388,2.07939,visitors_g1,Scenario_2
215.6,15050,-7.03459,1.77826,0.44534,-0.20134,0.39722,2.03992,visitors_g1,Scenario_2
216.0,15050,-7.07226,1.84483,0.19123,-0.09419,0.16642,2.08581,visitors_g1,Scenario_2
216.4,15050,-7.06138,1.85479,0.03688,0.02722,0.02488,0.74066,visitors_g1,Scenario_2
216.8,15050,-7.04648,1.85404,0.03729,0.03724,-0.00186,-0.0498,visitors_g1,Scenario_2
217.2,15050,-7.04105,1.8487,0.01904,0.01356,-0.01336,-0.7779,visitors_g1,Scenario_2
67.2,15266,-4.27903,-2.1638,0.0,0.0,0.0,0.0,visitors_g1,Scenario_2
67.6,15266,-3.76815,-2.11751,1.28243,1.2772,0.11572,0.09035,visitors_g1,Scenario_2
68.0,15266,-3.24849,-2.05001,1.31006,1.29915,0.16876,0.12918,visitors_g1,Scenario_2
68.4,15266,-2.71994,-1.96022,1.34032,1.32139,0.22447,0.16827,visitors_g1,Scenario_2
68.8,15266,-2.19289,-1.85132,1.34546,1.31762,0.27225,0.20375,visitors_g1,Scenario_2
69.2,15266,-1.64103,-1.74147,1.40671,1.37964,0.27464,0.1965,visitors_g1,Scenario_2
69.6,15266,-1.08658,-1.6128,1.42297,1.38614,0.32167,0.22803,visitors_g1,Scenario_2
70.0,15266,-0.58322,-1.45098,1.32183,1.2584,0.40456,0.31105,visitors_g1,Scenario_2
70.4,15266,-0.13635,-1.28756,1.18951,1.11715,0.40853,0.35058,visitors_g1,Scenario_2
70.8,15266,0.32368,-1.0938,1.24794,1.15008,0.48442,0.39865,visitors_g1,Scenario_2
71.2,15266,0.82048,-0.89024,1.34222,1.24201,0.50889,0.38887,visitors_g1,Scenario_2
71.6,15266,1.31023,-0.75368,1.27108,1.22438,0.34139,0.27192,visitors_g1,Scenario_2
72.0,15266,1.76382,-0.63451,1.17245,1.13396,0.29794,0.25693,visitors_g1,Scenario_2
72.4,15266,2.21576,-0.49028,1.18601,1.12986,0.36058,0.30892,visitors_g1,Scenario_2
72.8,15266,2.71546,-0.28105,1.35432,1.24923,0.52307,0.39654,visitors_g1,Scenario_2
73.2,15266,3.22836,-0.02496,1.43321,1.28226,0.64022,0.46308,visitors_g1,Scenario_2
73.6,15266,3.72469,0.1829,1.34524,1.24082,0.51966,0.39661,visitors_g1,Scenario_2
74.0,15266,4.19453,0.35526,1.25114,1.1746,0.4309,0.35161,visitors_g1,Scenario_2
74.4,15266,4.64913,0.54745,1.23388,1.13649,0.48045,0.39996,visitors_g1,Scenario_2
74.8,15266,5.11372,0.72806,1.24617,1.16149,0.45153,0.37077,visitors_g1,Scenario_2
51.6,15180,5.72537,0.24146,0.0,0.0,0.0,0.0,visitors_g1,Scenario_2
52.0,15180,6.14502,0.20078,1.05405,1.04913,-0.10169,-0.09663,visitors_g1,Scenario_2
52.4,15180,6.50571,0.23764,0.90643,0.90174,0.09215,0.10184,visitors_g1,Scenario_2
52.8,15180,6.77606,0.30765,0.69816,0.67586,0.17503,0.2534,visitors_g1,Scenario_2
53.2,15180,7.05466,0.28974,0.69795,0.69651,-0.04478,-0.0642,visitors_g1,Scenario_2
53.6,15180,7.42265,0.22126,0.93576,0.91997,-0.1712,-0.18399,visitors_g1,Scenario_2
54.0,15180,7.83943,0.18198,1.04658,1.04196,-0.09819,-0.09396,visitors_g1,Scenario_2
54.4,15180,8.20622,0.06736,0.9607,0.91697,-0.28656,-0.30289,visitors_g1,Scenario_2
54.8,15180,8.54021,-0.18079,1.04022,0.83496,-0.62039,-0.63902,visitors_g1,Scenario_2
55.2,15180,8.89149,-0.48446,1.16086,0.87821,-0.75917,-0.71282,visitors_g1,Scenario_2
55.6,15180,9.11925,-0.74772,0.87026,0.56939,-0.65815,-0.85758,visitors_g1,Scenario_2
56.0,15180,9.16533,-0.86873,0.32373,0.11522,-0.30253,-1.20691,visitors_g1,Scenario_2
56.4,15180,9.15708,-0.88674,0.04953,-0.02063,-0.04502,-2.00051,visitors_g1,Scenario_2
56.8,15180,9.15286,-0.89006,0.01342,-0.01055,-0.00829,-2.47555,visitors_g1,Scenario_2
57.2,15180,9.14919,-0.89769,0.02117,-0.00918,-0.01908,-2.01917,visitors_g1,Scenario_2
57.6,15180,9.14462,-0.91866,0.05365,-0.01143,-0.05241,-1.78546,visitors_g1,Scenario_2
58.0,15180,9.1327,-0.94084,0.06297,-0.0298,-0.05547,-2.06378,visitors_g1,Scenario_2
58.4,15180,9.11243,-0.94409,0.05132,-0.05068,-0.00811,-2.98296,visitors_g1,Scenario_2
58.8,15180,9.09021,-0.93628,0.05888,-0.05556,0.0195,2.80399,visitors_g1,Scenario_2
59.2,15180,9.06798,-0.92848,0.05888,-0.05556,0.0195,2.80399,visitors_g1,Scenario_2
84.0,15268,6.93513,1.95335,0.0,0.0,0.0,0.0,visitors_g1,Scenario_2
84.4,15268,6.51118,1.68425,1.25538,-1.0599,-0.67275,-2.57603,visitors_g1,Scenario_2
84.8,15268,6.05827,1.44704,1.27816,-1.13227,-0.59301,-2.65914,visitors_g1,Scenario_2
85.2,15268,5.60105,1.24138,1.25337,-1.14306,-0.51415,-2.7189,visitors_g1,Scenario_2
85.6,15268,5.15425,1.04602,1.21911,-1.117,-0.48841,-2.72939,visitors_g1,Scenario_2
86.0,15268,4.67255,0.86723,1.28453,-1.20425,-0.44698,-2.78618,visitors_g1,Scenario_2
86.4,15268,4.17526,0.67482,1.33302,-1.24321,-0.48101,-2.77242,visitors_g1,Scenario_2
86.8,15268,3.68884,0.47806,1.31179,-1.21606,-0.49191,-2.7572,visitors_g1,Scenario_2
87.2,15268,3.21377,0.28804,1.27916,-1.18768,-0.47503,-2.76112,visitors_g1,Scenario_2
87.6,15268,2.77102,0.07398,1.22946,-1.10688,-0.53515,-2.69125,visitors_g1,Scenario_2
88.0,15268,2.33673,-0.15151,1.22334,-1.0857,-0.56374,-2.66267,visitors_g1,Scenario_2
88.4,15268,1.88139,-0.36165,1.25373,-1.13835,-0.52535,-2.70922,visitors_g1,Scenario_2
88.8,15268,1.45244,-0.58646,1.21072,-1.07238,-0.56201,-2.65887,visitors_g1,Scenario_2
89.2,15268,1.07824,-0.81381,1.09464,-0.9355,-0.56839,-2.59562,visitors_g1,Scenario_2
89.6,15268,0.74806,-1.00841,0.95815,-0.82545,-0.48649,-2.60903,visitors_g1,Scenario_2
90.0,15268,0.47258,-1.1956,0.83265,-0.68871,-0.46797,-2.54477,visitors_g1,Scenario_2
90.4,15268,0.21114,-1.3852,0.80739,-0.65359,-0.47401,-2.51413,visitors_g1,Scenario_2
90.8,15268,-0.04237,-1.55431,0.76185,-0.63377,-0.42279,-2.55329,visitors_g1,Scenario_2
91.2,15268,-0.22133,-1.69731,0.57268,-0.4474,-0.35749,-2.46744,visitors_g1,Scenario_2
91.6,15268,-0.32398,-1.79982,0.36267,-0.25663,-0.25627,-2.35688,visitors_g1,Scenario_2
160.8,15193,-0.40339,2.10891,0.0,0.0,0.0,0.0,visitors_g1,Scenario_2
161.2,15193,-0.47721,1.59306,1.30278,-0.18456,-1.28964,-1.71294,visitors_g1,Scenario_2
161.6,15193,-0.55695,0.99743,1.50234,-0.19935,-1.48906,-1.70389,visitors_g1,Scenario_2
162.0,15193,-0.71541,0.40257,1.53903,-0.39615,-1.48717,-1.83113,visitors_g1,Scenario_2
162.4,15193,-0.87341,-0.17577,1.49883,-0.395,-1.44585,-1.83748,visitors_g1,Scenario_2
162.8,15193,-1.03443,-0.7322,1.44813,-0.40255,-1.39106,-1.85248,visitors_g1,Scenario_2
163.2,15193,-1.2747,-1.2605,1.45095,-0.60069,-1.32077,-1.99764,visitors_g1,Scenario_2
163.6,15193,-1.45921,-1.75126,1.31073,-0.46126,-1.22689,-1.93041,visitors_g1,Scenario_2
164.0,15193,-1.53196,-2.17629,1.07804,-0.18188,-1.06259,-1.74032,visitors_g1,Scenario_2
164.4,15193,-1.46586,-2.4905,0.8027,0.16524,-0.7855,-1.36345,visitors_g1,Scenario_2
164.8,15193,-1.31993,-2.7252,0.69093,0.36484,-0.58676,-1.01451,visitors_g1,Scenario_2
165.2,15193,-1.26284,-2.9642,0.61433,0.14272,-0.59752,-1.33634,visitors_g1,Scenario_2
165.6,15193,-1.2516,-3.20226,0.59581,0.02811,-0.59515,-1.52361,visitors_g1,Scenario_2
166.0,15193,-1.19279,-3.39161,0.49567,0.14701,-0.47336,-1.26967,visitors_g1,Scenario_2
166.4,15193,-1.14021,-3.48728,0.27292,0.13146,-0.23917,-1.06824,visitors_g1,Scenario_2
166.8,15193,-1.11976,-3.50137,0.06208,0.05111,-0.03523,-0.60358,visitors_g1,Scenario_2
167.2,15193,-1.10685,-3.45738,0.11462,0.03228,0.10998,1.28534,visitors_g1,Scenario_2
167.6,15193,-1.0159,-3.39968,0.26928,0.22739,0.14425,0.5653,visitors_g1,Scenario_2
168.0,15193,-0.90193,-3.44435,0.30602,0.28491,-0.11168,-0.37357,visitors_g1,Scenario_2
168.4,15193,-0.81771,-3.46811,0.21876,0.21054,-0.05938,-0.2749,visitors_g1,Scenario_2
218.4,15228,-1.87241,-3.1389,0.0,0.0,0.0,0.0,visitors_g1,Scenario_2
218.8,15228,-1.81736,-2.82509,0.79649,0.13764,0.78451,1.39712,visitors_g1,Scenario_2
219.2,15228,-1.97637,-2.40102,1.13226,-0.39753,1.06018,1.92953,visitors_g1,Scenario_2
219.6,15228,-2.22601,-1.88745,1.42758,-0.62411,1.28392,2.02326,visitors_g1,Scenario_2
220.0,15228,-2.47526,-1.32146,1.54612,-0.62313,1.41499,1.98562,visitors_g1,Scenario_2
220.4,15228,-2.79932,-0.78758,1.56131,-0.81014,1.33468,2.11634,visitors_g1,Scenario_2
220.8,15228,-3.13097,-0.28433,1.50676,-0.82911,1.25813,2.15347,visitors_g1,Scenario_2
221.2,15228,-3.52175,0.1768,1.51111,-0.97696,1.15282,2.27381,visitors_g1,Scenario_2
221.6,15228,-3.99167,0.54959,1.49958,-1.17479,0.93199,2.47094,visitors_g1,Scenario_2
222.0,15228,-4.46711,0.92958,1.52157,-1.1886,0.94996,2.46732,visitors_g1,Scenario_2
222.4,15228,-5.01501,1.26776,1.60967,-1.36976,0.84546,2.5886,visitors_g1,Scenario_2
222.8,15228,-5.5391,1.597,1.5473,-1.31022,0.82308,2.58069,visitors_g1,Scenario_2
223.2,15228,-5.97787,1.9615,1.42606,-1.09694,0.91125,2.4484,visitors_g1,Scenario_2
223.6,15228,-6.43236,2.32176,1.4499,-1.13623,0.90066,2.47133,visitors_g1,Scenario_2
224.0,15228,-6.7458,2.60803,1.06122,-0.78358,0.71567,2.40147,visitors_g1,Scenario_2
224.4,15228,-6.8513,2.72911,0.4015,-0.26375,0.30271,2.28753,visitors_g1,Scenario_2
224.8,15228,-6.86735,2.73939,0.04765,-0.04013,0.02569,2.57212,visitors_g1,Scenario_2
225.2,15228,-6.84779,2.72842,0.05608,0.04892,-0.02742,-0.51097,visitors_g1,Scenario_2
225.6,15228,-6.83993,2.72213,0.02515,0.01963,-0.01573,-0.6753,visitors_g1,Scenario_2
226.0,15228,-6.83463,2.71605,0.02018,0.01326,-0.01521,-0.85397,visitors_g1,Scenario_2
132.4,15141,7.62334,0.28966,0.0,0.0,0.0,0.0,visitors_g1,Scenario_2
132.8,15141,7.97894,0.34118,0.89829,0.889,0.12881,0.1439,visitors_g1,Scenario_2
133.2,15141,8.29531,0.32383,0.79211,0.79093,-0.04337,-0.05478,visitors_g1,Scenario_2
133.6,15141,8.536,0.31074,0.60262,0.60173,-0.03273,-0.05434,visitors_g1,Scenario_2
134.0,15141,8.72023,0.33389,0.4642,0.46058,0.05787,0.125,visitors_g1,Scenario_2
134.4,15141,8.83061,0.36931,0.28981,0.27594,0.08855,0.31053,visitors_g1,Scenario_2
134.8,15141,8.87244,0.39133,0.11816,0.10456,0.05503,0.48443,visitors_g1,Scenario_2
135.2,15141,8.88752,0.39094,0.03772,0.0377,-0.00096,-0.02532,visitors_g1,Scenario_2
135.6,15141,9.13593,0.44238,0.6342,0.62103,0.12858,0.20416,visitors_g1,Scenario_2
136.0,15141,9.29773,0.53151,0.4618,0.40449,0.22282,0.50352,visitors_g1,Scenario_2
136.4,15141,9.10076,0.55456,0.49579,-0.49243,0.05763,3.02509,visitors_g1,Scenario_2
136.8,15141,9.01037,0.51842,0.24335,-0.22596,-0.09033,-2.76128,visitors_g1,Scenario_2
137.2,15141,8.96276,0.4886,0.14046,-0.11904,-0.07456,-2.58202,visitors_g1,Scenario_2
137.6,15141,8.77472,0.53619,0.48492,-0.47009,0.11898,2.8937,visitors_g1,Scenario_2
138.0,15141,8.44335,0.62197,0.85572,-0.82842,0.21443,2.88831,visitors_g1,Scenario_2
138.4,15141,8.01473,0.66948,1.0781,-1.07154,0.11879,3.03119,visitors_g1,Scenario_2
138.8,15141,7.5728,0.70589,1.10857,-1.10483,0.09102,3.0594,visitors_g1,Scenario_2
139.2,15141,7.13087,0.74229,1.10857,-1.10483,0.09102,3.0594,visitors_g1,Scenario_2
139.6,15141,6.68894,0.7787,1.10857,-1.10483,0.09102,3.0594,visitors_g1,Scenario_2
140.0,15141,6.24701,0.8151,1.10857,-1.10483,0.09102,3.0594,visitors_g1,Scenario_2
156.4,15019,1.91665,-0.74721,0.0,0.0,0.0,0.0,visitors_g1,Scenario_2
156.8,15019,2.37978,-0.59388,1.21962,1.15782,0.38333,0.31972,visitors_g1,Scenario_2
157.2,15019,2.91427,-0.50533,1.35443,1.33622,0.22136,0.16417,visitors_g1,Scenario_2
157.6,15019,3.42751,-0.40394,1.30791,1.28312,0.25347,0.19504,visitors_g1,Scenario_2
158.0,15019,3.93165,-0.30203,1.28583,1.26033,0.25477,0.19946,visitors_g1,Scenario_2
158.4,15019,4.418,-0.20113,1.24177,1.21588,0.25226,0.20457,visitors_g1,Scenario_2
158.8,15019,4.89805,-0.02865,1.27523,1.20012,0.4312,0.34494,visitors_g1,Scenario_2
159.2,15019,5.40448,0.03202,1.27515,1.2661,0.15167,0.11922,visitors_g1,Scenario_2
159.6,15019,5.87334,-0.03637,1.18453,1.17213,-0.17096,-0.14484,visitors_g1,Scenario_2
160.0,15019,6.32963,-0.06035,1.14232,1.14074,-0.05996,-0.05252,visitors_g1,Scenario_2
160.4,15019,6.78187,-0.15172,1.15344,1.1306,-0.22841,-0.19935,visitors_g1,Scenario_2
160.8,15019,7.17314,-0.26316,1.01708,0.97818,-0.27859,-0.27746,visitors_g1,Scenario_2
161.2,15019,7.51367,-0.19953,0.86604,0.85131,0.15906,0.18471,visitors_g1,Scenario_2
161.6,15019,7.77217,-0.08765,0.70419,0.64626,0.2797,0.40846,visitors_g1,Scenario_2
162.0,15019,7.93181,-0.06989,0.40155,0.39908,0.0444,0.11079,visitors_g1,Scenario_2
162.4,15019,8.14112,-0.12833,0.5433,0.52329,-0.14609,-0.27224,visitors_g1,Scenario_2
162.8,15019,8.37317,-0.18274,0.59586,0.58012,-0.13604,-0.23034,visitors_g1,Scenario_2
163.2,15019,8.40088,-0.19118,0.07242,0.06928,-0.02108,-0.2954,visitors_g1,Scenario_2
163.6,15019,8.24944,-0.22397,0.38738,-0.37861,-0.08198,-2.92836,visitors_g1,Scenario_2
164.0,15019,8.16382,-0.36689,0.41651,-0.21405,-0.3573,-2.11053,visitors_g1,Scenario_2
98.8,15137,7.88198,2.91689,0.0,0.0,0.0,0.0,visitors_g1,Scenario_2
99.2,15137,7.74957,2.91611,0.33103,-0.33103,-0.00195,-3.13571,visitors_g1,Scenario_2
99.6,15137,7.37441,2.91396,0.93791,-0.93789,-0.00536,-3.13588,visitors_g1,Scenario_2
100.0,15137,6.90357,2.8667,1.18302,-1.1771,-0.11817,-3.04154,visitors_g1,Scenario_2
100.4,15137,6.43241,2.81044,1.18627,-1.1779,-0.14063,-3.02276,visitors_g1,Scenario_2
100.8,15137,5.94973,2.79203,1.20758,-1.20671,-0.04603,-3.10347,visitors_g1,Scenario_2
101.2,15137,5.45694,2.75949,1.23464,-1.23196,-0.08136,-3.07565,visitors_g1,Scenario_2
101.6,15137,4.95205,2.74092,1.26309,-1.26224,-0.04642,-3.10484,visitors_g1,Scenario_2
102.0,15137,4.45514,2.75404,1.24269,-1.24226,0.03279,3.1152,visitors_g1,Scenario_2
102.4,15137,3.98208,2.74352,1.18296,-1.18266,-0.02631,-3.11935,visitors_g1,Scenario_2
102.8,15137,3.50931,2.73559,1.18209,-1.18193,-0.01981,-3.12483,visitors_g1,Scenario_2
103.2,15137,3.02144,2.72389,1.22001,-1.21966,-0.02925,-3.11762,visitors_g1,Scenario_2
103.6,15137,2.5128,2.67403,1.2777,-1.2716,-0.12465,-3.04388,visitors_g1,Scenario_2
104.0,15137,1.98342,2.64344,1.32565,-1.32344,-0.07649,-3.08386,visitors_g1,Scenario_2
104.4,15137,1.4373,2.61838,1.36675,-1.36531,-0.06265,-3.09574,visitors_g1,Scenario_2
104.8,15137,0.93137,2.60538,1.26524,-1.26482,-0.0325,-3.11591,visitors_g1,Scenario_2
105.2,15137,0.46661,2.62766,1.16323,-1.1619,0.0557,3.09369,visitors_g1,Scenario_2
105.6,15137,-0.03772,2.62862,1.26082,-1.26082,0.0024,3.13969,visitors_g1,Scenario_2
106.0,15137,-0.55587,2.60907,1.29632,-1.2954,-0.04886,-3.10389,visitors_g1,Scenario_2
106.4,15137,-1.0782,2.59577,1.30624,-1.30582,-0.03324,-3.11614,visitors_g1,Scenario_2
75.6,15239,6.40485,0.37338,0.0,0.0,0.0,0.0,visitors_g1,Scenario_2
76.0,15239,6.8627,0.61011,1.28857,1.14462,0.59183,0.4772,visitors_g1,Scenario_2
76.4,15239,7.2974,0.8987,1.30444,1.08676,0.72146,0.58606,visitors_g1,Scenario_2
76.8,15239,7.75116,1.16132,1.31069,1.1344,0.65655,0.52466,visitors_g1,Scenario_2
77.2,15239,8.1743,1.41031,1.22739,1.05784,0.62247,0.53188,visitors_g1,Scenario_2
77.6,15239,8.56024,1.72558,1.24588,0.96487,0.78818,0.68495,visitors_g1,Scenario_2
78.0,15239,8.95476,2.08733,1.33815,0.9863,0.90437,0.74209,visitors_g1,Scenario_2
78.4,15239,9.18774,2.31357,0.81189,0.58243,0.56562,0.77076,visitors_g1,Scenario_2
78.8,15239,9.23344,2.34537,0.13919,0.11426,0.0795,0.60789,visitors_g1,Scenario_2
79.2,15239,9.24714,2.34231,0.03511,0.03427,-0.00765,-0.21962,visitors_g1,Scenario_2
79.6,15239,9.25183,2.35235,0.0277,0.01172,0.0251,1.1341,visitors_g1,Scenario_2
80.0,15239,9.24212,2.37357,0.05833,-0.02427,0.05304,1.99991,visitors_g1,Scenario_2
80.4,15239,9.22482,2.39178,0.06278,-0.04324,0.04552,2.33058,visitors_g1,Scenario_2
80.8,15239,9.19736,2.4134,0.08739,-0.06867,0.05405,2.47475,visitors_g1,Scenario_2
81.2,15239,9.16839,2.41993,0.07425,-0.07243,0.01634,2.91968,visitors_g1,Scenario_2
81.6,15239,9.11346,2.3203,0.28444,-0.13732,-0.24909,-2.07463,visitors_g1,Scenario_2
82.0,15239,8.95672,2.12746,0.62127,-0.39186,-0.4821,-2.2533,visitors_g1,Scenario_2
82.4,15239,8.68268,1.98979,0.76668,-0.68509,-0.34416,-2.67606,visitors_g1,Scenario_2
82.8,15239,8.33325,1.91098,0.89551,-0.87356,-0.19704,-2.91975,visitors_g1,Scenario_2
83.2,15239,7.95601,1.74525,1.03011,-0.94311,-0.41432,-2.72766,visitors_g1,Scenario_2
9.6,15175,1.75235,-0.12956,0.0,0.0,0.0,0.0,visitors_g1,Scenario_2
10.0,15175,2.21563,-0.17828,1.16457,1.15818,-0.12181,-0.10479,visitors_g1,Scenario_2
10.4,15175,2.69682,-0.31218,1.24868,1.20298,-0.33473,-0.27139,visitors_g1,Scenario_2
10.8,15175,3.23529,-0.41765,1.37176,1.34618,-0.26369,-0.19343,visitors_g1,Scenario_2
11.2,15175,3.80783,-0.51696,1.45271,1.43134,-0.24827,-0.17174,visitors_g1,Scenario_2
11.6,15175,4.37221,-0.6192,1.43392,1.41096,-0.2556,-0.17921,visitors_g1,Scenario_2
12.0,15175,4.91698,-0.64183,1.3631,1.36193,-0.05658,-0.04152,visitors_g1,Scenario_2
12.4,15175,5.46885,-0.66895,1.38133,1.37967,-0.0678,-0.0491,visitors_g1,Scenario_2
12.8,15175,6.06248,-0.69488,1.48548,1.48407,-0.06481,-0.04365,visitors_g1,Scenario_2
13.2,15175,6.65209,-0.71398,1.4748,1.47403,-0.04776,-0.03239,visitors_g1,Scenario_2
13.6,15175,7.19932,-0.78267,1.37883,1.36809,-0.17171,-0.12486,visitors_g1,Scenario_2
14.0,15175,7.72981,-0.82001,1.3295,1.32622,-0.09336,-0.07028,visitors_g1,Scenario_2
14.4,15175,8.24164,-0.84831,1.28153,1.27957,-0.07075,-0.05524,visitors_g1,Scenario_2
14.8,15175,8.68815,-0.85842,1.11656,1.11628,-0.02527,-0.02263,visitors_g1,Scenario_2
15.2,15175,8.96674,-0.79292,0.71547,0.69648,0.16375,0.23091,visitors_g1,Scenario_2
15.6,15175,9.12332,-0.70824,0.44503,0.39145,0.2117,0.49577,visitors_g1,Scenario_2
16.0,15175,9.25238,-0.64554,0.35871,0.32265,0.15674,0.45222,visitors_g1,Scenario_2
16.4,15175,9.33981,-0.62854,0.22267,0.21857,0.0425,0.19207,visitors_g1,Scenario_2
16.8,15175,9.38847,-0.63028,0.12172,0.12164,-0.00435,-0.03573,visitors_g1,Scenario_2
17.2,15175,9.39656,-0.62078,0.03119,0.02023,0.02374,0.86502,visitors_g1,Scenario_2
23.6,15107,7.26031,1.89842,0.0,0.0,0.0,0.0,visitors_g1,Scenario_2
24.0,15107,7.17738,1.81472,0.29457,-0.20732,-0.20926,-2.35156,visitors_g1,Scenario_2
24.4,15107,6.91878,1.6082,0.82737,-0.6465,-0.51631,-2.46769,visitors_g1,Scenario_2
24.8,15107,6.52501,1.42223,1.0887,-0.98444,-0.46492,-2.70037,visitors_g1,Scenario_2
25.2,15107,6.10255,1.18255,1.21428,-1.05614,-0.5992,-2.62553,visitors_g1,Scenario_2
25.6,15107,5.68247,0.86089,1.32272,-1.0502,-0.80416,-2.4881,visitors_g1,Scenario_2
26.0,15107,5.20033,0.65724,1.30846,-1.20534,-0.50913,-2.74193,visitors_g1,Scenario_2
26.4,15107,4.67729,0.44496,1.4112,-1.30761,-0.5307,-2.75605,visitors_g1,Scenario_2
26.8,15107,4.17818,0.17258,1.42148,-1.24777,-0.68093,-2.64204,visitors_g1,Scenario_2
27.2,15107,3.67878,-0.04515,1.362,-1.2485,-0.54433,-2.73045,visitors_g1,Scenario_2
27.6,15107,3.21423,-0.32103,1.35073,-1.16137,-0.68969,-2.6057,visitors_g1,Scenario_2
28.0,15107,2.7774,-0.63198,1.34051,-1.09208,-0.7774,-2.52296,visitors_g1,Scenario_2
28.4,15107,2.30955,-0.8557,1.29647,-1.16963,-0.5593,-2.69555,visitors_g1,Scenario_2
28.8,15107,1.86515,-1.14247,1.32222,-1.11099,-0.71691,-2.56854,visitors_g1,Scenario_2
29.2,15107,1.48494,-1.45961,1.23779,-0.95054,-0.79285,-2.4464,visitors_g1,Scenario_2
29.6,15107,1.13251,-1.64331,0.99358,-0.88107,-0.45925,-2.66109,visitors_g1,Scenario_2
30.0,15107,0.85441,-1.83437,0.84351,-0.69525,-0.47765,-2.53963,visitors_g1,Scenario_2
30.4,15107,0.66329,-2.14394,0.90954,-0.4778,-0.77393,-2.12389,visitors_g1,Scenario_2
30.8,15107,0.42736,-2.43522,0.93711,-0.58984,-0.72819,-2.25161,visitors_g1,Scenario_2
31.2,15107,0.13473,-2.64041,0.89349,-0.73156,-0.51299,-2.53004,visitors_g1,Scenario_2
210.0,15255,-0.35369,-1.31311,0.0,0.0,0.0,0.0,visitors_g1,Scenario_2
210.4,15255,-0.80749,-1.52028,1.24713,-1.13451,-0.5179,-2.71335,visitors_g1,Scenario_2
210.8,15255,-1.24555,-1.7818,1.27546,-1.09514,-0.65381,-2.60337,visitors_g1,Scenario_2
211.2,15255,-1.71243,-1.96703,1.25572,-1.16721,-0.46308,-2.7639,visitors_g1,Scenario_2
211.6,15255,-2.19511,-2.1114,1.25951,-1.20669,-0.36093,-2.85096,visitors_g1,Scenario_2
212.0,15255,-2.67537,-2.25864,1.25582,-1.20066,-0.3681,-2.84411,visitors_g1,Scenario_2
212.4,15255,-3.15625,-2.3553,1.22625,-1.2022,-0.24164,-2.94324,visitors_g1,Scenario_2
212.8,15255,-3.60526,-2.49579,1.17618,-1.12251,-0.35123,-2.83835,visitors_g1,Scenario_2
213.2,15255,-4.04394,-2.63418,1.14998,-1.0967,-0.34598,-2.83601,visitors_g1,Scenario_2
213.6,15255,-4.5306,-2.66817,1.21961,-1.21665,-0.08499,-3.07185,visitors_g1,Scenario_2
214.0,15255,-5.0391,-2.67892,1.27153,-1.27125,-0.02688,-3.12045,visitors_g1,Scenario_2
214.4,15255,-5.55058,-2.64091,1.28224,-1.27871,0.09504,3.0674,visitors_g1,Scenario_2
214.8,15255,-6.0659,-2.60639,1.29119,-1.2883,0.08628,3.07472,visitors_g1,Scenario_2
215.2,15255,-6.55363,-2.64994,1.22418,-1.21933,-0.10887,-3.05255,visitors_g1,Scenario_2
215.6,15255,-7.05406,-2.66206,1.25144,-1.25107,-0.03031,-3.11737,visitors_g1,Scenario_2
216.0,15255,-7.41808,-2.65907,0.91006,-0.91003,0.00749,3.13336,visitors_g1,Scenario_2
216.4,15255,-7.51128,-2.67772,0.23764,-0.23302,-0.04664,-2.94406,visitors_g1,Scenario_2
216.8,15255,-7.5063,-2.69054,0.0344,0.01247,-0.03206,-1.19984,visitors_g1,Scenario_2
217.2,15255,-7.50131,-2.70337,0.0344,0.01247,-0.03206,-1.19984,visitors_g1,Scenario_2
217.6,15255,-7.49632,-2.71619,0.0344,0.01247,-0.03206,-1.19984,visitors_g1,Scenario_2
0.4,15080,-7.05068,-3.011,0.0,0.0,0.0,0.0,visitors_g1,Scenario_2
0.8,15080,-7.01542,-3.13315,0.31785,0.08816,-0.30539,-1.28976,visitors_g1,Scenario_2
1.2,15080,-6.96675,-3.31445,0.46929,0.12167,-0.45325,-1.30855,visitors_g1,Scenario_2
1.6,15080,-6.93127,-3.3451,0.1172,0.08869,-0.07662,-0.71253,visitors_g1,Scenario_2
2.0,15080,-6.93565,-3.21318,0.32998,-0.01094,0.3298,1.60396,visitors_g1,Scenario_2
2.4,15080,-7.03722,-3.00468,0.5798,-0.25392,0.52125,2.0241,visitors_g1,Scenario_2
2.8,15080,-7.15865,-2.86987,0.45359,-0.30358,0.33702,2.30403,visitors_g1,Scenario_2
3.2,15080,-7.20148,-2.82447,0.15603,-0.10707,0.1135,2.32708,visitors_g1,Scenario_2
3.6,15080,-7.18663,-2.80477,0.06167,0.03711,0.04926,0.92509,visitors_g1,Scenario_2
4.0,15080,-7.16837,-2.77944,0.07805,0.04565,0.06331,0.94602,visitors_g1,Scenario_2
4.4,15080,-6.9813,-2.79578,0.46947,0.46769,-0.04085,-0.08712,visitors_g1,Scenario_2
4.8,15080,-6.67621,-2.92582,0.82911,0.76271,-0.3251,-0.40293,visitors_g1,Scenario_2
5.2,15080,-6.34075,-2.99662,0.85713,0.83866,-0.17698,-0.20797,visitors_g1,Scenario_2
5.6,15080,-5.86854,-2.87269,1.2205,1.18052,0.3098,0.25664,visitors_g1,Scenario_2
6.0,15080,-5.2875,-2.73456,1.49308,1.45259,0.34535,0.23341,visitors_g1,Scenario_2
6.4,15080,-4.62497,-2.62318,1.67958,1.65634,0.27845,0.16656,visitors_g1,Scenario_2
6.8,15080,-3.93109,-2.51563,1.75541,1.7347,0.26887,0.15377,visitors_g1,Scenario_2
7.2,15080,-3.25885,-2.41564,1.69908,1.68059,0.24997,0.14766,visitors_g1,Scenario_2
7.6,15080,-2.60605,-2.23184,1.69547,1.63202,0.4595,0.27445,visitors_g1,Scenario_2
8.0,15080,-1.94803,-2.0264,1.72334,1.64503,0.5136,0.30262,visitors_g1,Scenario_2
211.2,15199,-2.37083,0.09531,0.0,0.0,0.0,0.0,visitors_g1,Scenario_2
211.6,15199,-2.04041,-0.4267,1.54449,0.82604,-1.30503,-1.00649,visitors_g1,Scenario_2
212.0,15199,-1.7555,-1.00097,1.60265,0.71226,-1.43568,-1.11026,visitors_g1,Scenario_2
212.4,15199,-1.60796,-1.60318,1.55005,0.36885,-1.50553,-1.33053,visitors_g1,Scenario_2
212.8,15199,-1.469,-2.19185,1.51212,0.34742,-1.47167,-1.33897,visitors_g1,Scenario_2
213.2,15199,-1.37555,-2.71193,1.32102,0.23362,-1.3002,-1.39301,visitors_g1,Scenario_2
213.6,15199,-1.37277,-3.13318,1.05315,0.00695,-1.05312,-1.5642,visitors_g1,Scenario_2
214.0,15199,-1.31766,-3.38144,0.63576,0.13776,-0.62065,-1.35237,visitors_g1,Scenario_2
214.4,15199,-1.26614,-3.47244,0.26142,0.12879,-0.22749,-1.05564,visitors_g1,Scenario_2
214.8,15199,-1.27957,-3.47934,0.03774,-0.03356,-0.01726,-2.66642,visitors_g1,Scenario_2
215.2,15199,-1.30918,-3.46281,0.08479,-0.07403,0.04134,2.63231,visitors_g1,Scenario_2
215.6,15199,-1.33106,-3.4574,0.05635,-0.0547,0.01352,2.89936,visitors_g1,Scenario_2
216.0,15199,-1.35163,-3.45662,0.05146,-0.05143,0.00195,3.10377,visitors_g1,Scenario_2
216.4,15199,-1.36432,-3.43162,0.07009,-0.03172,0.0625,2.04039,visitors_g1,Scenario_2
216.8,15199,-1.32156,-3.37737,0.17268,0.1069,0.13561,0.90324,visitors_g1,Scenario_2
217.2,15199,-1.16518,-3.38518,0.39143,0.39094,-0.01952,-0.0499,visitors_g1,Scenario_2
217.6,15199,-0.99004,-3.4721,0.4888,0.43785,-0.21729,-0.46065,visitors_g1,Scenario_2
218.0,15199,-0.8796,-3.45545,0.27922,0.2761,0.04162,0.14963,visitors_g1,Scenario_2
218.4,15199,-0.83268,-3.29617,0.41512,0.1173,0.3982,1.28431,visitors_g1,Scenario_2
218.8,15199,-0.89287,-3.04368,0.64891,-0.15047,0.63122,1.8048,visitors_g1,Scenario_2
33.6,15262,-2.2172,2.16439,0.0,0.0,0.0,0.0,visitors_g1,Scenario_2
34.0,15262,-1.67933,2.12445,1.34837,1.34466,-0.09986,-0.07413,visitors_g1,Scenario_2
34.4,15262,-1.14486,2.06719,1.34383,1.33618,-0.14316,-0.10674,visitors_g1,Scenario_2
34.8,15262,-0.62077,2.04665,1.31123,1.31023,-0.05134,-0.03917,visitors_g1,Scenario_2
35.2,15262,-0.08458,2.05607,1.34067,1.34046,0.02356,0.01757,visitors_g1,Scenario_2
35.6,15262,0.43468,2.10229,1.30328,1.29815,0.11556,0.08878,visitors_g1,Scenario_2
36.0,15262,0.92577,2.22193,1.26364,1.22773,0.29909,0.23896,visitors_g1,Scenario_2
36.4,15262,1.42173,2.30726,1.25813,1.23991,0.21334,0.17039,visitors_g1,Scenario_2
36.8,15262,1.93384,2.33343,1.28194,1.28028,0.0654,0.05104,visitors_g1,Scenario_2
37.2,15262,2.45775,2.35233,1.31062,1.30976,0.04725,0.03606,visitors_g1,Scenario_2
37.6,15262,2.97823,2.35128,1.30121,1.30121,-0.00263,-0.00202,visitors_g1,Scenario_2
38.0,15262,3.47919,2.34771,1.25244,1.25241,-0.0089,-0.00711,visitors_g1,Scenario_2
38.4,15262,3.96718,2.36312,1.22057,1.21996,0.03851,0.03156,visitors_g1,Scenario_2
38.8,15262,4.4465,2.36484,1.19833,1.19832,0.00429,0.00358,visitors_g1,Scenario_2
39.2,15262,4.90615,2.37994,1.14973,1.1491,0.03775,0.03284,visitors_g1,Scenario_2
39.6,15262,5.35422,2.41598,1.12381,1.1202,0.09011,0.08027,visitors_g1,Scenario_2
40.0,15262,5.7957,2.43105,1.10433,1.10369,0.03767,0.03411,visitors_g1,Scenario_2
40.4,15262,6.23556,2.45811,1.10174,1.09966,0.06767,0.06146,visitors_g1,Scenario_2
40.8,15262,6.66043,2.49439,1.06605,1.06218,0.0907,0.08518,visitors_g1,Scenario_2
41.2,15262,7.02937,2.49435,0.92235,0.92235,-0.00011,-0.00012,visitors_g1,Scenario_2
106.4,15039,0.34164,-2.39862,0.0,0.0,0.0,0.0,visitors_g1,Scenario_2
106.8,15039,0.32525,-2.41831,0.06406,-0.04098,-0.04923,-2.26495,visitors_g1,Scenario_2
107.2,15039,0.32688,-2.4479,0.07409,0.00407,-0.07398,-1.5158,visitors_g1,Scenario_2
107.6,15039,0.33185,-2.50463,0.14236,0.01242,-0.14182,-1.48343,visitors_g1,Scenario_2
108.0,15039,0.30962,-2.60428,0.25526,-0.05557,-0.24914,-1.79024,visitors_g1,Scenario_2
108.4,15039,0.17633,-2.734,0.46497,-0.33322,-0.32429,-2.36978,visitors_g1,Scenario_2
108.8,15039,-0.0191,-2.89515,0.63325,-0.48857,-0.40288,-2.45203,visitors_g1,Scenario_2
109.2,15039,-0.13893,-3.08106,0.55296,-0.29958,-0.46477,-2.14336,visitors_g1,Scenario_2
109.6,15039,-0.1852,-3.2471,0.43092,-0.11567,-0.41511,-1.84255,visitors_g1,Scenario_2
110.0,15039,-0.21499,-3.32944,0.2189,-0.07447,-0.20585,-1.91791,visitors_g1,Scenario_2
110.4,15039,-0.23656,-3.33985,0.05988,-0.05393,-0.02602,-2.69203,visitors_g1,Scenario_2
110.8,15039,-0.25582,-3.33403,0.05031,-0.04816,0.01454,2.84835,visitors_g1,Scenario_2
111.2,15039,-0.26497,-3.33104,0.02407,-0.02288,0.00747,2.82584,visitors_g1,Scenario_2
111.6,15039,-0.26501,-3.33096,0.00023,-8e-05,0.00021,1.94112,visitors_g1,Scenario_2
112.0,15039,-0.26793,-3.33294,0.00882,-0.0073,-0.00494,-2.54632,visitors_g1,Scenario_2
112.4,15039,-0.27153,-3.33493,0.01029,-0.009,-0.00497,-2.6369,visitors_g1,Scenario_2
112.8,15039,-0.26244,-3.31869,0.04652,0.02271,0.04059,1.06065,visitors_g1,Scenario_2
113.2,15039,-0.25253,-3.31275,0.02889,0.02479,0.01484,0.53931,visitors_g1,Scenario_2
113.6,15039,-0.2391,-3.33375,0.0623,0.03358,-0.05248,-1.00165,visitors_g1,Scenario_2
114.0,15039,-0.25538,-3.32887,0.0425,-0.04071,0.01219,2.85065,visitors_g1,Scenario_2
134.4,15218,3.92774,-0.3257,0.0,0.0,0.0,0.0,visitors_g1,Scenario_2
134.8,15218,3.27353,-0.41191,1.64964,-1.6355,-0.21554,-3.01056,visitors_g1,Scenario_2
135.2,15218,2.6277,-0.53845,1.64528,-1.61458,-0.31635,-2.94811,visitors_g1,Scenario_2
135.6,15218,1.99724,-0.64812,1.59982,-1.57615,-0.27417,-2.96937,visitors_g1,Scenario_2
136.0,15218,1.38298,-0.77543,1.56829,-1.53565,-0.31827,-2.93723,visitors_g1,Scenario_2
136.4,15218,0.7872,-0.98326,1.57748,-1.48946,-0.51957,-2.80596,visitors_g1,Scenario_2
136.8,15218,0.22092,-1.2023,1.51791,-1.41569,-0.5476,-2.77251,visitors_g1,Scenario_2
137.2,15218,-0.34579,-1.47443,1.57167,-1.41679,-0.68034,-2.69391,visitors_g1,Scenario_2
137.6,15218,-0.98841,-1.78295,1.78209,-1.60654,-0.77128,-2.694,visitors_g1,Scenario_2
138.0,15218,-1.60199,-2.04376,1.66677,-1.53394,-0.65203,-2.73966,visitors_g1,Scenario_2
138.4,15218,-2.12124,-2.29819,1.4456,-1.29813,-0.63608,-2.68598,visitors_g1,Scenario_2
138.8,15218,-2.6766,-2.50277,1.4796,-1.3884,-0.51145,-2.78864,visitors_g1,Scenario_2
139.2,15218,-3.27889,-2.65585,1.55359,-1.50572,-0.38269,-2.89271,visitors_g1,Scenario_2
139.6,15218,-3.88575,-2.80985,1.56524,-1.51715,-0.385,-2.89307,visitors_g1,Scenario_2
140.0,15218,-4.49314,-2.87476,1.52712,-1.51847,-0.16229,-3.03512,visitors_g1,Scenario_2
140.4,15218,-5.12701,-2.87253,1.58469,-1.58468,0.00559,3.13807,visitors_g1,Scenario_2
140.8,15218,-5.75399,-2.83602,1.57011,-1.56746,0.09128,3.08342,visitors_g1,Scenario_2
141.2,15218,-6.34695,-2.73881,1.50218,-1.48239,0.24302,2.9791,visitors_g1,Scenario_2
141.6,15218,-6.89559,-2.68171,1.37901,-1.3716,0.14275,3.03789,visitors_g1,Scenario_2
142.0,15218,-7.34661,-2.67439,1.12769,-1.12755,0.0183,3.12536,visitors_g1,Scenario_2
202.8,15198,-6.48073,2.64422,0.0,0.0,0.0,0.0,visitors_g1,Scenario_2
203.2,15198,-6.71734,2.55396,0.63311,-0.59153,-0.22564,-2.77718,visitors_g1,Scenario_2
203.6,15198,-6.7727,2.49293,0.206,-0.1384,-0.15258,-2.30748,visitors_g1,Scenario_2
204.0,15198,-6.7272,2.44747,0.1608,0.11374,-0.11366,-0.78505,visitors_g1,Scenario_2
204.4,15198,-6.67432,2.4104,0.16146,0.13221,-0.09267,-0.61134,visitors_g1,Scenario_2
204.8,15198,-6.68096,2.38154,0.07403,-0.01661,-0.07214,-1.79707,visitors_g1,Scenario_2
205.2,15198,-6.71394,2.3728,0.08529,-0.08244,-0.02185,-2.88253,visitors_g1,Scenario_2
205.6,15198,-6.72327,2.37206,0.02341,-0.02334,-0.00186,-3.06217,visitors_g1,Scenario_2
206.0,15198,-6.73521,2.36724,0.03218,-0.02984,-0.01205,-2.75796,visitors_g1,Scenario_2
206.4,15198,-6.74498,2.36647,0.0245,-0.02443,-0.00193,-3.0628,visitors_g1,Scenario_2
206.8,15198,-6.66339,2.35768,0.20515,0.20397,-0.02198,-0.10734,visitors_g1,Scenario_2
207.2,15198,-6.43164,2.39013,0.58504,0.57939,0.08114,0.13913,visitors_g1,Scenario_2
207.6,15198,-6.11138,2.48495,0.83499,0.80064,0.23704,0.28785,visitors_g1,Scenario_2
208.0,15198,-5.77717,2.4608,0.8377,0.83552,-0.06037,-0.07213,visitors_g1,Scenario_2
208.4,15198,-5.41893,2.28792,0.99444,0.89561,-0.43221,-0.44962,visitors_g1,Scenario_2
208.8,15198,-5.01873,2.13652,1.06972,1.00051,-0.37851,-0.36168,visitors_g1,Scenario_2
209.2,15198,-4.6034,1.93385,1.15534,1.03831,-0.50667,-0.45398,visitors_g1,Scenario_2
209.6,15198,-4.1444,1.60924,1.40545,1.1475,-0.81151,-0.61554,visitors_g1,Scenario_2
210.0,15198,-3.6377,1.26222,1.53534,1.26674,-0.86755,-0.6005,visitors_g1,Scenario_2
210.4,15198,-3.16615,0.87447,1.52627,1.17889,-0.96939,-0.68818,visitors_g1,Scenario_2
0.0,15202,-7.73638,-2.22946,0.0,0.0,0.0,0.0,visitors_g1,Scenario_2
0.4,15202,-7.74347,-2.22665,0.01906,-0.01772,0.00703,2.76359,visitors_g1,Scenario_2
0.8,15202,-7.74111,-2.22142,0.01433,0.00589,0.01306,1.14719,visitors_g1,Scenario_2
1.2,15202,-7.713,-2.18905,0.10717,0.07027,0.08092,0.85574,visitors_g1,Scenario_2
1.6,15202,-7.6752,-2.07684,0.29602,0.09451,0.28052,1.24582,visitors_g1,Scenario_2
2.0,15202,-7.69425,-1.8972,0.45163,-0.04763,0.44911,1.67645,visitors_g1,Scenario_2
2.4,15202,-7.63167,-1.70071,0.51554,0.15645,0.49122,1.26246,visitors_g1,Scenario_2
2.8,15202,-7.31928,-1.44722,1.00575,0.78097,0.63373,0.68169,visitors_g1,Scenario_2
3.2,15202,-6.92756,-1.08246,1.33812,0.97929,0.91189,0.74978,visitors_g1,Scenario_2
3.6,15202,-6.54495,-0.68186,1.3849,0.95653,1.0015,0.80836,visitors_g1,Scenario_2
4.0,15202,-6.10062,-0.29285,1.4764,1.11082,0.97254,0.71912,visitors_g1,Scenario_2
4.4,15202,-5.65246,0.1592,1.59139,1.12042,1.13012,0.78971,visitors_g1,Scenario_2
4.8,15202,-5.19424,0.5559,1.5152,1.14555,0.99175,0.71356,visitors_g1,Scenario_2
5.2,15202,-4.66627,0.81108,1.466,1.31991,0.63795,0.45022,visitors_g1,Scenario_2
5.6,15202,-4.09353,1.0568,1.55807,1.43186,0.6143,0.40527,visitors_g1,Scenario_2
6.0,15202,-3.49895,1.2292,1.54767,1.48645,0.43098,0.2822,visitors_g1,Scenario_2
6.4,15202,-2.94526,1.32884,1.40647,1.38423,0.24912,0.17807,visitors_g1,Scenario_2
6.8,15202,-2.49228,1.42352,1.1569,1.13243,0.23669,0.20605,visitors_g1,Scenario_2
7.2,15202,-2.16432,1.44109,0.82108,0.81991,0.04391,0.05351,visitors_g1,Scenario_2
7.6,15202,-1.97132,1.44359,0.48254,0.4825,0.00625,0.01295,visitors_g1,Scenario_2
8.4,15002,-5.52693,-1.895,0.0,0.0,0.0,0.0,visitors_g1,Scenario_2
8.8,15002,-5.86132,-1.49457,1.30423,-0.83597,1.00108,2.26656,visitors_g1,Scenario_2
9.2,15002,-6.07129,-1.03019,1.27411,-0.52493,1.16095,1.99544,visitors_g1,Scenario_2
9.6,15002,-6.30248,-0.53441,1.36761,-0.57799,1.23946,2.00714,visitors_g1,Scenario_2
10.0,15002,-6.47763,-0.00751,1.38811,-0.43787,1.31724,1.89172,visitors_g1,Scenario_2
10.4,15002,-6.57173,0.52851,1.36054,-0.23525,1.34005,1.74458,visitors_g1,Scenario_2
10.8,15002,-6.68316,1.03268,1.29084,-0.27857,1.26042,1.78831,visitors_g1,Scenario_2
11.2,15002,-6.73493,1.49437,1.16146,-0.12942,1.15423,1.68246,visitors_g1,Scenario_2
11.6,15002,-6.83971,1.886,1.01351,-0.26195,0.97908,1.83222,visitors_g1,Scenario_2
12.0,15002,-6.97319,2.17974,0.80662,-0.3337,0.73436,1.99732,visitors_g1,Scenario_2
12.4,15002,-6.99851,2.36599,0.46989,-0.0633,0.46561,1.70592,visitors_g1,Scenario_2
12.8,15002,-6.92808,2.43529,0.24703,0.17608,0.17326,0.77733,visitors_g1,Scenario_2
13.2,15002,-6.82209,2.44211,0.26551,0.26496,0.01704,0.06422,visitors_g1,Scenario_2
13.6,15002,-6.83673,2.40229,0.10605,-0.03658,-0.09954,-1.92297,visitors_g1,Scenario_2
14.0,15002,-6.89415,2.37443,0.15956,-0.14356,-0.06964,-2.68995,visitors_g1,Scenario_2
14.4,15002,-6.89423,2.38524,0.02703,-0.0002,0.02703,1.5781,visitors_g1,Scenario_2
14.8,15002,-6.88611,2.36877,0.04591,0.0203,-0.04118,-1.11276,visitors_g1,Scenario_2
15.2,15002,-6.89327,2.35098,0.04795,-0.01791,-0.04448,-1.95358,visitors_g1,Scenario_2
15.6,15002,-6.95671,2.37251,0.16748,-0.1586,0.05381,2.81452,visitors_g1,Scenario_2
16.0,15002,-7.01874,2.39767,0.16734,-0.15506,0.06291,2.75615,visitors_g1,Scenario_2
84.0,15063,-0.16699,-2.52691,0.0,0.0,0.0,0.0,visitors_g1,Scenario_2
84.4,15063,0.02454,-2.18129,0.98787,0.47883,0.86406,1.06476,visitors_g1,Scenario_2
84.8,15063,0.27345,-1.85677,1.02244,0.62226,0.81129,0.9165,visitors_g1,Scenario_2
85.2,15063,0.55063,-1.51695,1.09633,0.69296,0.84955,0.88657,visitors_g1,Scenario_2
85.6,15063,0.84453,-1.16666,1.14312,0.73473,0.87572,0.87272,visitors_g1,Scenario_2
86.0,15063,1.20418,-0.89661,1.12439,0.89913,0.67514,0.64406,visitors_g1,Scenario_2
86.4,15063,1.63517,-0.61037,1.29345,1.07746,0.71559,0.58625,visitors_g1,Scenario_2
86.8,15063,2.12023,-0.31416,1.4209,1.21267,0.74052,0.54821,visitors_g1,Scenario_2
87.2,15063,2.61825,-0.06838,1.38841,1.24504,0.61446,0.45845,visitors_g1,Scenario_2
87.6,15063,3.10515,0.15227,1.3364,1.21725,0.55162,0.42549,visitors_g1,Scenario_2
88.0,15063,3.54098,0.31539,1.16339,1.08957,0.40779,0.35813,visitors_g1,Scenario_2
88.4,15063,3.95926,0.48414,1.1276,1.04571,0.42187,0.38346,visitors_g1,Scenario_2
88.8,15063,4.40847,0.68814,1.23339,1.12301,0.51001,0.4263,visitors_g1,Scenario_2
89.2,15063,4.8323,0.91374,1.20033,1.05957,0.56401,0.48915,visitors_g1,Scenario_2
89.6,15063,5.18806,1.19474,1.13339,0.88942,0.7025,0.66851,visitors_g1,Scenario_2
90.0,15063,5.52137,1.47016,1.08093,0.83326,0.68854,0.69058,visitors_g1,Scenario_2
90.4,15063,5.87934,1.73857,1.11858,0.89494,0.67104,0.64339,visitors_g1,Scenario_2
90.8,15063,6.24652,2.05527,1.21221,0.91794,0.79174,0.71171,visitors_g1,Scenario_2
91.2,15063,6.65266,2.29871,1.18377,1.01534,0.60859,0.53997,visitors_g1,Scenario_2
91.6,15063,7.0835,2.52927,1.22164,1.0771,0.57642,0.49138,visitors_g1,Scenario_2
126.0,15068,8.6646,2.26085,0.0,0.0,0.0,0.0,visitors_g1,Scenario_2
126.4,15068,8.6496,2.24846,0.04862,-0.03749,-0.03096,-2.45136,visitors_g1,Scenario_2
126.8,15068,8.6346,2.23608,0.04862,-0.03749,-0.03096,-2.45136,visitors_g1,Scenario_2
127.2,15068,8.6196,2.2237,0.04862,-0.03749,-0.03096,-2.45136,visitors_g1,Scenario_2
127.6,15068,8.6046,2.21131,0.04862,-0.03749,-0.03096,-2.45136,visitors_g1,Scenario_2
128.0,15068,8.58961,2.19893,0.04862,-0.03749,-0.03096,-2.45136,visitors_g1,Scenario_2
128.4,15068,8.57461,2.18654,0.04862,-0.03749,-0.03096,-2.45136,visitors_g1,Scenario_2
128.8,15068,8.55961,2.17416,0.04862,-0.03749,-0.03096,-2.45136,visitors_g1,Scenario_2
129.2,15068,8.54461,2.16178,0.04862,-0.03749,-0.03096,-2.45136,visitors_g1,Scenario_2
129.6,15068,8.37306,2.13285,0.43495,-0.42889,-0.07231,-2.97457,visitors_g1,Scenario_2
130.0,15068,8.00578,1.97723,0.99722,-0.9182,-0.38904,-2.74082,visitors_g1,Scenario_2
130.4,15068,7.57493,1.70553,1.27341,-1.07711,-0.67926,-2.57896,visitors_g1,Scenario_2
130.8,15068,7.11474,1.45137,1.31427,-1.15047,-0.63539,-2.63699,visitors_g1,Scenario_2
131.2,15068,6.62678,1.19856,1.37391,-1.21991,-0.63202,-2.66358,visitors_g1,Scenario_2
131.6,15068,6.07764,1.0019,1.45823,-1.37284,-0.49166,-2.79769,visitors_g1,Scenario_2
132.0,15068,5.48861,0.84979,1.52089,-1.47259,-0.38027,-2.88888,visitors_g1,Scenario_2
132.4,15068,4.93314,0.70919,1.43247,-1.38867,-0.35149,-2.89369,visitors_g1,Scenario_2
132.8,15068,4.36363,0.65866,1.42935,-1.42376,-0.12634,-3.05309,visitors_g1,Scenario_2
133.2,15068,3.73208,0.65437,1.57891,-1.57887,-0.01074,-3.13479,visitors_g1,Scenario_2
133.6,15068,3.13349,0.71555,1.50428,-1.49649,0.15295,3.03974,visitors_g1,Scenario_2
75.6,15062,4.84104,0.49854,0.0,0.0,0.0,0.0,visitors_g1,Scenario_2
76.0,15062,4.37255,0.34229,1.23466,-1.17124,-0.39062,-2.81968,visitors_g1,Scenario_2
76.4,15062,3.90871,0.21805,1.20048,-1.1596,-0.3106,-2.87988,visitors_g1,Scenario_2
76.8,15062,3.41583,0.11134,1.26074,-1.23219,-0.26677,-2.92838,visitors_g1,Scenario_2
77.2,15062,2.92358,-0.03204,1.28178,-1.23064,-0.35846,-2.85816,visitors_g1,Scenario_2
77.6,15062,2.43896,-0.21208,1.29246,-1.21155,-0.45009,-2.7859,visitors_g1,Scenario_2
78.0,15062,1.98496,-0.44597,1.27676,-1.13499,-0.58473,-2.66587,visitors_g1,Scenario_2
78.4,15062,1.55174,-0.68076,1.23188,-1.08304,-0.58697,-2.64494,visitors_g1,Scenario_2
78.8,15062,1.16191,-0.93468,1.1631,-0.97459,-0.63481,-2.56426,visitors_g1,Scenario_2
79.2,15062,0.82195,-1.26488,1.18479,-0.84989,-0.82548,-2.37076,visitors_g1,Scenario_2
79.6,15062,0.49156,-1.60601,1.18725,-0.82598,-0.85282,-2.34021,visitors_g1,Scenario_2
80.0,15062,0.22637,-1.9729,1.13175,-0.66297,-0.91724,-2.19665,visitors_g1,Scenario_2
80.4,15062,0.01337,-2.31454,1.00649,-0.53251,-0.85409,-2.1283,visitors_g1,Scenario_2
80.8,15062,-0.20225,-2.57358,0.8426,-0.53906,-0.64761,-2.26497,visitors_g1,Scenario_2
81.2,15062,-0.37906,-2.80797,0.73399,-0.44201,-0.58597,-2.21706,visitors_g1,Scenario_2
81.6,15062,-0.51158,-2.97178,0.52676,-0.3313,-0.40953,-2.25099,visitors_g1,Scenario_2
82.0,15062,-0.59521,-3.03291,0.25897,-0.20908,-0.15282,-2.51043,visitors_g1,Scenario_2
82.4,15062,-0.62853,-3.03364,0.08333,-0.08331,-0.00182,-3.11975,visitors_g1,Scenario_2
82.8,15062,-0.58626,-2.96003,0.21222,0.1057,0.18403,1.04944,visitors_g1,Scenario_2
83.2,15062,-0.48955,-2.88026,0.3134,0.24176,0.19942,0.68972,visitors_g1,Scenario_2
223.6,15027,-2.29063,2.087,0.0,0.0,0.0,0.0,visitors_g1,Scenario_2
224.0,15027,-1.7858,2.01239,1.27577,1.26207,-0.18652,-0.14672,visitors_g1,Scenario_2
224.4,15027,-1.2523,1.97012,1.33792,1.33374,-0.10567,-0.07906,visitors_g1,Scenario_2
224.8,15027,-0.73594,1.88531,1.3082,1.29089,-0.21205,-0.16281,visitors_g1,Scenario_2
225.2,15027,-0.26563,1.71024,1.25459,1.17578,-0.43767,-0.35634,visitors_g1,Scenario_2
225.6,15027,0.24002,1.58497,1.30233,1.26412,-0.31317,-0.24285,visitors_g1,Scenario_2
226.0,15027,0.68714,1.40572,1.2043,1.11781,-0.44813,-0.38128,visitors_g1,Scenario_2
226.4,15027,1.01782,1.09377,1.13648,0.82669,-0.77986,-0.75626,visitors_g1,Scenario_2
226.8,15027,1.37157,0.79291,1.16098,0.88439,-0.75216,-0.70478,visitors_g1,Scenario_2
227.2,15027,1.73826,0.50565,1.16453,0.91672,-0.71816,-0.66454,visitors_g1,Scenario_2
227.6,15027,2.11917,0.27803,1.10935,0.95228,-0.56904,-0.53862,visitors_g1,Scenario_2
228.0,15027,2.57186,0.27075,1.13187,1.13172,-0.01821,-0.01609,visitors_g1,Scenario_2
228.4,15027,3.06791,0.3265,1.24794,1.24013,0.13938,0.11192,visitors_g1,Scenario_2
228.8,15027,3.57117,0.36272,1.2614,1.25815,0.09056,0.07185,visitors_g1,Scenario_2
229.2,15027,4.02832,0.57532,1.26042,1.14288,0.53149,0.4353,visitors_g1,Scenario_2
229.6,15027,4.51484,0.806,1.34609,1.21629,0.5767,0.44275,visitors_g1,Scenario_2
230.0,15027,4.99689,0.98174,1.28272,1.20513,0.43934,0.34959,visitors_g1,Scenario_2
230.4,15027,5.3895,1.28672,1.24287,0.98152,0.76245,0.66043,visitors_g1,Scenario_2
230.8,15027,5.79868,1.57483,1.25109,1.02294,0.72029,0.6135,visitors_g1,Scenario_2
231.2,15027,6.18348,1.8144,1.13319,0.962,0.59891,0.55685,visitors_g1,Scenario_2
59.2,15087,-7.56991,-2.92001,0.0,0.0,0.0,0.0,visitors_g1,Scenario_2
59.6,15087,-7.51773,-2.89854,0.14105,0.13044,0.05367,0.39035,visitors_g1,Scenario_2
60.0,15087,-7.46556,-2.87707,0.14105,0.13044,0.05367,0.39035,visitors_g1,Scenario_2
60.4,15087,-7.41084,-2.83756,0.16873,0.1368,0.09877,0.62534,visitors_g1,Scenario_2
60.8,15087,-7.3526,-2.57111,0.68187,0.1456,0.66614,1.35561,visitors_g1,Scenario_2
61.2,15087,-7.29004,-2.14774,1.0699,0.1564,1.05841,1.42408,visitors_g1,Scenario_2
61.6,15087,-7.16363,-1.81571,0.8882,0.31603,0.83008,1.20702,visitors_g1,Scenario_2
62.0,15087,-6.94601,-1.44824,1.06768,0.54405,0.91867,1.03613,visitors_g1,Scenario_2
62.4,15087,-6.65458,-0.99366,1.34994,0.72856,1.13645,1.00071,visitors_g1,Scenario_2
62.8,15087,-6.26727,-0.59487,1.38979,0.96827,0.99698,0.80001,visitors_g1,Scenario_2
63.2,15087,-5.85376,-0.25186,1.34316,1.03379,0.85752,0.69247,visitors_g1,Scenario_2
63.6,15087,-5.41992,0.08644,1.37535,1.08458,0.84574,0.66229,visitors_g1,Scenario_2
64.0,15087,-4.93224,0.39065,1.43698,1.21921,0.76055,0.55774,visitors_g1,Scenario_2
64.4,15087,-4.45018,0.71141,1.44755,1.20514,0.80189,0.58712,visitors_g1,Scenario_2
64.8,15087,-3.96546,1.03484,1.45679,1.2118,0.80856,0.5884,visitors_g1,Scenario_2
65.2,15087,-3.49023,1.33032,1.399,1.18807,0.73871,0.55628,visitors_g1,Scenario_2
65.6,15087,-3.04008,1.63844,1.36375,1.12538,0.77028,0.60022,visitors_g1,Scenario_2
66.0,15087,-2.54605,1.86402,1.35773,1.23506,0.56395,0.42834,visitors_g1,Scenario_2
66.4,15087,-2.01463,2.0449,1.4034,1.32855,0.45221,0.32808,visitors_g1,Scenario_2
66.8,15087,-1.50512,2.23209,1.35704,1.2738,0.46798,0.35208,visitors_g1,Scenario_2
18.0,15176,8.92704,-0.65666,0.0,0.0,0.0,0.0,visitors_g1,Scenario_2
18.4,15176,8.56108,-0.74367,0.9404,-0.9149,-0.2175,-2.90819,visitors_g1,Scenario_2
18.8,15176,8.20307,-0.76934,0.89733,-0.89503,-0.06418,-3.07,visitors_g1,Scenario_2
19.2,15176,7.82443,-0.63741,1.00241,-0.94659,0.32983,2.80631,visitors_g1,Scenario_2
19.6,15176,7.33262,-0.53462,1.25609,-1.22952,0.25697,2.93556,visitors_g1,Scenario_2
20.0,15176,6.7713,-0.44379,1.42156,-1.4033,0.22708,2.98117,visitors_g1,Scenario_2
20.4,15176,6.19871,-0.35512,1.44853,-1.43147,0.22167,2.98796,visitors_g1,Scenario_2
20.8,15176,5.63027,-0.33145,1.42232,-1.42109,0.05918,3.09997,visitors_g1,Scenario_2
21.2,15176,5.03018,-0.28491,1.50475,-1.50024,0.11635,3.0642,visitors_g1,Scenario_2
21.6,15176,4.407,-0.2765,1.55807,-1.55793,0.02101,3.1281,visitors_g1,Scenario_2
22.0,15176,3.80425,-0.24039,1.5096,-1.50689,0.09029,3.08175,visitors_g1,Scenario_2
22.4,15176,3.19567,-0.15133,1.53766,-1.52145,0.22264,2.99629,visitors_g1,Scenario_2
22.8,15176,2.60277,-0.01014,1.52368,-1.48223,0.35298,2.9078,visitors_g1,Scenario_2
23.2,15176,2.06788,0.27164,1.51144,-1.33724,0.70445,2.65674,visitors_g1,Scenario_2
23.6,15176,1.53693,0.57762,1.532,-1.32736,0.76494,2.61879,visitors_g1,Scenario_2
24.0,15176,1.07755,0.9273,1.44332,-1.14846,0.8742,2.49097,visitors_g1,Scenario_2
24.4,15176,0.67847,1.32821,1.41422,-0.99771,1.00229,2.35391,visitors_g1,Scenario_2
24.8,15176,0.31814,1.73097,1.35105,-0.90083,1.00691,2.30065,visitors_g1,Scenario_2
25.2,15176,0.08373,2.18092,1.26836,-0.58601,1.12487,2.05107,visitors_g1,Scenario_2
25.6,15176,-0.07796,2.65712,1.25726,-0.40422,1.19051,1.89812,visitors_g1,Scenario_2
83.2,15037,-0.39922,-3.38723,0.0,0.0,0.0,0.0,visitors_g1,Scenario_2
83.6,15037,-0.34685,-3.41206,0.14489,0.13092,-0.06207,-0.44274,visitors_g1,Scenario_2
84.0,15037,-0.25042,-3.32521,0.32444,0.24108,0.21711,0.73313,visitors_g1,Scenario_2
84.4,15037,-0.0731,-3.06399,0.7893,0.44329,0.65305,0.97444,visitors_g1,Scenario_2
84.8,15037,0.14761,-2.68793,1.0901,0.55177,0.94015,1.04007,visitors_g1,Scenario_2
85.2,15037,0.44462,-2.31635,1.18924,0.74253,0.92894,0.89646,visitors_g1,Scenario_2
85.6,15037,0.81691,-2.01198,1.20219,0.93072,0.76093,0.68536,visitors_g1,Scenario_2
86.0,15037,1.23916,-1.75999,1.2293,1.05561,0.62997,0.53805,visitors_g1,Scenario_2
86.4,15037,1.66408,-1.49309,1.25448,1.0623,0.66725,0.56084,visitors_g1,Scenario_2
86.8,15037,2.12256,-1.21245,1.34389,1.14622,0.7016,0.54927,visitors_g1,Scenario_2
87.2,15037,2.66407,-1.02726,1.43074,1.35376,0.46298,0.32953,visitors_g1,Scenario_2
87.6,15037,3.21431,-0.83925,1.45369,1.37561,0.47002,0.32924,visitors_g1,Scenario_2
88.0,15037,3.68484,-0.59919,1.32058,1.17633,0.60016,0.47177,visitors_g1,Scenario_2
88.4,15037,4.14074,-0.40311,1.2407,1.13976,0.4902,0.40617,visitors_g1,Scenario_2
88.8,15037,4.6476,-0.20139,1.36381,1.26715,0.50429,0.37876,visitors_g1,Scenario_2
89.2,15037,5.14624,0.01138,1.35534,1.24659,0.53192,0.40331,visitors_g1,Scenario_2
89.6,15037,5.64212,0.16638,1.29884,1.23969,0.3875,0.30296,visitors_g1,Scenario_2
90.0,15037,6.08742,0.30547,1.16632,1.11327,0.34774,0.30275,visitors_g1,Scenario_2
90.4,15037,6.48658,0.47754,1.08666,0.99788,0.43018,0.40702,visitors_g1,Scenario_2
90.8,15037,6.9021,0.66312,1.1377,1.03881,0.46394,0.42003,visitors_g1,Scenario_2
226.8,15257,-1.91321,-2.38453,0.0,0.0,0.0,0.0,visitors_g1,Scenario_2
227.2,15257,-1.41003,-2.24971,1.30231,1.25794,0.33707,0.2618,visitors_g1,Scenario_2
227.6,15257,-0.90934,-2.11516,1.29613,1.25172,0.33637,0.26252,visitors_g1,Scenario_2
228.0,15257,-0.40856,-2.00438,1.28221,1.25195,0.27693,0.2177,visitors_g1,Scenario_2
228.4,15257,0.08178,-1.84038,1.29261,1.22586,0.41002,0.32278,visitors_g1,Scenario_2
228.8,15257,0.5663,-1.68103,1.27512,1.21129,0.39836,0.31773,visitors_g1,Scenario_2
229.2,15257,1.05663,-1.51009,1.29819,1.22584,0.42734,0.33544,visitors_g1,Scenario_2
229.6,15257,1.57343,-1.3579,1.34687,1.29201,0.38048,0.28639,visitors_g1,Scenario_2
230.0,15257,2.12095,-1.30333,1.37558,1.3688,0.13642,0.09934,visitors_g1,Scenario_2
230.4,15257,2.63859,-1.2065,1.31654,1.29409,0.24208,0.18493,visitors_g1,Scenario_2
230.8,15257,3.13671,-1.06636,1.29364,1.24529,0.35034,0.27425,visitors_g1,Scenario_2
231.2,15257,3.64459,-0.93851,1.30932,1.26971,0.31962,0.2466,visitors_g1,Scenario_2
231.6,15257,4.14491,-0.74908,1.33745,1.2508,0.47359,0.36195,visitors_g1,Scenario_2
232.0,15257,4.66359,-0.57024,1.3716,1.29669,0.44711,0.33204,visitors_g1,Scenario_2
232.4,15257,5.16465,-0.3844,1.33603,1.25266,0.46458,0.35515,visitors_g1,Scenario_2
232.8,15257,5.63064,-0.14798,1.30633,1.16497,0.59106,0.46952,visitors_g1,Scenario_2
233.2,15257,6.11521,0.06476,1.32305,1.21144,0.53186,0.4137,visitors_g1,Scenario_2
233.6,15257,6.58889,0.29779,1.31973,1.18419,0.58257,0.45719,visitors_g1,Scenario_2
234.0,15257,7.05728,0.55693,1.33825,1.17099,0.64783,0.50532,visitors_g1,Scenario_2
234.4,15257,7.53139,0.82101,1.35674,1.18526,0.66022,0.50822,visitors_g1,Scenario_2
58.8,15008,-4.8761,0.38423,0.0,0.0,0.0,0.0,visitors_g1,Scenario_2
59.2,15008,-4.393,0.29466,1.22833,1.20775,-0.22392,-0.18332,visitors_g1,Scenario_2
59.6,15008,-3.96679,0.12598,1.14592,1.0655,-0.4217,-0.37686,visitors_g1,Scenario_2
60.0,15008,-3.53483,0.05599,1.094,1.07992,-0.175,-0.16065,visitors_g1,Scenario_2
60.4,15008,-3.08847,-0.02894,1.13592,1.1159,-0.21233,-0.18803,visitors_g1,Scenario_2
60.8,15008,-2.58528,-0.15548,1.29714,1.25798,-0.31634,-0.24636,visitors_g1,Scenario_2
61.2,15008,-2.00732,-0.17317,1.44558,1.4449,-0.04421,-0.03059,visitors_g1,Scenario_2
61.6,15008,-1.42977,-0.20405,1.44594,1.44388,-0.07721,-0.05342,visitors_g1,Scenario_2
62.0,15008,-0.88108,-0.23959,1.37459,1.37171,-0.08886,-0.06469,visitors_g1,Scenario_2
62.4,15008,-0.30248,-0.16895,1.45725,1.44651,0.17661,0.12149,visitors_g1,Scenario_2
62.8,15008,0.29528,-0.15556,1.49478,1.49441,0.03347,0.02239,visitors_g1,Scenario_2
63.2,15008,0.86616,-0.16328,1.42732,1.42719,-0.01929,-0.01351,visitors_g1,Scenario_2
63.6,15008,1.45984,-0.09346,1.49442,1.4842,0.17453,0.11706,visitors_g1,Scenario_2
64.0,15008,2.07618,-0.10867,1.54133,1.54087,-0.03801,-0.02466,visitors_g1,Scenario_2
64.4,15008,2.66139,-0.09414,1.46346,1.46301,0.03631,0.02481,visitors_g1,Scenario_2
64.8,15008,3.24646,-0.00636,1.47906,1.46268,0.21946,0.14893,visitors_g1,Scenario_2
65.2,15008,3.81568,-0.02902,1.42418,1.42305,-0.05665,-0.03979,visitors_g1,Scenario_2
65.6,15008,4.37111,-0.01396,1.38909,1.38858,0.03764,0.0271,visitors_g1,Scenario_2
66.0,15008,4.93822,0.06352,1.43095,1.41778,0.1937,0.13578,visitors_g1,Scenario_2
66.4,15008,5.48475,0.06982,1.36641,1.36632,0.01576,0.01153,visitors_g1,Scenario_2
167.2,15072,5.3067,0.22658,0.0,0.0,0.0,0.0,visitors_g1,Scenario_2
167.6,15072,5.21719,0.22825,0.22381,-0.22377,0.00417,3.12296,visitors_g1,Scenario_2
168.0,15072,4.87198,0.26102,0.86689,-0.86301,0.08193,3.04694,visitors_g1,Scenario_2
168.4,15072,4.35183,0.31294,1.30684,-1.30038,0.12981,3.0421,visitors_g1,Scenario_2
168.8,15072,3.83155,0.30389,1.30091,-1.30072,-0.02263,-3.1242,visitors_g1,Scenario_2
169.2,15072,3.31508,0.2715,1.29369,-1.29115,-0.08097,-3.07897,visitors_g1,Scenario_2
169.6,15072,2.79041,0.23759,1.31443,-1.3117,-0.08479,-3.07704,visitors_g1,Scenario_2
170.0,15072,2.24828,0.17864,1.3633,-1.35531,-0.14738,-3.03328,visitors_g1,Scenario_2
170.4,15072,1.67546,0.1159,1.44062,-1.43206,-0.15685,-3.0325,visitors_g1,Scenario_2
170.8,15072,1.14847,0.02031,1.33897,-1.31748,-0.23897,-2.96216,visitors_g1,Scenario_2
171.2,15072,0.7128,-0.07749,1.11629,-1.08918,-0.24451,-2.92077,visitors_g1,Scenario_2
171.6,15072,0.29869,-0.153,1.05233,-1.03526,-0.18878,-2.96122,visitors_g1,Scenario_2
172.0,15072,-0.11793,-0.23209,1.06014,-1.04154,-0.1977,-2.95401,visitors_g1,Scenario_2
172.4,15072,-0.56662,-0.2605,1.12397,-1.12172,-0.07103,-3.07836,visitors_g1,Scenario_2
172.8,15072,-1.05191,-0.25085,1.21348,-1.21324,0.02412,3.12171,visitors_g1,Scenario_2
173.2,15072,-1.53154,-0.21219,1.20297,-1.19908,0.09665,3.06117,visitors_g1,Scenario_2
173.6,15072,-2.01392,-0.09747,1.23956,-1.20593,0.2868,2.90811,visitors_g1,Scenario_2
174.0,15072,-2.5212,0.03578,1.31124,-1.26821,0.33312,2.88472,visitors_g1,Scenario_2
174.4,15072,-3.02875,0.18954,1.32582,-1.26887,0.38439,2.84744,visitors_g1,Scenario_2
174.8,15072,-3.51844,0.32613,1.27097,-1.22424,0.34148,2.86958,visitors_g1,Scenario_2
117.6,15244,5.67872,-0.62308,0.0,0.0,0.0,0.0,visitors_g1,Scenario_2
118.0,15244,5.19552,-0.70755,1.22631,-1.20799,-0.21117,-2.96853,visitors_g1,Scenario_2
118.4,15244,4.75619,-0.83578,1.14414,-1.09832,-0.32057,-2.8576,visitors_g1,Scenario_2
118.8,15244,4.29286,-0.93976,1.18715,-1.15834,-0.25994,-2.92085,visitors_g1,Scenario_2
119.2,15244,3.77228,-1.07431,1.34421,-1.30144,-0.33638,-2.88866,visitors_g1,Scenario_2
119.6,15244,3.26998,-1.21649,1.30509,-1.25575,-0.35544,-2.86576,visitors_g1,Scenario_2
120.0,15244,2.77313,-1.3115,1.26463,-1.24212,-0.23755,-2.95263,visitors_g1,Scenario_2
120.4,15244,2.26392,-1.43679,1.31101,-1.27304,-0.31321,-2.90035,visitors_g1,Scenario_2
120.8,15244,1.74631,-1.5286,1.3142,-1.29401,-0.22952,-2.96604,visitors_g1,Scenario_2
121.2,15244,1.19054,-1.60769,1.40343,-1.38943,-0.19773,-3.00023,visitors_g1,Scenario_2
121.6,15244,0.62503,-1.71298,1.43807,-1.41377,-0.26324,-2.95751,visitors_g1,Scenario_2
122.0,15244,0.10306,-1.79044,1.31922,-1.30493,-0.19365,-2.99427,visitors_g1,Scenario_2
122.4,15244,-0.39075,-1.90452,1.26703,-1.23452,-0.28519,-2.91456,visitors_g1,Scenario_2
122.8,15244,-0.89645,-2.01507,1.29412,-1.26426,-0.27638,-2.92637,visitors_g1,Scenario_2
123.2,15244,-1.42228,-2.10771,1.33483,-1.31458,-0.2316,-2.96721,visitors_g1,Scenario_2
123.6,15244,-1.9594,-2.25028,1.38929,-1.34279,-0.35643,-2.88213,visitors_g1,Scenario_2
124.0,15244,-2.49935,-2.37471,1.38526,-1.34988,-0.31107,-2.9151,visitors_g1,Scenario_2
124.4,15244,-3.0149,-2.48842,1.31986,-1.28888,-0.28425,-2.92452,visitors_g1,Scenario_2
124.8,15244,-3.48111,-2.59039,1.19308,-1.16552,-0.25494,-2.92625,visitors_g1,Scenario_2
125.2,15244,-3.95191,-2.61653,1.17882,-1.17701,-0.06535,-3.08613,visitors_g1,Scenario_2
8.4,15029,-3.85212,-2.19221,0.0,0.0,0.0,0.0,visitors_g1,Scenario_2
8.8,15029,-4.34205,-2.07308,1.26052,-1.22483,0.29782,2.90307,visitors_g1,Scenario_2
9.2,15029,-4.77979,-1.93083,1.15067,-1.09433,0.35563,2.82738,visitors_g1,Scenario_2
9.6,15029,-5.15744,-1.72892,1.07061,-0.94414,0.50478,2.65062,visitors_g1,Scenario_2
10.0,15029,-5.51969,-1.43835,1.16096,-0.90562,0.72641,2.46556,visitors_g1,Scenario_2
10.4,15029,-5.83847,-1.05982,1.2372,-0.79696,0.94632,2.27072,visitors_g1,Scenario_2
10.8,15029,-6.1037,-0.63722,1.24735,-0.66308,1.05651,2.13127,visitors_g1,Scenario_2
11.2,15029,-6.33817,-0.21095,1.21623,-0.58616,1.06566,2.07368,visitors_g1,Scenario_2
11.6,15029,-6.51423,0.19847,1.1142,-0.44016,1.02357,1.97691,visitors_g1,Scenario_2
12.0,15029,-6.62012,0.59414,1.02399,-0.26471,0.98918,1.83228,visitors_g1,Scenario_2
12.4,15029,-6.66635,0.96674,0.93864,-0.11559,0.9315,1.69426,visitors_g1,Scenario_2
12.8,15029,-6.64132,1.2901,0.81082,0.06257,0.8084,1.49355,visitors_g1,Scenario_2
13.2,15029,-6.59395,1.5538,0.6698,0.11844,0.65925,1.39303,visitors_g1,Scenario_2
13.6,15029,-6.60825,1.75107,0.49447,-0.03576,0.49318,1.64319,visitors_g1,Scenario_2
14.0,15029,-6.64845,1.86379,0.29918,-0.10048,0.2818,1.91332,visitors_g1,Scenario_2
14.4,15029,-6.6546,1.91002,0.11658,-0.01538,0.11556,1.70314,visitors_g1,Scenario_2
14.8,15029,-6.63918,1.91873,0.04427,0.03854,0.02177,0.51416,visitors_g1,Scenario_2
15.2,15029,-6.6139,1.86591,0.14639,0.0632,-0.13204,-1.12437,visitors_g1,Scenario_2
15.6,15029,-6.6205,1.72466,0.3535,-0.01651,-0.35312,-1.61751,visitors_g1,Scenario_2
16.0,15029,-6.66819,1.4565,0.68092,-0.11921,-0.6704,-1.74678,visitors_g1,Scenario_2
100.8,15065,5.02271,0.84535,0.0,0.0,0.0,0.0,visitors_g1,Scenario_2
101.2,15065,4.55584,0.5992,1.31946,-1.16718,-0.61536,-2.65641,visitors_g1,Scenario_2
101.6,15065,4.07686,0.3587,1.33993,-1.19745,-0.60126,-2.67625,visitors_g1,Scenario_2
102.0,15065,3.60765,0.10173,1.33743,-1.17303,-0.64243,-2.64054,visitors_g1,Scenario_2
102.4,15065,3.12734,-0.12505,1.32789,-1.20077,-0.56695,-2.70047,visitors_g1,Scenario_2
102.8,15065,2.68874,-0.38871,1.27935,-1.09649,-0.65913,-2.60034,visitors_g1,Scenario_2
103.2,15065,2.27177,-0.69413,1.29217,-1.04243,-0.76356,-2.5094,visitors_g1,Scenario_2
103.6,15065,1.87922,-0.94301,1.162,-0.98137,-0.62221,-2.57654,visitors_g1,Scenario_2
104.0,15065,1.52583,-1.17977,1.06341,-0.88346,-0.59189,-2.55131,visitors_g1,Scenario_2
104.4,15065,1.17982,-1.40282,1.02919,-0.86503,-0.55763,-2.569,visitors_g1,Scenario_2
104.8,15065,0.84931,-1.61131,0.97694,-0.82629,-0.52121,-2.57884,visitors_g1,Scenario_2
105.2,15065,0.62129,-1.79842,0.73742,-0.57005,-0.46779,-2.45441,visitors_g1,Scenario_2
105.6,15065,0.45593,-1.92151,0.51535,-0.41339,-0.30772,-2.5017,visitors_g1,Scenario_2
106.0,15065,0.32308,-1.99954,0.38518,-0.33212,-0.19507,-2.61053,visitors_g1,Scenario_2
106.4,15065,0.26651,-2.04078,0.17501,-0.14142,-0.10311,-2.5116,visitors_g1,Scenario_2
106.8,15065,0.25048,-2.08728,0.12295,-0.04009,-0.11624,-1.90291,visitors_g1,Scenario_2
107.2,15065,0.22518,-2.15184,0.17335,-0.06325,-0.1614,-1.94429,visitors_g1,Scenario_2
107.6,15065,0.19759,-2.19538,0.12887,-0.06897,-0.10886,-2.13553,visitors_g1,Scenario_2
108.0,15065,0.13424,-2.2466,0.20366,-0.15837,-0.12804,-2.46169,visitors_g1,Scenario_2
108.4,15065,0.01189,-2.32873,0.3684,-0.30588,-0.20533,-2.55042,visitors_g1,Scenario_2
124.0,15140,-2.30252,-0.13337,0.0,0.0,0.0,0.0,visitors_g1,Scenario_2
124.4,15140,-1.8201,-0.22137,1.22596,1.20605,-0.22,-0.18043,visitors_g1,Scenario_2
124.8,15140,-1.34937,-0.27726,1.1851,1.17683,-0.13973,-0.11818,visitors_g1,Scenario_2
125.2,15140,-0.8685,-0.33854,1.21189,1.20216,-0.1532,-0.12675,visitors_g1,Scenario_2
125.6,15140,-0.38315,-0.36337,1.21496,1.21338,-0.06206,-0.0511,visitors_g1,Scenario_2
126.0,15140,0.08734,-0.36129,1.17624,1.17623,0.00519,0.00441,visitors_g1,Scenario_2
126.4,15140,0.57282,-0.37396,1.2141,1.21368,-0.03166,-0.02608,visitors_g1,Scenario_2
126.8,15140,1.04835,-0.33848,1.19213,1.18883,0.08868,0.07446,visitors_g1,Scenario_2
127.2,15140,1.5032,-0.2538,1.15666,1.13712,0.21169,0.18406,visitors_g1,Scenario_2
127.6,15140,1.97989,-0.18194,1.2052,1.19173,0.17966,0.14963,visitors_g1,Scenario_2
128.0,15140,2.46986,-0.12099,1.23437,1.22493,0.15237,0.12376,visitors_g1,Scenario_2
128.4,15140,2.9566,-0.08643,1.2199,1.21683,0.08642,0.0709,visitors_g1,Scenario_2
128.8,15140,3.44769,-0.06199,1.22925,1.22773,0.06109,0.04972,visitors_g1,Scenario_2
129.2,15140,3.93974,-0.01357,1.23608,1.23013,0.12106,0.0981,visitors_g1,Scenario_2
129.6,15140,4.42545,0.03189,1.21957,1.21426,0.11364,0.09332,visitors_g1,Scenario_2
130.0,15140,4.9028,0.07891,1.19916,1.19339,0.11754,0.09817,visitors_g1,Scenario_2
130.4,15140,5.3715,0.13005,1.17871,1.17175,0.12785,0.10868,visitors_g1,Scenario_2
130.8,15140,5.84982,0.14977,1.19681,1.19579,0.0493,0.0412,visitors_g1,Scenario_2
131.2,15140,6.33299,0.18144,1.21051,1.20792,0.07919,0.06546,visitors_g1,Scenario_2
131.6,15140,6.79125,0.22762,1.15145,1.14564,0.11545,0.10043,visitors_g1,Scenario_2
131.2,15016,6.71825,2.00003,0.0,0.0,0.0,0.0,visitors_g1,Scenario_2
131.6,15016,6.51239,1.95546,0.52657,-0.51465,-0.11141,-2.92841,visitors_g1,Scenario_2
132.0,15016,6.0558,1.99071,1.14487,-1.14147,0.08811,3.06455,visitors_g1,Scenario_2
132.4,15016,5.54975,2.05645,1.27576,-1.26513,0.16434,3.01241,visitors_g1,Scenario_2
132.8,15016,4.99856,2.04435,1.37831,-1.37797,-0.03023,-3.11966,visitors_g1,Scenario_2
133.2,15016,4.42599,2.0967,1.4374,-1.43143,0.13088,3.05042,visitors_g1,Scenario_2
133.6,15016,3.86099,2.11007,1.41288,-1.41249,0.03341,3.11795,visitors_g1,Scenario_2
134.0,15016,3.27025,2.07326,1.47971,-1.47685,-0.09201,-3.07937,visitors_g1,Scenario_2
134.4,15016,2.66547,2.0952,1.51295,-1.51196,0.05485,3.10533,visitors_g1,Scenario_2
134.8,15016,2.08519,2.06445,1.45273,-1.45069,-0.07689,-3.08864,visitors_g1,Scenario_2
135.2,15016,1.52093,2.03231,1.41294,-1.41065,-0.08035,-3.08469,visitors_g1,Scenario_2
135.6,15016,0.95349,2.07177,1.42204,-1.41862,0.09867,3.07215,visitors_g1,Scenario_2
136.0,15016,0.38363,2.00218,1.43523,-1.42465,-0.17398,-3.02007,visitors_g1,Scenario_2
136.4,15016,-0.19784,1.89983,1.47602,-1.45367,-0.25588,-2.96736,visitors_g1,Scenario_2
136.8,15016,-0.76445,1.8545,1.42106,-1.41653,-0.11333,-3.06176,visitors_g1,Scenario_2
137.2,15016,-1.31939,1.71481,1.43061,-1.38734,-0.34921,-2.895,visitors_g1,Scenario_2
137.6,15016,-1.87807,1.57518,1.43967,-1.39671,-0.34909,-2.89668,visitors_g1,Scenario_2
138.0,15016,-2.41175,1.46315,1.36328,-1.3342,-0.28007,-2.93468,visitors_g1,Scenario_2
138.4,15016,-2.93142,1.24731,1.40676,-1.29916,-0.53961,-2.74792,visitors_g1,Scenario_2
138.8,15016,-3.47555,1.06113,1.43776,-1.36033,-0.46545,-2.81192,visitors_g1,Scenario_2
189.6,15125,0.0543,2.86444,0.0,0.0,0.0,0.0,visitors_g1,Scenario_2
190.0,15125,0.26767,2.74338,0.6133,0.53342,-0.30265,-0.51609,visitors_g1,Scenario_2
190.4,15125,0.56719,2.60993,0.81977,0.74881,-0.33363,-0.41914,visitors_g1,Scenario_2
190.8,15125,0.91209,2.41453,0.991,0.86224,-0.48848,-0.51545,visitors_g1,Scenario_2
191.2,15125,1.24146,2.03658,1.25332,0.82342,-0.94488,-0.85398,visitors_g1,Scenario_2
191.6,15125,1.59233,1.68033,1.25007,0.87718,-0.89063,-0.793,visitors_g1,Scenario_2
192.0,15125,1.97644,1.40698,1.17862,0.96027,-0.68338,-0.61851,visitors_g1,Scenario_2
192.4,15125,2.3355,1.07647,1.22003,0.89765,-0.82626,-0.74401,visitors_g1,Scenario_2
192.8,15125,2.77202,0.86169,1.21624,1.0913,-0.53695,-0.45725,visitors_g1,Scenario_2
193.2,15125,3.27702,0.74335,1.29671,1.26251,-0.29586,-0.23019,visitors_g1,Scenario_2
193.6,15125,3.76366,0.5872,1.27768,1.21659,-0.39037,-0.3105,visitors_g1,Scenario_2
194.0,15125,4.26558,0.54869,1.25848,1.2548,-0.09627,-0.07657,visitors_g1,Scenario_2
194.4,15125,4.77897,0.57092,1.28468,1.28348,0.05558,0.04327,visitors_g1,Scenario_2
194.8,15125,5.30087,0.51854,1.31131,1.30475,-0.13096,-0.10004,visitors_g1,Scenario_2
195.2,15125,5.83005,0.5455,1.32466,1.32295,0.0674,0.0509,visitors_g1,Scenario_2
195.6,15125,6.33199,0.59957,1.2621,1.25484,0.13517,0.1073,visitors_g1,Scenario_2
196.0,15125,6.81959,0.55427,1.22426,1.21901,-0.11323,-0.09262,visitors_g1,Scenario_2
196.4,15125,7.30893,0.56559,1.22367,1.22334,0.0283,0.02313,visitors_g1,Scenario_2
196.8,15125,7.77841,0.59266,1.17565,1.1737,0.06768,0.0576,visitors_g1,Scenario_2
197.2,15125,8.19786,0.48445,1.08296,1.04863,-0.27052,-0.25247,visitors_g1,Scenario_2
115.2,15160,-8.8145,0.52732,0.0,0.0,0.0,0.0,visitors_g1,Scenario_2
115.6,15160,-8.81343,0.51512,0.0306,0.00268,-0.03048,-1.48296,visitors_g1,Scenario_2
116.0,15160,-8.81235,0.50293,0.0306,0.00268,-0.03048,-1.48296,visitors_g1,Scenario_2
116.4,15160,-8.81128,0.49074,0.0306,0.00268,-0.03048,-1.48296,visitors_g1,Scenario_2
116.8,15160,-8.81021,0.47854,0.0306,0.00268,-0.03048,-1.48296,visitors_g1,Scenario_2
117.2,15160,-8.848,0.43994,0.13504,-0.09447,-0.09649,-2.34562,visitors_g1,Scenario_2
117.6,15160,-8.91846,0.37984,0.23155,-0.17617,-0.15027,-2.43535,visitors_g1,Scenario_2
118.0,15160,-8.87672,0.25884,0.31999,0.10435,-0.30249,-1.2386,visitors_g1,Scenario_2
118.4,15160,-8.62124,0.05578,0.81586,0.63869,-0.50764,-0.67157,visitors_g1,Scenario_2
118.8,15160,-8.27486,-0.04403,0.9012,0.86597,-0.24952,-0.28054,visitors_g1,Scenario_2
119.2,15160,-7.9196,-0.00055,0.89476,0.88813,0.10869,0.12177,visitors_g1,Scenario_2
119.6,15160,-7.48291,0.01219,1.09219,1.09173,0.03186,0.02917,visitors_g1,Scenario_2
120.0,15160,-6.99045,-0.02955,1.23556,1.23115,-0.10435,-0.08456,visitors_g1,Scenario_2
120.4,15160,-6.49799,-0.07129,1.23556,1.23115,-0.10435,-0.08456,visitors_g1,Scenario_2
120.8,15160,-5.97603,-0.10487,1.30761,1.30491,-0.08396,-0.06425,visitors_g1,Scenario_2
121.2,15160,-5.42126,-0.09408,1.38718,1.38692,0.027,0.01946,visitors_g1,Scenario_2
121.6,15160,-4.91049,-0.11117,1.27765,1.27693,-0.04272,-0.03344,visitors_g1,Scenario_2
122.0,15160,-4.48127,-0.17569,1.08509,1.07303,-0.16131,-0.14922,visitors_g1,Scenario_2
122.4,15160,-4.06538,-0.21396,1.04412,1.03972,-0.09567,-0.09175,visitors_g1,Scenario_2
122.8,15160,-3.62677,-0.30988,1.12245,1.09654,-0.23981,-0.21531,visitors_g1,Scenario_2
218.4,15284,-7.83746,-2.3247,0.0,0.0,0.0,0.0,visitors_g1,Scenario_2
218.8,15284,-7.7903,-2.32537,0.11791,0.1179,-0.00167,-0.01419,visitors_g1,Scenario_2
219.2,15284,-7.7407,-2.33145,0.12493,0.124,-0.01521,-0.12202,visitors_g1,Scenario_2
219.6,15284,-7.73441,-2.33882,0.02423,0.01573,-0.01843,-0.86425,visitors_g1,Scenario_2
220.0,15284,-7.73626,-2.34453,0.015,-0.00462,-0.01427,-1.88409,visitors_g1,Scenario_2
220.4,15284,-7.74656,-2.3306,0.0433,-0.02573,0.03482,2.20731,visitors_g1,Scenario_2
220.8,15284,-7.78407,-2.32194,0.09627,-0.0938,0.02167,2.91459,visitors_g1,Scenario_2
221.2,15284,-7.74459,-2.32621,0.09928,0.0987,-0.01067,-0.10773,visitors_g1,Scenario_2
221.6,15284,-7.61171,-2.31942,0.33264,0.33221,0.01696,0.05101,visitors_g1,Scenario_2
222.0,15284,-7.40261,-2.30189,0.52459,0.52276,0.04383,0.08365,visitors_g1,Scenario_2
222.4,15284,-7.09629,-2.28954,0.76641,0.76579,0.03088,0.0403,visitors_g1,Scenario_2
222.8,15284,-6.76584,-2.29163,0.82613,0.82612,-0.00522,-0.00632,visitors_g1,Scenario_2
223.2,15284,-6.4354,-2.29372,0.82613,0.82612,-0.00522,-0.00632,visitors_g1,Scenario_2
223.6,15284,-6.10495,-2.29581,0.82613,0.82612,-0.00522,-0.00632,visitors_g1,Scenario_2
224.0,15284,-5.69645,-2.29179,1.02128,1.02124,0.01003,0.00982,visitors_g1,Scenario_2
224.4,15284,-5.19269,-2.25021,1.26369,1.25941,0.10396,0.08236,visitors_g1,Scenario_2
224.8,15284,-4.63843,-2.20746,1.38977,1.38566,0.10686,0.07697,visitors_g1,Scenario_2
225.2,15284,-4.08181,-2.15036,1.39884,1.39153,0.14276,0.10223,visitors_g1,Scenario_2
225.6,15284,-3.59993,-2.00167,1.26076,1.20471,0.37173,0.29929,visitors_g1,Scenario_2
226.0,15284,-3.13219,-1.82414,1.25075,1.16936,0.44382,0.36275,visitors_g1,Scenario_2
50.4,15059,-6.91391,-1.08583,0.0,0.0,0.0,0.0,visitors_g1,Scenario_2
50.8,15059,-7.27948,-1.18894,0.9496,-0.91394,-0.25779,-2.86667,visitors_g1,Scenario_2
51.2,15059,-7.62011,-1.2365,0.85983,-0.85157,-0.11889,-3.00287,visitors_g1,Scenario_2
51.6,15059,-7.92587,-1.2383,0.76441,-0.76439,-0.00451,-3.13569,visitors_g1,Scenario_2
52.0,15059,-8.11647,-1.22246,0.47814,-0.4765,0.03961,3.05865,visitors_g1,Scenario_2
52.4,15059,-8.16354,-1.21263,0.12022,-0.11769,0.02456,2.93584,visitors_g1,Scenario_2
52.8,15059,-8.13395,-1.21437,0.0741,0.07397,-0.00435,-0.05869,visitors_g1,Scenario_2
53.2,15059,-8.1184,-1.22467,0.04663,0.03888,-0.02575,-0.58486,visitors_g1,Scenario_2
53.6,15059,-8.13958,-1.2431,0.07019,-0.05295,-0.04607,-2.42552,visitors_g1,Scenario_2
54.0,15059,-8.1195,-1.26717,0.07836,0.05019,-0.06017,-0.87557,visitors_g1,Scenario_2
54.4,15059,-8.08211,-1.28841,0.1075,0.09346,-0.0531,-0.51669,visitors_g1,Scenario_2
54.8,15059,-8.03766,-1.25613,0.13736,0.11115,0.08071,0.62807,visitors_g1,Scenario_2
55.2,15059,-7.92244,-1.15437,0.3843,0.28805,0.25439,0.72344,visitors_g1,Scenario_2
55.6,15059,-7.76841,-0.98848,0.56594,0.38508,0.41473,0.82246,visitors_g1,Scenario_2
56.0,15059,-7.53372,-0.82226,0.71896,0.58671,0.41554,0.61625,visitors_g1,Scenario_2
56.4,15059,-7.15621,-0.65989,1.02736,0.94377,0.40591,0.40618,visitors_g1,Scenario_2
56.8,15059,-6.68626,-0.45075,1.28597,1.17488,0.52286,0.41871,visitors_g1,Scenario_2
57.2,15059,-6.18102,-0.26929,1.3421,1.26311,0.45365,0.3448,visitors_g1,Scenario_2
57.6,15059,-5.67793,-0.11341,1.3167,1.25771,0.3897,0.30047,visitors_g1,Scenario_2
58.0,15059,-5.16265,0.02892,1.33646,1.28822,0.35584,0.2695,visitors_g1,Scenario_2
151.2,15248,-5.95417,0.1036,0.0,0.0,0.0,0.0,visitors_g1,Scenario_2
151.6,15248,-6.44914,0.07169,1.23998,-1.23741,-0.07978,-3.07721,visitors_g1,Scenario_2
152.0,15248,-6.96091,0.06211,1.27965,-1.27943,-0.02393,-3.12289,visitors_g1,Scenario_2
152.4,15248,-7.38692,0.13167,1.07913,-1.06502,0.1739,2.97973,visitors_g1,Scenario_2
152.8,15248,-7.93277,0.22015,1.38244,-1.36463,0.22119,2.9809,visitors_g1,Scenario_2
153.2,15248,-8.47208,0.32547,1.37373,-1.34826,0.2633,2.94873,visitors_g1,Scenario_2
153.6,15248,-8.63393,0.42627,0.47669,-0.40464,0.252,2.58459,visitors_g1,Scenario_2
154.0,15248,-8.63735,0.44717,0.05295,-0.00854,0.05225,1.73279,visitors_g1,Scenario_2
154.4,15248,-8.63788,0.42208,0.06275,-0.00132,-0.06273,-1.59183,visitors_g1,Scenario_2
154.8,15248,-8.62645,0.41212,0.0379,0.02858,-0.02489,-0.71666,visitors_g1,Scenario_2
155.2,15248,-8.61893,0.42336,0.03382,0.0188,0.02811,0.98137,visitors_g1,Scenario_2
155.6,15248,-8.62301,0.43507,0.031,-0.01022,0.02927,1.90661,visitors_g1,Scenario_2
156.0,15248,-8.62803,0.43927,0.01636,-0.01255,0.0105,2.44467,visitors_g1,Scenario_2
156.4,15248,-8.62891,0.42639,0.03227,-0.00218,-0.0322,-1.6384,visitors_g1,Scenario_2
156.8,15248,-8.63123,0.4026,0.05977,-0.0058,-0.05949,-1.66807,visitors_g1,Scenario_2
157.2,15248,-8.61368,0.3867,0.05918,0.04386,-0.03973,-0.73607,visitors_g1,Scenario_2
157.6,15248,-8.55892,0.34698,0.16912,0.1369,-0.0993,-0.62752,visitors_g1,Scenario_2
158.0,15248,-8.53967,0.18211,0.415,0.04814,-0.41219,-1.45452,visitors_g1,Scenario_2
158.4,15248,-8.41064,-0.0183,0.59586,0.32256,-0.50101,-0.99878,visitors_g1,Scenario_2
158.8,15248,-8.13133,-0.21559,0.85491,0.69828,-0.49323,-0.61497,visitors_g1,Scenario_2
209.2,15077,-0.02806,2.05156,0.0,0.0,0.0,0.0,visitors_g1,Scenario_2
209.6,15077,-0.58263,2.04525,1.38651,-1.38642,-0.01578,-3.13021,visitors_g1,Scenario_2
210.0,15077,-1.1261,2.06585,1.35966,-1.35868,0.0515,3.10371,visitors_g1,Scenario_2
210.4,15077,-1.71803,2.08172,1.48036,-1.47982,0.03966,3.1148,visitors_g1,Scenario_2
210.8,15077,-2.31086,2.08256,1.48209,-1.48208,0.0021,3.14018,visitors_g1,Scenario_2
211.2,15077,-2.82534,2.04669,1.2893,-1.28618,-0.08966,-3.072,visitors_g1,Scenario_2
211.6,15077,-3.27579,1.94678,1.1535,-1.12613,-0.24979,-2.92332,visitors_g1,Scenario_2
212.0,15077,-3.72657,1.85157,1.15182,-1.12696,-0.23802,-2.93345,visitors_g1,Scenario_2
212.4,15077,-4.1743,1.74777,1.14901,-1.11932,-0.2595,-2.91378,visitors_g1,Scenario_2
212.8,15077,-4.60056,1.63956,1.09945,-1.06564,-0.27054,-2.89297,visitors_g1,Scenario_2
213.2,15077,-5.0201,1.5799,1.05942,-1.04887,-0.14913,-3.00036,visitors_g1,Scenario_2
213.6,15077,-5.42544,1.54023,1.01818,-1.01334,-0.09918,-3.04403,visitors_g1,Scenario_2
214.0,15077,-5.79579,1.53369,0.92602,-0.92587,-0.01635,-3.12394,visitors_g1,Scenario_2
214.4,15077,-6.09419,1.5682,0.75099,-0.74602,0.08626,3.02648,visitors_g1,Scenario_2
214.8,15077,-6.34365,1.56558,0.62367,-0.62363,-0.00655,-3.13109,visitors_g1,Scenario_2
215.2,15077,-6.56082,1.58719,0.54561,-0.54293,0.05404,3.04239,visitors_g1,Scenario_2
215.6,15077,-6.68858,1.69007,0.41008,-0.3194,0.25719,2.46367,visitors_g1,Scenario_2
216.0,15077,-6.7317,1.7785,0.24597,-0.1078,0.22109,2.02448,visitors_g1,Scenario_2
216.4,15077,-6.74866,1.80662,0.08209,-0.04239,0.0703,2.11338,visitors_g1,Scenario_2
216.8,15077,-6.73832,1.79247,0.04381,0.02583,-0.03539,-0.94036,visitors_g1,Scenario_2
117.6,15272,5.46288,-0.01187,0.0,0.0,0.0,0.0,visitors_g1,Scenario_2
118.0,15272,4.92329,-0.18443,1.41628,-1.34898,-0.4314,-2.83207,visitors_g1,Scenario_2
118.4,15272,4.3381,-0.34587,1.51763,-1.46298,-0.4036,-2.87241,visitors_g1,Scenario_2
118.8,15272,3.75946,-0.50909,1.50305,-1.4466,-0.40805,-2.86666,visitors_g1,Scenario_2
119.2,15272,3.20252,-0.6235,1.42143,-1.39235,-0.28602,-2.93899,visitors_g1,Scenario_2
119.6,15272,2.70136,-0.69143,1.26437,-1.25291,-0.16984,-3.00686,visitors_g1,Scenario_2
120.0,15272,2.21412,-0.77304,1.23506,-1.21809,-0.20401,-2.97565,visitors_g1,Scenario_2
120.4,15272,1.69418,-0.83173,1.3081,-1.29984,-0.14673,-3.02918,visitors_g1,Scenario_2
120.8,15272,1.17085,-0.88043,1.31397,-1.30832,-0.12175,-3.0488,visitors_g1,Scenario_2
121.2,15272,0.65233,-0.95969,1.31137,-1.29632,-0.19816,-2.9899,visitors_g1,Scenario_2
121.6,15272,0.14202,-1.04547,1.29367,-1.27577,-0.21446,-2.97505,visitors_g1,Scenario_2
122.0,15272,-0.36719,-1.16151,1.30566,-1.27303,-0.29009,-2.91754,visitors_g1,Scenario_2
122.4,15272,-0.88167,-1.28283,1.32148,-1.2862,-0.3033,-2.91001,visitors_g1,Scenario_2
122.8,15272,-1.38048,-1.40776,1.28554,-1.24703,-0.31232,-2.89619,visitors_g1,Scenario_2
123.2,15272,-1.87303,-1.56546,1.29293,-1.23135,-0.39425,-2.83173,visitors_g1,Scenario_2
123.6,15272,-2.36673,-1.71608,1.29043,-1.23427,-0.37656,-2.84548,visitors_g1,Scenario_2
124.0,15272,-2.85376,-1.8608,1.27018,-1.21756,-0.3618,-2.85275,visitors_g1,Scenario_2
124.4,15272,-3.35127,-2.00624,1.29583,-1.24377,-0.3636,-2.85718,visitors_g1,Scenario_2
124.8,15272,-3.83202,-2.10372,1.22634,-1.20188,-0.2437,-2.94154,visitors_g1,Scenario_2
125.2,15272,-4.29042,-2.16719,1.15694,-1.146,-0.15868,-3.004,visitors_g1,Scenario_2
142.8,15247,-0.20527,2.59706,0.0,0.0,0.0,0.0,visitors_g1,Scenario_2
143.2,15247,-0.2404,2.62281,0.10889,-0.08783,0.06436,2.50922,visitors_g1,Scenario_2
143.6,15247,-0.41628,2.69869,0.47886,-0.43969,0.1897,2.73427,visitors_g1,Scenario_2
144.0,15247,-0.53088,2.83747,0.44996,-0.28651,0.34696,2.26107,visitors_g1,Scenario_2
144.4,15247,-0.45924,2.93176,0.29606,0.17911,0.23573,0.92103,visitors_g1,Scenario_2
144.8,15247,-0.43174,2.93804,0.07051,0.06874,0.01569,0.22447,visitors_g1,Scenario_2
145.2,15247,-0.44576,2.88553,0.13586,-0.03504,-0.13126,-1.83169,visitors_g1,Scenario_2
145.6,15247,-0.38379,2.76798,0.33222,0.15492,-0.29389,-1.08568,visitors_g1,Scenario_2
146.0,15247,-0.33993,2.59552,0.44488,0.10964,-0.43115,-1.32177,visitors_g1,Scenario_2
146.4,15247,-0.47614,2.4028,0.58998,-0.34052,-0.48179,-2.18606,visitors_g1,Scenario_2
146.8,15247,-0.81658,2.23554,0.94827,-0.85109,-0.41815,-2.68492,visitors_g1,Scenario_2
147.2,15247,-1.24519,2.05321,1.16445,-1.07153,-0.45581,-2.73939,visitors_g1,Scenario_2
147.6,15247,-1.69265,1.85528,1.2232,-1.11864,-0.49483,-2.72512,visitors_g1,Scenario_2
148.0,15247,-2.1856,1.67161,1.31513,-1.23237,-0.45918,-2.78492,visitors_g1,Scenario_2
148.4,15247,-2.66074,1.4251,1.33821,-1.18786,-0.61627,-2.66301,visitors_g1,Scenario_2
148.8,15247,-3.1412,1.18445,1.34339,-1.20115,-0.60162,-2.67725,visitors_g1,Scenario_2
149.2,15247,-3.63149,0.99109,1.31761,-1.22573,-0.48341,-2.76594,visitors_g1,Scenario_2
149.6,15247,-4.06449,0.72492,1.27065,-1.08248,-0.66542,-2.59042,visitors_g1,Scenario_2
150.0,15247,-4.50067,0.46566,1.26854,-1.09046,-0.64815,-2.60531,visitors_g1,Scenario_2
150.4,15247,-4.97946,0.2882,1.27655,-1.19698,-0.44366,-2.78664,visitors_g1,Scenario_2
109.2,15271,8.68501,0.01637,0.0,0.0,0.0,0.0,visitors_g1,Scenario_2
109.6,15271,8.72991,0.04845,0.13795,0.11225,0.08019,0.62032,visitors_g1,Scenario_2
110.0,15271,8.77181,0.06245,0.11044,0.10474,0.035,0.32247,visitors_g1,Scenario_2
110.4,15271,8.76206,0.03687,0.06844,-0.02438,-0.06394,-1.93512,visitors_g1,Scenario_2
110.8,15271,8.74991,0.01216,0.06882,-0.03036,-0.06177,-2.02763,visitors_g1,Scenario_2
111.2,15271,8.76976,0.00627,0.05175,0.04961,-0.01473,-0.2887,visitors_g1,Scenario_2
111.6,15271,8.78792,0.00404,0.04573,0.04539,-0.00557,-0.12215,visitors_g1,Scenario_2
112.0,15271,8.79353,0.00472,0.01414,0.01404,0.0017,0.12059,visitors_g1,Scenario_2
112.4,15271,8.79698,0.00816,0.01218,0.00863,0.0086,0.78395,visitors_g1,Scenario_2
112.8,15271,8.8107,0.03129,0.06723,0.03429,0.05783,1.03554,visitors_g1,Scenario_2
113.2,15271,8.85648,0.06008,0.13521,0.11446,0.07198,0.56136,visitors_g1,Scenario_2
113.6,15271,8.89559,0.06849,0.10001,0.09778,0.02102,0.21179,visitors_g1,Scenario_2
114.0,15271,8.88624,0.08114,0.03933,-0.02337,0.03163,2.20722,visitors_g1,Scenario_2
114.4,15271,8.77385,0.11658,0.29461,-0.28097,0.0886,2.83614,visitors_g1,Scenario_2
114.8,15271,8.51551,0.19163,0.67255,-0.64585,0.18762,2.85887,visitors_g1,Scenario_2
115.2,15271,8.13307,0.24633,0.96583,-0.9561,0.13675,2.99953,visitors_g1,Scenario_2
115.6,15271,7.67784,0.26453,1.13901,-1.1381,0.04551,3.10163,visitors_g1,Scenario_2
116.0,15271,7.21505,0.29187,1.15898,-1.15696,0.06833,3.0826,visitors_g1,Scenario_2
116.4,15271,6.78419,0.28344,1.07735,-1.07714,-0.02105,-3.12205,visitors_g1,Scenario_2
116.8,15271,6.36995,0.22748,1.04502,-1.03562,-0.13991,-3.00731,visitors_g1,Scenario_2
8.4,15203,-1.54667,1.42753,0.0,0.0,0.0,0.0,visitors_g1,Scenario_2
8.8,15203,-1.10777,1.31712,1.13145,1.09726,-0.27602,-0.24644,visitors_g1,Scenario_2
9.2,15203,-0.48577,1.21858,1.57438,1.55499,-0.24633,-0.15711,visitors_g1,Scenario_2
9.6,15203,0.14901,1.0747,1.62721,1.58695,-0.3597,-0.2229,visitors_g1,Scenario_2
10.0,15203,0.78446,0.86071,1.67628,1.58861,-0.535,-0.32484,visitors_g1,Scenario_2
10.4,15203,1.46623,0.68086,1.76273,1.70443,-0.44962,-0.25792,visitors_g1,Scenario_2
10.8,15203,2.10793,0.51685,1.65584,1.60427,-0.41002,-0.25022,visitors_g1,Scenario_2
11.2,15203,2.74853,0.43687,1.61393,1.6015,-0.19995,-0.12421,visitors_g1,Scenario_2
11.6,15203,3.37185,0.41031,1.55971,1.5583,-0.06641,-0.04259,visitors_g1,Scenario_2
12.0,15203,3.96273,0.34753,1.48552,1.4772,-0.15694,-0.10585,visitors_g1,Scenario_2
12.4,15203,4.57758,0.33534,1.53743,1.53712,-0.03047,-0.01982,visitors_g1,Scenario_2
12.8,15203,5.17915,0.31534,1.50476,1.50393,-0.05,-0.03323,visitors_g1,Scenario_2
13.2,15203,5.76039,0.26618,1.45829,1.4531,-0.12292,-0.08439,visitors_g1,Scenario_2
13.6,15203,6.35398,0.25717,1.48414,1.48397,-0.02251,-0.01516,visitors_g1,Scenario_2
14.0,15203,6.91742,0.20806,1.41393,1.40859,-0.12277,-0.08694,visitors_g1,Scenario_2
14.4,15203,7.44754,0.1437,1.33504,1.3253,-0.16092,-0.12083,visitors_g1,Scenario_2
14.8,15203,7.93978,0.09784,1.23594,1.23061,-0.11464,-0.09289,visitors_g1,Scenario_2
15.2,15203,8.34619,-0.02199,1.05926,1.01602,-0.29957,-0.28673,visitors_g1,Scenario_2
15.6,15203,8.66091,-0.16079,0.85992,0.7868,-0.347,-0.41537,visitors_g1,Scenario_2
16.0,15203,8.8644,-0.225,0.53344,0.50871,-0.16052,-0.30565,visitors_g1,Scenario_2
182.4,15168,-0.14045,3.40341,0.0,0.0,0.0,0.0,visitors_g1,Scenario_2
182.8,15168,-0.15254,3.39657,0.03473,-0.03022,-0.01712,-2.62627,visitors_g1,Scenario_2
183.2,15168,-0.14084,3.39818,0.02953,0.02925,0.00405,0.13756,visitors_g1,Scenario_2
183.6,15168,-0.13594,3.3824,0.04133,0.01226,-0.03947,-1.26969,visitors_g1,Scenario_2
184.0,15168,-0.14016,3.35847,0.06074,-0.01056,-0.05982,-1.74553,visitors_g1,Scenario_2
184.4,15168,-0.14288,3.35454,0.01195,-0.00679,-0.00983,-2.1751,visitors_g1,Scenario_2
184.8,15168,-0.14282,3.36522,0.02672,0.00016,0.02672,1.5649,visitors_g1,Scenario_2
185.2,15168,-0.13659,3.37693,0.03314,0.01557,0.02926,1.08169,visitors_g1,Scenario_2
185.6,15168,-0.13106,3.38753,0.0299,0.01381,0.02652,1.0906,visitors_g1,Scenario_2
186.0,15168,-0.12918,3.39039,0.00854,0.0047,0.00714,0.98839,visitors_g1,Scenario_2
186.4,15168,-0.13621,3.37807,0.03545,-0.01757,-0.03079,-2.08941,visitors_g1,Scenario_2
186.8,15168,-0.14506,3.36496,0.03954,-0.0221,-0.03278,-2.16411,visitors_g1,Scenario_2
187.2,15168,-0.1425,3.3516,0.03402,0.00639,-0.03341,-1.38198,visitors_g1,Scenario_2
187.6,15168,-0.14034,3.33761,0.03539,0.00541,-0.03497,-1.41733,visitors_g1,Scenario_2
188.0,15168,-0.17427,3.31985,0.09573,-0.08482,-0.04439,-2.65949,visitors_g1,Scenario_2
188.4,15168,-0.31733,3.30052,0.36092,-0.35767,-0.04834,-3.00725,visitors_g1,Scenario_2
188.8,15168,-0.45014,3.30265,0.33206,-0.33201,0.00533,3.12553,visitors_g1,Scenario_2
189.2,15168,-0.46329,3.21136,0.23058,-0.03289,-0.22822,-1.71391,visitors_g1,Scenario_2
189.6,15168,-0.42359,2.986,0.57207,0.09925,-0.56339,-1.39641,visitors_g1,Scenario_2
190.0,15168,-0.28409,2.77902,0.62402,0.34876,-0.51746,-0.97774,visitors_g1,Scenario_2
214.0,15126,7.27915,1.704,0.0,0.0,0.0,0.0,visitors_g1,Scenario_2
214.4,15126,7.17748,1.74488,0.27394,-0.25416,0.1022,2.75926,visitors_g1,Scenario_2
214.8,15126,6.85458,1.78362,0.81304,-0.80725,0.09686,3.02218,visitors_g1,Scenario_2
215.2,15126,6.38154,1.77601,1.18276,-1.1826,-0.01904,-3.1255,visitors_g1,Scenario_2
215.6,15126,5.86673,1.83863,1.29651,-1.28703,0.15655,3.02055,visitors_g1,Scenario_2
216.0,15126,5.32094,1.9064,1.37496,-1.36448,0.16943,3.01805,visitors_g1,Scenario_2
216.4,15126,4.75774,1.91777,1.40827,-1.40799,0.02842,3.12141,visitors_g1,Scenario_2
216.8,15126,4.22699,1.99004,1.33914,-1.32689,0.18068,3.00626,visitors_g1,Scenario_2
217.2,15126,3.7192,1.99968,1.26971,-1.26948,0.02411,3.1226,visitors_g1,Scenario_2
217.6,15126,3.19119,1.93156,1.33096,-1.32001,-0.17031,-3.01328,visitors_g1,Scenario_2
218.0,15126,2.66851,1.94901,1.30743,-1.3067,0.04363,3.10822,visitors_g1,Scenario_2
218.4,15126,2.13674,1.93928,1.32964,-1.32942,-0.02432,-3.1233,visitors_g1,Scenario_2
218.8,15126,1.60251,1.90333,1.33861,-1.33559,-0.08987,-3.0744,visitors_g1,Scenario_2
219.2,15126,1.11369,1.99471,1.24322,-1.22205,0.22843,2.9568,visitors_g1,Scenario_2
219.6,15126,0.61606,2.09856,1.27087,-1.24406,0.25964,2.93584,visitors_g1,Scenario_2
220.0,15126,0.1432,2.20539,1.21195,-1.18215,0.26706,2.91941,visitors_g1,Scenario_2
220.4,15126,-0.17642,2.43085,0.97785,-0.79905,0.56366,2.52725,visitors_g1,Scenario_2
220.8,15126,-0.42391,2.67092,0.86198,-0.61871,0.60017,2.3714,visitors_g1,Scenario_2
221.2,15126,-0.58263,2.8566,0.61069,-0.39681,0.46421,2.27808,visitors_g1,Scenario_2
221.6,15126,-0.5742,3.01603,0.39914,0.02108,0.39858,1.51795,visitors_g1,Scenario_2
16.8,15003,-6.90763,2.29546,0.0,0.0,0.0,0.0,visitors_g1,Scenario_2
17.2,15003,-6.66328,2.16531,0.69212,0.61087,-0.32537,-0.48941,visitors_g1,Scenario_2
17.6,15003,-6.4938,1.89848,0.79026,0.4237,-0.66707,-1.00493,visitors_g1,Scenario_2
18.0,15003,-6.4617,1.47476,1.06235,0.08026,-1.05931,-1.49518,visitors_g1,Scenario_2
18.4,15003,-6.36941,1.00363,1.20021,0.23071,-1.17782,-1.37736,visitors_g1,Scenario_2
18.8,15003,-6.26258,0.54416,1.17931,0.26709,-1.14867,-1.34233,visitors_g1,Scenario_2
19.2,15003,-6.20931,0.07653,1.17664,0.13317,-1.16908,-1.45738,visitors_g1,Scenario_2
19.6,15003,-6.07717,-0.36907,1.16195,0.33034,-1.114,-1.28252,visitors_g1,Scenario_2
20.0,15003,-5.93925,-0.79156,1.11107,0.34481,-1.05621,-1.25524,visitors_g1,Scenario_2
20.4,15003,-5.80134,-1.18902,1.05178,0.34478,-0.99367,-1.23682,visitors_g1,Scenario_2
20.8,15003,-5.53584,-1.53424,1.08876,0.66374,-0.86304,-0.9152,visitors_g1,Scenario_2
21.2,15003,-5.217,-1.88616,1.1872,0.79711,-0.8798,-0.83467,visitors_g1,Scenario_2
21.6,15003,-4.85989,-2.1752,1.14855,0.89276,-0.7226,-0.68045,visitors_g1,Scenario_2
22.0,15003,-4.40428,-2.36289,1.23188,1.13902,-0.46923,-0.39077,visitors_g1,Scenario_2
22.4,15003,-3.95986,-2.58277,1.23962,1.11107,-0.5497,-0.45944,visitors_g1,Scenario_2
22.8,15003,-3.51636,-2.71855,1.15953,1.10874,-0.33944,-0.29709,visitors_g1,Scenario_2
23.2,15003,-3.03478,-2.74934,1.20642,1.20396,-0.07699,-0.06386,visitors_g1,Scenario_2
23.6,15003,-2.58888,-2.83766,1.13639,1.11474,-0.2208,-0.19555,visitors_g1,Scenario_2
24.0,15003,-2.18589,-2.90837,1.02286,1.00747,-0.17675,-0.17367,visitors_g1,Scenario_2
24.4,15003,-1.78932,-2.9295,0.99284,0.99143,-0.05282,-0.05323,visitors_g1,Scenario_2
131.6,15042,4.86578,1.94793,0.0,0.0,0.0,0.0,visitors_g1,Scenario_2
132.0,15042,4.34596,2.04199,1.32065,-1.29954,0.23516,2.96257,visitors_g1,Scenario_2
132.4,15042,3.81442,2.159,1.36067,-1.32885,0.29252,2.92492,visitors_g1,Scenario_2
132.8,15042,3.25765,2.25608,1.41293,-1.39193,0.24271,2.96896,visitors_g1,Scenario_2
133.2,15042,2.69517,2.35321,1.427,-1.40619,0.24282,2.9706,visitors_g1,Scenario_2
133.6,15042,2.13326,2.45631,1.42823,-1.40478,0.25773,2.96014,visitors_g1,Scenario_2
134.0,15042,1.58418,2.5,1.37703,-1.37269,0.10922,3.06219,visitors_g1,Scenario_2
134.4,15042,1.03959,2.50256,1.3615,-1.36148,0.0064,3.1369,visitors_g1,Scenario_2
134.8,15042,0.49511,2.44905,1.36775,-1.3612,-0.13376,-3.04364,visitors_g1,Scenario_2
135.2,15042,-0.04936,2.36491,1.37732,-1.36117,-0.21035,-2.98827,visitors_g1,Scenario_2
135.6,15042,-0.62606,2.28851,1.45436,-1.44176,-0.191,-3.00988,visitors_g1,Scenario_2
136.0,15042,-1.19504,2.1674,1.45431,-1.42244,-0.30277,-2.93187,visitors_g1,Scenario_2
136.4,15042,-1.7341,2.04615,1.38132,-1.34765,-0.30313,-2.92034,visitors_g1,Scenario_2
136.8,15042,-2.2689,1.91416,1.37712,-1.337,-0.32997,-2.89963,visitors_g1,Scenario_2
137.2,15042,-2.76484,1.74587,1.30929,-1.23985,-0.42073,-2.81444,visitors_g1,Scenario_2
137.6,15042,-3.23497,1.60424,1.2275,-1.17533,-0.35406,-2.849,visitors_g1,Scenario_2
138.0,15042,-3.72287,1.44289,1.28473,-1.21976,-0.40339,-2.8222,visitors_g1,Scenario_2
138.4,15042,-4.23543,1.25534,1.36447,-1.28138,-0.46886,-2.79082,visitors_g1,Scenario_2
138.8,15042,-4.76911,1.08444,1.40094,-1.3342,-0.42725,-2.83168,visitors_g1,Scenario_2
139.2,15042,-5.29367,0.88327,1.40454,-1.3114,-0.50294,-2.77538,visitors_g1,Scenario_2
165.2,15046,6.71344,0.46596,0.0,0.0,0.0,0.0,visitors_g1,Scenario_2
165.6,15046,6.24662,0.40109,1.17828,-1.16706,-0.16219,-3.00351,visitors_g1,Scenario_2
166.0,15046,5.77375,0.37802,1.18359,-1.18218,-0.05767,-3.09285,visitors_g1,Scenario_2
166.4,15046,5.26029,0.33195,1.28881,-1.28365,-0.11518,-3.0521,visitors_g1,Scenario_2
166.8,15046,4.68511,0.25316,1.45136,-1.43793,-0.19696,-3.00546,visitors_g1,Scenario_2
167.2,15046,4.10324,0.2319,1.45566,-1.45469,-0.05315,-3.10507,visitors_g1,Scenario_2
167.6,15046,3.54202,0.19464,1.40614,-1.40305,-0.09317,-3.07529,visitors_g1,Scenario_2
168.0,15046,3.00902,0.12714,1.34313,-1.33249,-0.16874,-3.01563,visitors_g1,Scenario_2
168.4,15046,2.46649,0.0768,1.36216,-1.35633,-0.12586,-3.04906,visitors_g1,Scenario_2
168.8,15046,1.90572,0.00635,1.41295,-1.40193,-0.17612,-3.01662,visitors_g1,Scenario_2
169.2,15046,1.35968,-0.06553,1.37687,-1.36509,-0.17969,-3.01071,visitors_g1,Scenario_2
169.6,15046,0.79901,-0.11934,1.40812,-1.40168,-0.13452,-3.04592,visitors_g1,Scenario_2
170.0,15046,0.23269,-0.16777,1.42096,-1.41579,-0.12109,-3.05627,visitors_g1,Scenario_2
170.4,15046,-0.30417,-0.17508,1.34226,-1.34214,-0.01826,-3.12799,visitors_g1,Scenario_2
170.8,15046,-0.8138,-0.16444,1.27437,-1.27409,0.02659,3.12072,visitors_g1,Scenario_2
171.2,15046,-1.29705,-0.12567,1.21201,-1.20812,0.09694,3.06153,visitors_g1,Scenario_2
171.6,15046,-1.77142,0.01043,1.23376,-1.18592,0.34025,2.86219,visitors_g1,Scenario_2
172.0,15046,-2.24006,0.18541,1.2506,-1.1716,0.43744,2.78425,visitors_g1,Scenario_2
172.4,15046,-2.71472,0.32171,1.23462,-1.18666,0.34076,2.86196,visitors_g1,Scenario_2
172.8,15046,-3.22553,0.45039,1.31691,-1.27701,0.32169,2.89482,visitors_g1,Scenario_2
0.0,15230,8.31128,0.51576,0.0,0.0,0.0,0.0,visitors_g1,Scenario_2
0.4,15230,8.30248,0.414,0.25535,-0.022,-0.2544,-1.65704,visitors_g1,Scenario_2
0.8,15230,8.34786,0.21406,0.51255,0.11344,-0.49984,-1.34762,visitors_g1,Scenario_2
1.2,15230,8.37916,0.1094,0.2731,0.07825,-0.26164,-1.28018,visitors_g1,Scenario_2
1.6,15230,8.33587,0.08688,0.12199,-0.10822,-0.05631,-2.66176,visitors_g1,Scenario_2
2.0,15230,8.34133,0.07433,0.03422,0.01366,-0.03137,-1.16016,visitors_g1,Scenario_2
2.4,15230,8.40536,0.09654,0.16942,0.16007,0.05553,0.33394,visitors_g1,Scenario_2
2.8,15230,8.45757,0.10122,0.13104,0.13051,0.0117,0.08944,visitors_g1,Scenario_2
3.2,15230,8.59438,0.14642,0.36022,0.34203,0.11299,0.31907,visitors_g1,Scenario_2
3.6,15230,8.69806,0.24035,0.34976,0.25921,0.23483,0.73609,visitors_g1,Scenario_2
4.0,15230,8.60473,0.39402,0.44947,-0.23332,0.38418,2.11658,visitors_g1,Scenario_2
4.4,15230,8.36213,0.65635,0.89327,-0.6065,0.65581,2.31715,visitors_g1,Scenario_2
4.8,15230,8.07348,0.80202,0.80833,-0.72164,0.36418,2.67423,visitors_g1,Scenario_2
5.2,15230,7.77649,0.7745,0.74565,-0.74247,-0.0688,-3.0492,visitors_g1,Scenario_2
5.6,15230,7.36394,0.77722,1.0314,-1.03138,0.00679,3.13501,visitors_g1,Scenario_2
6.0,15230,6.89804,0.77685,1.16474,-1.16474,-0.00092,-3.14081,visitors_g1,Scenario_2
6.4,15230,6.42283,0.73762,1.19206,-1.18802,-0.09806,-3.05923,visitors_g1,Scenario_2
6.8,15230,5.92848,0.7171,1.23695,-1.23588,-0.05132,-3.10009,visitors_g1,Scenario_2
7.2,15230,5.42986,0.63388,1.26381,-1.24656,-0.20805,-2.97622,visitors_g1,Scenario_2
7.6,15230,4.91487,0.53865,1.30928,-1.28745,-0.23807,-2.95874,visitors_g1,Scenario_2
102.0,15186,8.40912,1.9597,0.0,0.0,0.0,0.0,visitors_g1,Scenario_2
102.4,15186,8.07902,1.85547,0.86542,-0.82527,-0.26056,-2.83577,visitors_g1,Scenario_2
102.8,15186,7.67203,1.72209,1.07073,-1.01748,-0.33347,-2.82488,visitors_g1,Scenario_2
103.2,15186,7.17906,1.59196,1.27463,-1.23242,-0.3253,-2.88352,visitors_g1,Scenario_2
103.6,15186,6.68477,1.43256,1.29839,-1.23572,-0.39852,-2.82962,visitors_g1,Scenario_2
104.0,15186,6.21745,1.24547,1.25844,-1.16829,-0.46772,-2.76079,visitors_g1,Scenario_2
104.4,15186,5.72107,1.07794,1.30972,-1.24094,-0.41883,-2.81609,visitors_g1,Scenario_2
104.8,15186,5.22866,0.86581,1.34041,-1.23104,-0.53033,-2.73482,visitors_g1,Scenario_2
105.2,15186,4.76882,0.64562,1.2746,-1.1496,-0.55046,-2.69503,visitors_g1,Scenario_2
105.6,15186,4.28526,0.45947,1.29539,-1.2089,-0.46539,-2.77411,visitors_g1,Scenario_2
106.0,15186,3.79295,0.23643,1.35118,-1.23076,-0.55759,-2.71621,visitors_g1,Scenario_2
106.4,15186,3.27646,0.0285,1.39195,-1.29124,-0.51982,-2.75887,visitors_g1,Scenario_2
106.8,15186,2.7386,-0.18219,1.44412,-1.34464,-0.52673,-2.76824,visitors_g1,Scenario_2
107.2,15186,2.23808,-0.44855,1.41747,-1.25131,-0.66592,-2.65254,visitors_g1,Scenario_2
107.6,15186,1.73026,-0.6866,1.40211,-1.26956,-0.59511,-2.70326,visitors_g1,Scenario_2
108.0,15186,1.22051,-0.94376,1.42735,-1.27436,-0.64291,-2.67436,visitors_g1,Scenario_2
108.4,15186,0.73022,-1.2138,1.39935,-1.22573,-0.67511,-2.63815,visitors_g1,Scenario_2
108.8,15186,0.23459,-1.47321,1.39853,-1.23907,-0.64853,-2.6594,visitors_g1,Scenario_2
109.2,15186,-0.21342,-1.80046,1.387,-1.12002,-0.81812,-2.51072,visitors_g1,Scenario_2
109.6,15186,-0.63694,-2.15535,1.38139,-1.0588,-0.88723,-2.44413,visitors_g1,Scenario_2
181.2,15124,-5.90398,-1.68227,0.0,0.0,0.0,0.0,visitors_g1,Scenario_2
181.6,15124,-5.68744,-1.19111,1.34195,0.54136,1.22791,1.15555,visitors_g1,Scenario_2
182.0,15124,-5.35117,-0.78046,1.3269,0.84067,1.02661,0.88465,visitors_g1,Scenario_2
182.4,15124,-4.99698,-0.39096,1.31616,0.88548,0.97376,0.83285,visitors_g1,Scenario_2
182.8,15124,-4.65019,-0.05398,1.20887,0.86697,0.84244,0.77105,visitors_g1,Scenario_2
183.2,15124,-4.19138,0.10942,1.21758,1.14701,0.40849,0.34213,visitors_g1,Scenario_2
183.6,15124,-3.72363,0.30523,1.26771,1.16938,0.48954,0.39646,visitors_g1,Scenario_2
184.0,15124,-3.30164,0.54776,1.2168,1.05498,0.60631,0.52162,visitors_g1,Scenario_2
184.4,15124,-2.85277,0.68427,1.17291,1.12216,0.34128,0.29524,visitors_g1,Scenario_2
184.8,15124,-2.43922,0.8869,1.15131,1.03388,0.50657,0.45559,visitors_g1,Scenario_2
185.2,15124,-2.03728,1.14612,1.19569,1.00484,0.64805,0.5728,visitors_g1,Scenario_2
185.6,15124,-1.57495,1.29351,1.21313,1.15582,0.36848,0.30862,visitors_g1,Scenario_2
186.0,15124,-1.17133,1.48165,1.1133,1.00906,0.47036,0.43619,visitors_g1,Scenario_2
186.4,15124,-0.86457,1.75278,1.0235,0.76689,0.67781,0.72382,visitors_g1,Scenario_2
186.8,15124,-0.55498,1.97596,0.95413,0.77398,0.55796,0.62461,visitors_g1,Scenario_2
187.2,15124,-0.3309,2.19137,0.77706,0.56019,0.53852,0.76567,visitors_g1,Scenario_2
187.6,15124,-0.27085,2.47567,0.72644,0.15013,0.71075,1.36263,visitors_g1,Scenario_2
188.0,15124,-0.26232,2.75988,0.71085,0.02132,0.71053,1.5408,visitors_g1,Scenario_2
188.4,15124,-0.21856,2.93582,0.45324,0.10942,0.43984,1.32698,visitors_g1,Scenario_2
188.8,15124,-0.16188,2.97183,0.16787,0.14169,0.09002,0.56599,visitors_g1,Scenario_2
206.8,15025,4.20515,2.36648,0.0,0.0,0.0,0.0,visitors_g1,Scenario_2
207.2,15025,3.66452,2.32145,1.35626,-1.35158,-0.11258,-3.05849,visitors_g1,Scenario_2
207.6,15025,3.13979,2.38072,1.32016,-1.31181,0.14817,3.02912,visitors_g1,Scenario_2
208.0,15025,2.58501,2.35176,1.38884,-1.38695,-0.0724,-3.08944,visitors_g1,Scenario_2
208.4,15025,2.02235,2.36994,1.40739,-1.40666,0.04545,3.10929,visitors_g1,Scenario_2
208.8,15025,1.45872,2.46768,1.43011,-1.40907,0.24436,2.96988,visitors_g1,Scenario_2
209.2,15025,0.86625,2.47382,1.48125,-1.48117,0.01535,3.13123,visitors_g1,Scenario_2
209.6,15025,0.30259,2.50318,1.41107,-1.40916,0.07341,3.08955,visitors_g1,Scenario_2
210.0,15025,-0.24207,2.5351,1.36398,-1.36164,0.07979,3.08306,visitors_g1,Scenario_2
210.4,15025,-0.8154,2.44478,1.45101,-1.43334,-0.22579,-2.98535,visitors_g1,Scenario_2
210.8,15025,-1.38618,2.43861,1.42701,-1.42693,-0.01542,-3.13078,visitors_g1,Scenario_2
211.2,15025,-1.92753,2.4673,1.3553,-1.3534,0.07171,3.08865,visitors_g1,Scenario_2
211.6,15025,-2.46391,2.38776,1.3556,-1.34094,-0.19885,-2.99437,visitors_g1,Scenario_2
212.0,15025,-2.98978,2.38338,1.31473,-1.31468,-0.01094,-3.13327,visitors_g1,Scenario_2
212.4,15025,-3.47779,2.39409,1.22032,-1.22003,0.02677,3.11966,visitors_g1,Scenario_2
212.8,15025,-3.9558,2.30741,1.2145,-1.19501,-0.21671,-2.9622,visitors_g1,Scenario_2
213.2,15025,-4.41923,2.2659,1.16323,-1.15859,-0.10377,-3.05226,visitors_g1,Scenario_2
213.6,15025,-4.84578,2.22694,1.0708,-1.06636,-0.0974,-3.05051,visitors_g1,Scenario_2
214.0,15025,-5.27161,2.08745,1.12026,-1.06459,-0.34873,-2.82504,visitors_g1,Scenario_2
214.4,15025,-5.67653,2.0387,1.01961,-1.0123,-0.12187,-3.02178,visitors_g1,Scenario_2
33.6,15057,7.52493,-0.34622,0.0,0.0,0.0,0.0,visitors_g1,Scenario_2
34.0,15057,7.94847,-0.3404,1.05895,1.05885,0.01455,0.01374,visitors_g1,Scenario_2
34.4,15057,8.29129,-0.3056,0.86145,0.85705,0.08699,0.10115,visitors_g1,Scenario_2
34.8,15057,8.62322,-0.27689,0.83292,0.82982,0.07178,0.08629,visitors_g1,Scenario_2
35.2,15057,8.98077,-0.25101,0.89623,0.89389,0.06471,0.07226,visitors_g1,Scenario_2
35.6,15057,9.19418,-0.24079,0.53413,0.53352,0.02554,0.04784,visitors_g1,Scenario_2
36.0,15057,9.2353,-0.25865,0.11207,0.10279,-0.04466,-0.40982,visitors_g1,Scenario_2
36.4,15057,9.24779,-0.26561,0.03575,0.03124,-0.01738,-0.50767,visitors_g1,Scenario_2
36.8,15057,9.1745,-0.27287,0.18415,-0.18325,-0.01817,-3.04278,visitors_g1,Scenario_2
37.2,15057,9.00081,-0.30695,0.44249,-0.43421,-0.0852,-2.94783,visitors_g1,Scenario_2
37.6,15057,8.81206,-0.34421,0.48098,-0.47188,-0.09314,-2.94671,visitors_g1,Scenario_2
38.0,15057,8.62331,-0.38147,0.48098,-0.47188,-0.09314,-2.94671,visitors_g1,Scenario_2
38.4,15057,8.43456,-0.41872,0.48098,-0.47188,-0.09314,-2.94671,visitors_g1,Scenario_2
38.8,15057,8.16329,-0.38756,0.68263,-0.67817,0.07792,3.0272,visitors_g1,Scenario_2
39.2,15057,7.76364,-0.32083,1.01295,-0.99912,0.16681,2.97616,visitors_g1,Scenario_2
39.6,15057,7.30303,-0.32406,1.15156,-1.15153,-0.00809,-3.13457,visitors_g1,Scenario_2
40.0,15057,6.78622,-0.304,1.29298,-1.29201,0.05017,3.10278,visitors_g1,Scenario_2
40.4,15057,6.25025,-0.27228,1.34227,-1.33993,0.0793,3.08248,visitors_g1,Scenario_2
40.8,15057,5.74072,-0.2864,1.27433,-1.27384,-0.0353,-3.11389,visitors_g1,Scenario_2
41.2,15057,5.21811,-0.27676,1.30673,-1.30651,0.0241,3.12315,visitors_g1,Scenario_2
109.2,15066,-0.15197,-2.61902,0.0,0.0,0.0,0.0,visitors_g1,Scenario_2
109.6,15066,-0.22795,-2.762,0.40479,-0.18996,-0.35745,-2.05927,visitors_g1,Scenario_2
110.0,15066,-0.31103,-2.87252,0.34566,-0.20769,-0.2763,-2.21538,visitors_g1,Scenario_2
110.4,15066,-0.34725,-2.96009,0.23692,-0.09055,-0.21893,-1.96297,visitors_g1,Scenario_2
110.8,15066,-0.35168,-2.99679,0.09243,-0.01107,-0.09176,-1.69084,visitors_g1,Scenario_2
111.2,15066,-0.34316,-2.99091,0.02589,0.0213,0.01472,0.60461,visitors_g1,Scenario_2
111.6,15066,-0.33853,-2.98276,0.02342,0.01156,0.02037,1.05468,visitors_g1,Scenario_2
112.0,15066,-0.34947,-2.97721,0.03066,-0.02734,0.01387,2.67213,visitors_g1,Scenario_2
112.4,15066,-0.35843,-2.95211,0.06662,-0.0224,0.06274,1.91375,visitors_g1,Scenario_2
112.8,15066,-0.30034,-2.91929,0.16682,0.14524,0.08207,0.51432,visitors_g1,Scenario_2
113.2,15066,-0.22404,-2.91016,0.19211,0.19075,0.02283,0.11912,visitors_g1,Scenario_2
113.6,15066,-0.18924,-2.8959,0.09402,0.087,0.03564,0.38878,visitors_g1,Scenario_2
114.0,15066,-0.1549,-2.87236,0.10407,0.08583,0.05884,0.60095,visitors_g1,Scenario_2
114.4,15066,-0.11819,-2.85118,0.10597,0.09178,0.05297,0.52342,visitors_g1,Scenario_2
114.8,15066,-0.08951,-2.82822,0.09183,0.07169,0.05739,0.67508,visitors_g1,Scenario_2
115.2,15066,-0.06618,-2.8175,0.06418,0.05832,0.02679,0.43054,visitors_g1,Scenario_2
115.6,15066,-0.01808,-2.79911,0.12876,0.12027,0.04599,0.36519,visitors_g1,Scenario_2
116.0,15066,0.11421,-2.81665,0.3336,0.33071,-0.04385,-0.13184,visitors_g1,Scenario_2
116.4,15066,0.3036,-2.78053,0.48202,0.47348,0.09029,0.18844,visitors_g1,Scenario_2
116.8,15066,0.55391,-2.59689,0.77613,0.62577,0.45911,0.63297,visitors_g1,Scenario_2
168.0,15278,-0.57563,3.33999,0.0,0.0,0.0,0.0,visitors_g1,Scenario_2
168.4,15278,-0.60063,3.34716,0.06501,-0.06249,0.01792,2.86229,visitors_g1,Scenario_2
168.8,15278,-0.63954,3.37284,0.11655,-0.09728,0.06419,2.55832,visitors_g1,Scenario_2
169.2,15278,-0.63642,3.41761,0.11219,0.00779,0.11192,1.50129,visitors_g1,Scenario_2
169.6,15278,-0.58108,3.4507,0.16121,0.13836,0.08273,0.53891,visitors_g1,Scenario_2
170.0,15278,-0.54527,3.45157,0.08954,0.08951,0.00217,0.02422,visitors_g1,Scenario_2
170.4,15278,-0.61495,3.42531,0.18615,-0.17419,-0.06564,-2.7812,visitors_g1,Scenario_2
170.8,15278,-0.80656,3.35753,0.50811,-0.47902,-0.16944,-2.8016,visitors_g1,Scenario_2
171.2,15278,-1.09301,3.25575,0.76,-0.71613,-0.25447,-2.80017,visitors_g1,Scenario_2
171.6,15278,-1.47041,3.11814,1.00425,-0.94349,-0.34402,-2.79195,visitors_g1,Scenario_2
172.0,15278,-1.90422,2.93442,1.17779,-1.08454,-0.45931,-2.74099,visitors_g1,Scenario_2
172.4,15278,-2.35336,2.73001,1.23365,-1.12284,-0.511,-2.71451,visitors_g1,Scenario_2
172.8,15278,-2.81893,2.50536,1.29236,-1.16393,-0.56165,-2.69201,visitors_g1,Scenario_2
173.2,15278,-3.28801,2.26386,1.31898,-1.1727,-0.60373,-2.66616,visitors_g1,Scenario_2
173.6,15278,-3.72661,1.98263,1.30256,-1.0965,-0.7031,-2.57141,visitors_g1,Scenario_2
174.0,15278,-4.14334,1.67104,1.30084,-1.04183,-0.77896,-2.49958,visitors_g1,Scenario_2
174.4,15278,-4.53593,1.35451,1.26075,-0.98147,-0.79132,-2.46305,visitors_g1,Scenario_2
174.8,15278,-4.8945,1.01421,1.23587,-0.89642,-0.85076,-2.38232,visitors_g1,Scenario_2
175.2,15278,-5.24948,0.6715,1.23353,-0.88744,-0.85677,-2.37378,visitors_g1,Scenario_2
175.6,15278,-5.59037,0.31684,1.22982,-0.85224,-0.88665,-2.33641,visitors_g1,Scenario_2
121.2,15093,-6.63885,-1.47307,0.0,0.0,0.0,0.0,visitors_g1,Scenario_2
121.6,15093,-6.96105,-2.00606,1.55701,-0.8055,-1.33247,-2.11453,visitors_g1,Scenario_2
122.0,15093,-7.25178,-2.55997,1.56393,-0.72683,-1.38478,-2.05414,visitors_g1,Scenario_2
122.4,15093,-7.43872,-2.91816,1.01009,-0.46735,-0.89547,-2.05182,visitors_g1,Scenario_2
122.8,15093,-7.4728,-3.00944,0.2436,-0.0852,-0.22822,-1.92811,visitors_g1,Scenario_2
123.2,15093,-7.47504,-3.01205,0.00859,-0.0056,-0.00651,-2.2808,visitors_g1,Scenario_2
123.6,15093,-7.49959,-3.02813,0.07335,-0.06136,-0.0402,-2.56164,visitors_g1,Scenario_2
124.0,15093,-7.52934,-3.06385,0.11623,-0.07439,-0.0893,-2.26531,visitors_g1,Scenario_2
124.4,15093,-7.55776,-3.07869,0.08015,-0.07105,-0.03709,-2.66047,visitors_g1,Scenario_2
124.8,15093,-7.56186,-3.06156,0.04403,-0.01025,0.04282,1.8057,visitors_g1,Scenario_2
125.2,15093,-7.45483,-2.95834,0.37173,0.26758,0.25804,0.76724,visitors_g1,Scenario_2
125.6,15093,-7.29947,-2.66922,0.82054,0.38838,0.72281,1.07774,visitors_g1,Scenario_2
126.0,15093,-7.17416,-2.24095,1.11557,0.31329,1.07068,1.28614,visitors_g1,Scenario_2
126.4,15093,-6.95874,-1.82616,1.16848,0.53855,1.03697,1.09179,visitors_g1,Scenario_2
126.8,15093,-6.66121,-1.43088,1.23685,0.74383,0.98819,0.92556,visitors_g1,Scenario_2
127.2,15093,-6.34506,-0.96597,1.40555,0.79036,1.16229,0.97362,visitors_g1,Scenario_2
127.6,15093,-6.03241,-0.47901,1.44671,0.78164,1.21738,1.00002,visitors_g1,Scenario_2
128.0,15093,-5.74341,-0.0096,1.3781,0.72249,1.17353,1.01895,visitors_g1,Scenario_2
128.4,15093,-5.3884,0.44252,1.4371,0.88752,1.1303,0.90514,visitors_g1,Scenario_2
128.8,15093,-4.95261,0.86101,1.51049,1.08949,1.04623,0.76515,visitors_g1,Scenario_2
159.6,15249,-7.62339,-0.31533,0.0,0.0,0.0,0.0,visitors_g1,Scenario_2
160.0,15249,-7.22977,-0.28499,0.98699,0.98407,0.07586,0.07693,visitors_g1,Scenario_2
160.4,15249,-6.79369,-0.18584,1.11801,1.09018,0.24788,0.22357,visitors_g1,Scenario_2
160.8,15249,-6.35479,-0.05352,1.14602,1.09724,0.33081,0.29282,visitors_g1,Scenario_2
161.2,15249,-5.88868,0.04531,1.1912,1.1653,0.24707,0.20893,visitors_g1,Scenario_2
161.6,15249,-5.42595,0.21756,1.23435,1.1568,0.43061,0.35635,visitors_g1,Scenario_2
162.0,15249,-4.97912,0.39609,1.20296,1.1171,0.44633,0.38011,visitors_g1,Scenario_2
162.4,15249,-4.49857,0.51558,1.23795,1.20136,0.29873,0.24372,visitors_g1,Scenario_2
162.8,15249,-3.96832,0.67302,1.38281,1.32561,0.3936,0.28863,visitors_g1,Scenario_2
163.2,15249,-3.39513,0.83787,1.49107,1.43298,0.41212,0.28004,visitors_g1,Scenario_2
163.6,15249,-2.84554,1.04021,1.46413,1.37397,0.50585,0.35277,visitors_g1,Scenario_2
164.0,15249,-2.33752,1.28166,1.4062,1.27005,0.60362,0.44367,visitors_g1,Scenario_2
164.4,15249,-1.83212,1.49193,1.3685,1.26351,0.52568,0.39426,visitors_g1,Scenario_2
164.8,15249,-1.37903,1.73205,1.28196,1.13272,0.6003,0.48733,visitors_g1,Scenario_2
165.2,15249,-0.91109,1.98729,1.33255,1.16985,0.63808,0.49933,visitors_g1,Scenario_2
165.6,15249,-0.46889,2.31134,1.37056,1.10549,0.81013,0.63241,visitors_g1,Scenario_2
166.0,15249,-0.15596,2.79598,1.44224,0.78234,1.21161,0.99745,visitors_g1,Scenario_2
166.4,15249,0.06638,3.1945,1.14086,0.55583,0.9963,1.06191,visitors_g1,Scenario_2
166.8,15249,0.17811,3.33511,0.449,0.27933,0.35153,0.89935,visitors_g1,Scenario_2
167.2,15249,0.2057,3.35277,0.08189,0.06898,0.04414,0.56924,visitors_g1,Scenario_2
75.6,15267,6.00278,1.15747,0.0,0.0,0.0,0.0,visitors_g1,Scenario_2
76.0,15267,6.41038,1.41972,1.2117,1.019,0.65563,0.57173,visitors_g1,Scenario_2
76.4,15267,6.80748,1.65969,1.15994,0.99275,0.59991,0.54357,visitors_g1,Scenario_2
76.8,15267,7.16943,1.85129,1.02382,0.90487,0.47899,0.48685,visitors_g1,Scenario_2
77.2,15267,7.49006,1.97685,0.86086,0.80158,0.31391,0.37325,visitors_g1,Scenario_2
77.6,15267,7.7668,2.08289,0.7409,0.69185,0.26509,0.3659,visitors_g1,Scenario_2
78.0,15267,7.99216,2.1807,0.61419,0.56341,0.24454,0.40949,visitors_g1,Scenario_2
78.4,15267,8.14099,2.22995,0.39191,0.37207,0.12311,0.31954,visitors_g1,Scenario_2
78.8,15267,8.20698,2.23982,0.1668,0.16497,0.02469,0.14856,visitors_g1,Scenario_2
79.2,15267,8.22665,2.23351,0.05164,0.04917,-0.01577,-0.31036,visitors_g1,Scenario_2
79.6,15267,8.21533,2.23769,0.03015,-0.02828,0.01043,2.7882,visitors_g1,Scenario_2
80.0,15267,8.20603,2.24932,0.03725,-0.02327,0.02909,2.24544,visitors_g1,Scenario_2
80.4,15267,8.21468,2.25707,0.02904,0.02164,0.01936,0.73,visitors_g1,Scenario_2
80.8,15267,8.22166,2.26237,0.0219,0.01745,0.01324,0.64939,visitors_g1,Scenario_2
81.2,15267,8.21244,2.26869,0.02795,-0.02304,0.01582,2.53988,visitors_g1,Scenario_2
81.6,15267,8.17663,2.34264,0.20541,-0.08953,0.18487,2.02181,visitors_g1,Scenario_2
82.0,15267,8.13811,2.45123,0.28806,-0.09632,0.27148,1.91172,visitors_g1,Scenario_2
82.4,15267,8.03214,2.50839,0.301,-0.26492,0.14289,2.64694,visitors_g1,Scenario_2
82.8,15267,7.83038,2.50546,0.50445,-0.5044,-0.00732,-3.12709,visitors_g1,Scenario_2
83.2,15267,7.60136,2.39693,0.63359,-0.57255,-0.27133,-2.69904,visitors_g1,Scenario_2
190.8,15169,0.22468,2.3235,0.0,0.0,0.0,0.0,visitors_g1,Scenario_2
191.2,15169,0.57059,2.08981,1.04363,0.86476,-0.58425,-0.59417,visitors_g1,Scenario_2
191.6,15169,1.00489,2.00396,1.10677,1.08576,-0.2146,-0.19514,visitors_g1,Scenario_2
192.0,15169,1.48835,1.97474,1.21086,1.20865,-0.07305,-0.06037,visitors_g1,Scenario_2
192.4,15169,2.00353,2.03347,1.29629,1.28795,0.14681,0.1135,visitors_g1,Scenario_2
192.8,15169,2.53825,2.10868,1.34995,1.33679,0.18804,0.13975,visitors_g1,Scenario_2
193.2,15169,3.04909,2.1152,1.2772,1.2771,0.01628,0.01275,visitors_g1,Scenario_2
193.6,15169,3.50886,2.11511,1.14943,1.14943,-0.00022,-0.00019,visitors_g1,Scenario_2
194.0,15169,3.96847,2.05508,1.15877,1.14901,-0.15006,-0.12987,visitors_g1,Scenario_2
194.4,15169,4.44905,1.9529,1.22832,1.20147,-0.25545,-0.2095,visitors_g1,Scenario_2
194.8,15169,4.92746,1.84775,1.22457,1.19602,-0.26288,-0.21636,visitors_g1,Scenario_2
195.2,15169,5.40071,1.69774,1.24113,1.18312,-0.37502,-0.30696,visitors_g1,Scenario_2
195.6,15169,5.87415,1.58861,1.21466,1.18362,-0.27282,-0.22654,visitors_g1,Scenario_2
196.0,15169,6.32958,1.54689,1.14334,1.13857,-0.1043,-0.09135,visitors_g1,Scenario_2
196.4,15169,6.75494,1.51945,1.06561,1.0634,-0.06861,-0.06443,visitors_g1,Scenario_2
196.8,15169,7.16115,1.54471,1.01747,1.01551,0.06315,0.06211,visitors_g1,Scenario_2
197.2,15169,7.56331,1.60794,1.01775,1.0054,0.15807,0.15595,visitors_g1,Scenario_2
197.6,15169,7.96547,1.67117,1.01775,1.0054,0.15807,0.15595,visitors_g1,Scenario_2
198.0,15169,8.30765,1.80916,0.9224,0.85546,0.34497,0.38331,visitors_g1,Scenario_2
198.4,15169,8.44876,1.91553,0.44177,0.35276,0.26593,0.64596,visitors_g1,Scenario_2
67.2,15061,7.52427,0.58208,0.0,0.0,0.0,0.0,visitors_g1,Scenario_2
67.6,15061,7.99375,0.52607,1.18203,1.17371,-0.14002,-0.11874,visitors_g1,Scenario_2
68.0,15061,8.40304,0.50905,1.02411,1.02323,-0.04256,-0.04157,visitors_g1,Scenario_2
68.4,15061,8.71651,0.43631,0.80449,0.78367,-0.18184,-0.228,visitors_g1,Scenario_2
68.8,15061,8.95198,0.36235,0.61702,0.58866,-0.1849,-0.30434,visitors_g1,Scenario_2
69.2,15061,9.10893,0.3125,0.4117,0.39239,-0.12462,-0.30751,visitors_g1,Scenario_2
69.6,15061,9.14334,0.29332,0.0985,0.08603,-0.04797,-0.50863,visitors_g1,Scenario_2
70.0,15061,9.14061,0.28489,0.02215,-0.00683,-0.02107,-1.88423,visitors_g1,Scenario_2
70.4,15061,9.14763,0.26271,0.05817,0.01755,-0.05546,-1.26427,visitors_g1,Scenario_2
70.8,15061,9.12423,0.29455,0.0988,-0.0585,0.07961,2.2045,visitors_g1,Scenario_2
71.2,15061,9.08155,0.42716,0.34826,-0.1067,0.33152,1.88218,visitors_g1,Scenario_2
71.6,15061,9.01661,0.53912,0.32357,-0.16235,0.2799,2.09639,visitors_g1,Scenario_2
72.0,15061,8.83719,0.65358,0.53206,-0.44856,0.28616,2.57374,visitors_g1,Scenario_2
72.4,15061,8.52769,0.75938,0.8177,-0.77374,0.26449,2.81221,visitors_g1,Scenario_2
72.8,15061,8.11976,0.76954,1.02016,-1.01984,0.02542,3.11667,visitors_g1,Scenario_2
73.2,15061,7.67855,0.7943,1.10476,-1.10303,0.06189,3.08555,visitors_g1,Scenario_2
73.6,15061,7.23977,0.82093,1.09896,-1.09695,0.06659,3.08096,visitors_g1,Scenario_2
74.0,15061,6.75543,0.77759,1.21568,-1.21084,-0.10837,-3.05233,visitors_g1,Scenario_2
74.4,15061,6.26316,0.71435,1.24079,-1.23068,-0.15808,-3.01384,visitors_g1,Scenario_2
74.8,15061,5.79223,0.6537,1.18704,-1.17732,-0.15164,-3.0135,visitors_g1,Scenario_2
58.8,15035,-3.21247,-0.34168,0.0,0.0,0.0,0.0,visitors_g1,Scenario_2
59.2,15035,-2.70947,-0.53168,1.34423,1.25751,-0.475,-0.36117,visitors_g1,Scenario_2
59.6,15035,-2.20996,-0.70599,1.32262,1.24876,-0.43578,-0.33575,visitors_g1,Scenario_2
60.0,15035,-1.69869,-0.82386,1.3117,1.27817,-0.29466,-0.22657,visitors_g1,Scenario_2
60.4,15035,-1.18726,-0.91579,1.29907,1.27858,-0.22984,-0.17787,visitors_g1,Scenario_2
60.8,15035,-0.65484,-0.97311,1.33873,1.33104,-0.1433,-0.10724,visitors_g1,Scenario_2
61.2,15035,-0.09123,-0.99898,1.41052,1.40903,-0.06467,-0.04587,visitors_g1,Scenario_2
61.6,15035,0.49573,-1.02656,1.46902,1.46741,-0.06894,-0.04695,visitors_g1,Scenario_2
62.0,15035,1.07583,-0.98616,1.45376,1.45025,0.10101,0.06953,visitors_g1,Scenario_2
62.4,15035,1.61921,-0.90064,1.37517,1.35845,0.2138,0.1561,visitors_g1,Scenario_2
62.8,15035,2.13199,-0.82632,1.29533,1.28194,0.18578,0.14392,visitors_g1,Scenario_2
63.2,15035,2.63011,-0.73075,1.26802,1.2453,0.23895,0.18957,visitors_g1,Scenario_2
63.6,15035,3.1354,-0.66082,1.27527,1.26323,0.17481,0.13751,visitors_g1,Scenario_2
64.0,15035,3.64261,-0.61441,1.27331,1.26801,0.11603,0.09125,visitors_g1,Scenario_2
64.4,15035,4.14858,-0.57077,1.26962,1.26492,0.10909,0.08603,visitors_g1,Scenario_2
64.8,15035,4.64492,-0.56275,1.24102,1.24086,0.02007,0.01617,visitors_g1,Scenario_2
65.2,15035,5.14752,-0.55498,1.25666,1.25651,0.01942,0.01546,visitors_g1,Scenario_2
65.6,15035,5.65188,-0.54336,1.26123,1.26089,0.02904,0.02303,visitors_g1,Scenario_2
66.0,15035,6.14218,-0.5567,1.22621,1.22575,-0.03334,-0.02719,visitors_g1,Scenario_2
66.4,15035,6.65044,-0.55704,1.27066,1.27066,-0.00087,-0.00068,visitors_g1,Scenario_2
189.2,15100,-0.23057,3.38007,0.0,0.0,0.0,0.0,visitors_g1,Scenario_2
189.6,15100,-0.21564,3.38992,0.04472,0.03733,0.02463,0.58317,visitors_g1,Scenario_2
190.0,15100,-0.24387,3.32,0.18853,-0.07058,-0.17482,-1.95452,visitors_g1,Scenario_2
190.4,15100,-0.3678,3.16595,0.49428,-0.30983,-0.38512,-2.24828,visitors_g1,Scenario_2
190.8,15100,-0.42705,2.87478,0.74284,-0.14811,-0.72793,-1.77152,visitors_g1,Scenario_2
191.2,15100,-0.27775,2.43499,1.16109,0.37324,-1.09947,-1.24353,visitors_g1,Scenario_2
191.6,15100,0.06676,1.98837,1.41013,0.86128,-1.11654,-0.91375,visitors_g1,Scenario_2
192.0,15100,0.49648,1.54298,1.54723,1.07429,-1.11347,-0.80331,visitors_g1,Scenario_2
192.4,15100,0.9684,1.09919,1.61953,1.1798,-1.10948,-0.75469,visitors_g1,Scenario_2
192.8,15100,1.51945,0.67238,1.74254,1.37763,-1.06703,-0.65902,visitors_g1,Scenario_2
193.2,15100,2.1223,0.28063,1.79739,1.50713,-0.97938,-0.57626,visitors_g1,Scenario_2
193.6,15100,2.77995,0.02875,1.76058,1.64412,-0.62969,-0.36576,visitors_g1,Scenario_2
194.0,15100,3.44506,-0.12872,1.70874,1.66277,-0.39368,-0.23248,visitors_g1,Scenario_2
194.4,15100,4.082,-0.2437,1.61809,1.59235,-0.28745,-0.1786,visitors_g1,Scenario_2
194.8,15100,4.73778,-0.34332,1.65826,1.63945,-0.24904,-0.15075,visitors_g1,Scenario_2
195.2,15100,5.40411,-0.44938,1.68679,1.66582,-0.26516,-0.15785,visitors_g1,Scenario_2
195.6,15100,6.06969,-0.5055,1.66986,1.66396,-0.1403,-0.08412,visitors_g1,Scenario_2
196.0,15100,6.74545,-0.55268,1.69351,1.68939,-0.11793,-0.0697,visitors_g1,Scenario_2
196.4,15100,7.41796,-0.55497,1.68129,1.68128,-0.00574,-0.00341,visitors_g1,Scenario_2
196.8,15100,8.08023,-0.46357,1.67136,1.65567,0.22851,0.13715,visitors_g1,Scenario_2
197.6,15101,9.09099,-0.14846,0.0,0.0,0.0,0.0,visitors_g1,Scenario_2
198.0,15101,9.19723,-0.14855,0.2656,0.2656,-0.00023,-0.00086,visitors_g1,Scenario_2
198.4,15101,9.22879,-0.19794,0.14652,0.07891,-0.12346,-1.00207,visitors_g1,Scenario_2
198.8,15101,9.25685,-0.23056,0.10756,0.07013,-0.08155,-0.86056,visitors_g1,Scenario_2
199.2,15101,9.32767,-0.21918,0.17934,0.17707,0.02845,0.1593,visitors_g1,Scenario_2
199.6,15101,9.37995,-0.17255,0.17512,0.13068,0.11657,0.7284,visitors_g1,Scenario_2
200.0,15101,9.29942,-0.13356,0.22368,-0.20132,0.09748,2.69065,visitors_g1,Scenario_2
200.4,15101,9.06981,-0.11466,0.57596,-0.57401,0.04724,3.05948,visitors_g1,Scenario_2
200.8,15101,8.8159,-0.11207,0.63481,-0.63477,0.00647,3.13139,visitors_g1,Scenario_2
201.2,15101,8.71247,-0.11103,0.25859,-0.25858,0.00261,3.13151,visitors_g1,Scenario_2
201.6,15101,8.73244,-0.05045,0.15946,0.04993,0.15144,1.2523,visitors_g1,Scenario_2
202.0,15101,8.71856,0.06709,0.29589,-0.03471,0.29385,1.68839,visitors_g1,Scenario_2
202.4,15101,8.57522,0.1985,0.48615,-0.35835,0.32853,2.39958,visitors_g1,Scenario_2
202.8,15101,8.41216,0.35075,0.55771,-0.40764,0.38063,2.39045,visitors_g1,Scenario_2
203.2,15101,8.33881,0.59798,0.64471,-0.18338,0.61808,1.85922,visitors_g1,Scenario_2
203.6,15101,8.27925,0.92506,0.83114,-0.14891,0.81769,1.75093,visitors_g1,Scenario_2
204.0,15101,8.28195,1.21296,0.71978,0.00674,0.71975,1.56143,visitors_g1,Scenario_2
204.4,15101,8.40483,1.35769,0.47465,0.30721,0.36182,0.86684,visitors_g1,Scenario_2
204.8,15101,8.54971,1.40195,0.37873,0.36221,0.11065,0.29647,visitors_g1,Scenario_2
205.2,15101,8.54905,1.53841,0.34115,-0.00167,0.34115,1.57568,visitors_g1,Scenario_2
182.0,15048,-7.37196,0.21058,0.0,0.0,0.0,0.0,visitors_g1,Scenario_2
182.4,15048,-6.90833,0.38783,1.2409,1.15908,0.44313,0.36517,visitors_g1,Scenario_2
182.8,15048,-6.40986,0.53001,1.29587,1.24617,0.35544,0.27785,visitors_g1,Scenario_2
183.2,15048,-5.87909,0.68369,1.38142,1.32691,0.38421,0.28185,visitors_g1,Scenario_2
183.6,15048,-5.33709,0.82048,1.3975,1.35501,0.34198,0.24722,visitors_g1,Scenario_2
184.0,15048,-4.79749,0.9591,1.3928,1.349,0.34654,0.25145,visitors_g1,Scenario_2
184.4,15048,-4.26858,1.1199,1.38203,1.32227,0.40201,0.29515,visitors_g1,Scenario_2
184.8,15048,-3.73392,1.25695,1.37987,1.33666,0.3426,0.25091,visitors_g1,Scenario_2
185.2,15048,-3.19579,1.39021,1.38597,1.34533,0.33317,0.24277,visitors_g1,Scenario_2
185.6,15048,-2.67133,1.5321,1.35828,1.31115,0.35471,0.26421,visitors_g1,Scenario_2
186.0,15048,-2.15737,1.66216,1.32539,1.28489,0.32515,0.24785,visitors_g1,Scenario_2
186.4,15048,-1.63875,1.79141,1.33621,1.29656,0.32312,0.24424,visitors_g1,Scenario_2
186.8,15048,-1.10835,1.88639,1.3471,1.326,0.23746,0.1772,visitors_g1,Scenario_2
187.2,15048,-0.56824,1.94493,1.35817,1.35026,0.14635,0.10797,visitors_g1,Scenario_2
187.6,15048,-0.02652,2.00632,1.36297,1.3543,0.15346,0.11284,visitors_g1,Scenario_2
188.0,15048,0.50444,2.03687,1.3296,1.3274,0.07637,0.05747,visitors_g1,Scenario_2
188.4,15048,1.01969,2.0512,1.28861,1.28811,0.03584,0.02781,visitors_g1,Scenario_2
188.8,15048,1.53941,2.09131,1.30318,1.29931,0.10028,0.07703,visitors_g1,Scenario_2
189.2,15048,2.08125,2.11808,1.35626,1.35461,0.06691,0.04935,visitors_g1,Scenario_2
189.6,15048,2.60639,2.14904,1.31512,1.31284,0.07742,0.0589,visitors_g1,Scenario_2
34.0,15084,-0.80831,-3.85521,0.0,0.0,0.0,0.0,visitors_g1,Scenario_2
34.4,15084,-0.85241,-3.72181,0.35125,-0.11025,0.33349,1.89008,visitors_g1,Scenario_2
34.8,15084,-0.99347,-3.54548,0.56452,-0.35265,0.44082,2.24553,visitors_g1,Scenario_2
35.2,15084,-1.22245,-3.42837,0.64298,-0.57245,0.29279,2.66882,visitors_g1,Scenario_2
35.6,15084,-1.52684,-3.22656,0.91302,-0.76096,0.50453,2.55613,visitors_g1,Scenario_2
36.0,15084,-1.70359,-2.801,1.15203,-0.44189,1.06391,1.96446,visitors_g1,Scenario_2
36.4,15084,-1.74884,-2.29206,1.27735,-0.1131,1.27233,1.65946,visitors_g1,Scenario_2
36.8,15084,-1.84719,-1.77681,1.3114,-0.24588,1.28814,1.75941,visitors_g1,Scenario_2
37.2,15084,-1.95339,-1.21895,1.4197,-0.2655,1.39465,1.75892,visitors_g1,Scenario_2
37.6,15084,-2.07808,-0.68222,1.37754,-0.31172,1.34181,1.79906,visitors_g1,Scenario_2
38.0,15084,-2.1786,-0.1235,1.41923,-0.25132,1.3968,1.74882,visitors_g1,Scenario_2
38.4,15084,-2.15437,0.43389,1.39479,0.06058,1.39347,1.52735,visitors_g1,Scenario_2
38.8,15084,-2.08349,0.91606,1.21838,0.17721,1.20542,1.42483,visitors_g1,Scenario_2
39.2,15084,-1.91158,1.33118,1.12326,0.42976,1.0378,1.17819,visitors_g1,Scenario_2
39.6,15084,-1.6555,1.68061,1.08306,0.64022,0.87358,0.93835,visitors_g1,Scenario_2
40.0,15084,-1.45267,2.00087,0.94773,0.50707,0.80066,1.00624,visitors_g1,Scenario_2
40.4,15084,-1.2848,2.26097,0.77393,0.41968,0.65026,0.99766,visitors_g1,Scenario_2
40.8,15084,-1.11524,2.46021,0.65405,0.4239,0.49809,0.86569,visitors_g1,Scenario_2
41.2,15084,-1.00218,2.6526,0.55788,0.28264,0.48099,1.03953,visitors_g1,Scenario_2
41.6,15084,-0.96769,2.85903,0.52323,0.08623,0.51608,1.40524,visitors_g1,Scenario_2
0.0,15150,-0.50605,3.41084,0.0,0.0,0.0,0.0,visitors_g1,Scenario_2
0.4,15150,-0.47924,3.43244,0.08609,0.06704,0.05401,0.67818,visitors_g1,Scenario_2
0.8,15150,-0.45276,3.44345,0.07168,0.06619,0.0275,0.3938,visitors_g1,Scenario_2
1.2,15150,-0.44192,3.43226,0.03895,0.0271,-0.02798,-0.80131,visitors_g1,Scenario_2
1.6,15150,-0.43725,3.42816,0.01554,0.01168,-0.01025,-0.72018,visitors_g1,Scenario_2
2.0,15150,-0.52336,3.39241,0.23308,-0.21527,-0.08936,-2.74813,visitors_g1,Scenario_2
2.4,15150,-0.53891,3.3744,0.05949,-0.03888,-0.04502,-2.28316,visitors_g1,Scenario_2
2.8,15150,-0.45951,3.37071,0.19871,0.19849,-0.00924,-0.0465,visitors_g1,Scenario_2
3.2,15150,-0.44819,3.33312,0.09813,0.02831,-0.09396,-1.27818,visitors_g1,Scenario_2
3.6,15150,-0.46234,3.29103,0.11103,-0.03536,-0.10525,-1.89494,visitors_g1,Scenario_2
4.0,15150,-0.55593,3.24621,0.25943,-0.234,-0.11204,-2.69505,visitors_g1,Scenario_2
4.4,15150,-0.79534,3.17406,0.62511,-0.59852,-0.18038,-2.84887,visitors_g1,Scenario_2
4.8,15150,-1.12129,3.03529,0.88563,-0.81486,-0.3469,-2.73911,visitors_g1,Scenario_2
5.2,15150,-1.48911,2.92298,0.96147,-0.91956,-0.28079,-2.84523,visitors_g1,Scenario_2
5.6,15150,-1.89219,2.79844,1.05471,-1.00771,-0.31134,-2.84194,visitors_g1,Scenario_2
6.0,15150,-2.326,2.57812,1.21637,-1.08452,-0.55079,-2.67167,visitors_g1,Scenario_2
6.4,15150,-2.81156,2.39549,1.29694,-1.21391,-0.45658,-2.78184,visitors_g1,Scenario_2
6.8,15150,-3.31722,2.20648,1.34958,-1.26415,-0.47254,-2.78388,visitors_g1,Scenario_2
7.2,15150,-3.82341,1.9585,1.40917,-1.26547,-0.61995,-2.68606,visitors_g1,Scenario_2
7.6,15150,-4.3428,1.72144,1.42732,-1.29847,-0.59264,-2.71342,visitors_g1,Scenario_2
112.8,15092,5.27081,2.55747,0.0,0.0,0.0,0.0,visitors_g1,Scenario_2
113.2,15092,4.63808,2.41968,1.61891,-1.58183,-0.34447,-2.92717,visitors_g1,Scenario_2
113.6,15092,4.01642,2.31398,1.57644,-1.55414,-0.26426,-2.97317,visitors_g1,Scenario_2
114.0,15092,3.41185,2.21295,1.53239,-1.51144,-0.25256,-2.97602,visitors_g1,Scenario_2
114.4,15092,2.82818,2.08944,1.49149,-1.45918,-0.30879,-2.93305,visitors_g1,Scenario_2
114.8,15092,2.26121,1.99792,1.43577,-1.41742,-0.2288,-2.98156,visitors_g1,Scenario_2
115.2,15092,1.7067,1.84326,1.43916,-1.38626,-0.38663,-2.8696,visitors_g1,Scenario_2
115.6,15092,1.11395,1.68691,1.53257,-1.48189,-0.39088,-2.8837,visitors_g1,Scenario_2
116.0,15092,0.50851,1.63051,1.52015,-1.5136,-0.141,-3.0487,visitors_g1,Scenario_2
116.4,15092,-0.09793,1.59923,1.51811,-1.5161,-0.07821,-3.09005,visitors_g1,Scenario_2
116.8,15092,-0.72709,1.59624,1.57291,-1.57289,-0.00747,-3.13684,visitors_g1,Scenario_2
117.2,15092,-1.30486,1.57304,1.44559,-1.44442,-0.058,-3.10146,visitors_g1,Scenario_2
117.6,15092,-1.87461,1.46677,1.44895,-1.42438,-0.26568,-2.95719,visitors_g1,Scenario_2
118.0,15092,-2.49167,1.30215,1.59659,-1.54264,-0.41154,-2.88089,visitors_g1,Scenario_2
118.4,15092,-3.09916,1.07693,1.61975,-1.51873,-0.56306,-2.78656,visitors_g1,Scenario_2
118.8,15092,-3.70436,0.83003,1.63406,-1.513,-0.61724,-2.75424,visitors_g1,Scenario_2
119.2,15092,-4.27194,0.56925,1.56156,-1.41895,-0.65196,-2.71089,visitors_g1,Scenario_2
119.6,15092,-4.79537,0.24278,1.54225,-1.30858,-0.81618,-2.58392,visitors_g1,Scenario_2
120.0,15092,-5.32628,-0.12613,1.61624,-1.32726,-0.92227,-2.53432,visitors_g1,Scenario_2
120.4,15092,-5.79764,-0.53731,1.56375,-1.17841,-1.02794,-2.42429,visitors_g1,Scenario_2
87.6,15089,-3.98856,2.38831,0.0,0.0,0.0,0.0,visitors_g1,Scenario_2
88.0,15089,-4.58533,2.19245,1.57023,-1.49193,-0.48966,-2.82447,visitors_g1,Scenario_2
88.4,15089,-5.16612,1.90169,1.62376,-1.45196,-0.7269,-2.67744,visitors_g1,Scenario_2
88.8,15089,-5.69314,1.56148,1.56824,-1.31756,-0.85053,-2.56837,visitors_g1,Scenario_2
89.2,15089,-6.1717,1.17755,1.53383,-1.19641,-0.95981,-2.46549,visitors_g1,Scenario_2
89.6,15089,-6.66967,0.81876,1.5344,-1.24491,-0.89699,-2.51722,visitors_g1,Scenario_2
90.0,15089,-7.12146,0.50117,1.38063,-1.12948,-0.79398,-2.52888,visitors_g1,Scenario_2
90.4,15089,-7.61949,0.19448,1.46222,-1.24508,-0.76671,-2.58964,visitors_g1,Scenario_2
90.8,15089,-8.13168,-0.12649,1.51114,-1.28048,-0.80244,-2.58179,visitors_g1,Scenario_2
91.2,15089,-8.45017,-0.5033,1.23344,-0.79622,-0.94203,-2.27251,visitors_g1,Scenario_2
91.6,15089,-8.59384,-0.78834,0.798,-0.35917,-0.7126,-2.03766,visitors_g1,Scenario_2
92.0,15089,-8.61832,-0.84175,0.14687,-0.06121,-0.13351,-2.00065,visitors_g1,Scenario_2
92.4,15089,-8.58273,-0.78827,0.1606,0.08899,0.13369,0.98348,visitors_g1,Scenario_2
92.8,15089,-8.54713,-0.7348,0.1606,0.08899,0.13369,0.98348,visitors_g1,Scenario_2
93.2,15089,-8.51153,-0.68132,0.1606,0.08899,0.13369,0.98348,visitors_g1,Scenario_2
93.6,15089,-8.47594,-0.62785,0.1606,0.08899,0.13369,0.98348,visitors_g1,Scenario_2
94.0,15089,-8.44034,-0.57438,0.1606,0.08899,0.13369,0.98348,visitors_g1,Scenario_2
94.4,15089,-8.40474,-0.5209,0.1606,0.08899,0.13369,0.98348,visitors_g1,Scenario_2
94.8,15089,-8.36915,-0.46743,0.1606,0.08899,0.13369,0.98348,visitors_g1,Scenario_2
95.2,15089,-8.27669,-0.32757,0.41914,0.23114,0.34965,0.98668,visitors_g1,Scenario_2
164.0,15097,7.71319,2.9389,0.0,0.0,0.0,0.0,visitors_g1,Scenario_2
164.4,15097,7.61744,2.92094,0.24356,-0.23939,-0.04489,-2.9562,visitors_g1,Scenario_2
164.8,15097,7.29809,2.80284,0.85122,-0.79837,-0.29526,-2.78737,visitors_g1,Scenario_2
165.2,15097,6.80579,2.70629,1.25419,-1.23075,-0.24136,-2.94794,visitors_g1,Scenario_2
165.6,15097,6.25773,2.67881,1.37187,-1.37015,-0.0687,-3.09149,visitors_g1,Scenario_2
166.0,15097,5.69127,2.57263,1.44081,-1.41614,-0.26545,-2.9563,visitors_g1,Scenario_2
166.4,15097,5.09144,2.42758,1.54281,-1.49958,-0.36262,-2.90433,visitors_g1,Scenario_2
166.8,15097,4.47787,2.24263,1.60209,-1.53392,-0.46238,-2.84882,visitors_g1,Scenario_2
167.2,15097,3.86395,2.04948,1.60897,-1.53481,-0.48286,-2.83679,visitors_g1,Scenario_2
167.6,15097,3.26869,1.86527,1.55779,-1.48815,-0.46055,-2.84147,visitors_g1,Scenario_2
168.0,15097,2.73546,1.62812,1.45896,-1.33307,-0.59287,-2.72312,visitors_g1,Scenario_2
168.4,15097,2.26059,1.35016,1.37559,-1.18717,-0.6949,-2.61202,visitors_g1,Scenario_2
168.8,15097,1.85192,1.01314,1.32428,-1.02169,-0.84254,-2.452,visitors_g1,Scenario_2
169.2,15097,1.40555,0.64018,1.4542,-1.11593,-0.93241,-2.44555,visitors_g1,Scenario_2
169.6,15097,0.84892,0.35461,1.564,-1.39155,-0.71392,-2.66757,visitors_g1,Scenario_2
170.0,15097,0.28479,0.1186,1.5288,-1.41034,-0.59004,-2.74536,visitors_g1,Scenario_2
170.4,15097,-0.29396,-0.10536,1.55141,-1.44685,-0.5599,-2.77236,visitors_g1,Scenario_2
170.8,15097,-0.91259,-0.26625,1.59804,-1.54659,-0.40222,-2.88716,visitors_g1,Scenario_2
171.2,15097,-1.53678,-0.35823,1.57732,-1.56047,-0.22994,-2.99529,visitors_g1,Scenario_2
171.6,15097,-2.16721,-0.30402,1.5819,-1.57608,0.13552,3.05582,visitors_g1,Scenario_2
67.2,15210,-1.46957,-0.70118,0.0,0.0,0.0,0.0,visitors_g1,Scenario_2
67.6,15210,-1.91785,-0.57719,1.16277,-1.12069,0.30996,2.87176,visitors_g1,Scenario_2
68.0,15210,-2.31808,-0.35559,1.14372,-1.00057,0.55402,2.63591,visitors_g1,Scenario_2
68.4,15210,-2.79208,-0.1633,1.2788,-1.185,0.48072,2.75621,visitors_g1,Scenario_2
68.8,15210,-3.26808,-0.05066,1.22286,-1.19,0.2816,2.90923,visitors_g1,Scenario_2
69.2,15210,-3.82746,0.06369,1.42736,-1.39844,0.28588,2.93994,visitors_g1,Scenario_2
69.6,15210,-4.47178,0.11526,1.61595,-1.6108,0.12892,3.06173,visitors_g1,Scenario_2
70.0,15210,-5.00489,0.15475,1.33644,-1.33278,0.09872,3.06766,visitors_g1,Scenario_2
70.4,15210,-5.52412,0.19693,1.30235,-1.29808,0.10544,3.06054,visitors_g1,Scenario_2
70.8,15210,-6.09073,0.10779,1.43394,-1.41652,-0.22284,-2.98555,visitors_g1,Scenario_2
71.2,15210,-6.63584,0.02302,1.37914,-1.36276,-0.21191,-2.98733,visitors_g1,Scenario_2
71.6,15210,-7.16387,-0.00905,1.32251,-1.32008,-0.08018,-3.08093,visitors_g1,Scenario_2
72.0,15210,-7.68259,-0.05016,1.30087,-1.2968,-0.10278,-3.0625,visitors_g1,Scenario_2
72.4,15210,-8.11078,0.00963,1.08086,-1.07048,0.14947,3.00286,visitors_g1,Scenario_2
72.8,15210,-8.40842,0.13853,0.81088,-0.7441,0.32225,2.7329,visitors_g1,Scenario_2
73.2,15210,-8.56547,0.18732,0.41113,-0.39262,0.12197,2.84038,visitors_g1,Scenario_2
73.6,15210,-8.59148,0.16368,0.08789,-0.06505,-0.0591,-2.40403,visitors_g1,Scenario_2
74.0,15210,-8.57199,0.13431,0.08813,0.04872,-0.07344,-0.98502,visitors_g1,Scenario_2
74.4,15210,-8.56796,0.12939,0.01591,0.0101,-0.0123,-0.88331,visitors_g1,Scenario_2
74.8,15210,-8.57108,0.13965,0.02681,-0.0078,0.02565,1.86596,visitors_g1,Scenario_2
211.6,15171,-0.65931,-2.24028,0.0,0.0,0.0,0.0,visitors_g1,Scenario_2
212.0,15171,-1.11698,-2.35687,1.18072,-1.14417,-0.29148,-2.89215,visitors_g1,Scenario_2
212.4,15171,-1.56981,-2.45286,1.15722,-1.13207,-0.23996,-2.93272,visitors_g1,Scenario_2
212.8,15171,-2.00888,-2.59449,1.15337,-1.09767,-0.35409,-2.82955,visitors_g1,Scenario_2
213.2,15171,-2.43402,-2.74023,1.12357,-1.06285,-0.36435,-2.81134,visitors_g1,Scenario_2
213.6,15171,-2.85249,-2.83649,1.07351,-1.04619,-0.24065,-2.9155,visitors_g1,Scenario_2
214.0,15171,-3.24016,-2.98022,1.03362,-0.96915,-0.35931,-2.78655,visitors_g1,Scenario_2
214.4,15171,-3.59635,-3.16119,0.99884,-0.89049,-0.45244,-2.6715,visitors_g1,Scenario_2
214.8,15171,-3.95176,-3.34115,0.99593,-0.88852,-0.44989,-2.67289,visitors_g1,Scenario_2
215.2,15171,-4.29902,-3.56555,1.03365,-0.86816,-0.56101,-2.5679,visitors_g1,Scenario_2
215.6,15171,-4.62842,-3.73929,0.93101,-0.82348,-0.43435,-2.65623,visitors_g1,Scenario_2
216.0,15171,-4.94141,-3.78519,0.79086,-0.78249,-0.11475,-2.99598,visitors_g1,Scenario_2
216.4,15171,-5.23677,-3.78158,0.73844,-0.73839,0.00902,3.12938,visitors_g1,Scenario_2
216.8,15171,-5.53213,-3.77798,0.73844,-0.73839,0.00902,3.12938,visitors_g1,Scenario_2
217.2,15171,-5.82748,-3.77437,0.73844,-0.73839,0.00902,3.12938,visitors_g1,Scenario_2
217.6,15171,-6.12871,-3.81212,0.75897,-0.75308,-0.09438,-3.01692,visitors_g1,Scenario_2
218.0,15171,-6.44805,-3.87815,0.81523,-0.79834,-0.16508,-2.93769,visitors_g1,Scenario_2
218.4,15171,-6.75873,-3.90415,0.77941,-0.77669,-0.06499,-3.05811,visitors_g1,Scenario_2
218.8,15171,-7.02349,-3.82868,0.68827,-0.66191,0.18867,2.86391,visitors_g1,Scenario_2
219.2,15171,-7.20973,-3.62412,0.69158,-0.46559,0.51138,2.30936,visitors_g1,Scenario_2
34.8,15178,-5.98991,1.43237,0.0,0.0,0.0,0.0,visitors_g1,Scenario_2
35.2,15178,-6.54171,1.34783,1.39559,-1.37949,-0.21133,-2.98958,visitors_g1,Scenario_2
35.6,15178,-7.09701,1.26154,1.40492,-1.38826,-0.21574,-2.98742,visitors_g1,Scenario_2
36.0,15178,-7.6218,1.14314,1.34494,-1.31197,-0.296,-2.91969,visitors_g1,Scenario_2
36.4,15178,-8.12861,1.01862,1.30472,-1.26704,-0.31129,-2.90068,visitors_g1,Scenario_2
36.8,15178,-8.5313,0.82159,1.12076,-1.00671,-0.49257,-2.68655,visitors_g1,Scenario_2
37.2,15178,-8.75074,0.65677,0.68611,-0.54859,-0.41205,-2.49738,visitors_g1,Scenario_2
37.6,15178,-8.81734,0.60304,0.21394,-0.16652,-0.13433,-2.46279,visitors_g1,Scenario_2
38.0,15178,-8.79622,0.5923,0.05924,0.0528,-0.02686,-0.47056,visitors_g1,Scenario_2
38.4,15178,-8.75946,0.57296,0.10384,0.09191,-0.04833,-0.48414,visitors_g1,Scenario_2
38.8,15178,-8.76597,0.54303,0.07658,-0.01628,-0.07483,-1.78499,visitors_g1,Scenario_2
39.2,15178,-8.75411,0.50836,0.0916,0.02965,-0.08667,-1.24115,visitors_g1,Scenario_2
39.6,15178,-8.68607,0.48377,0.18088,0.17011,-0.06148,-0.34683,visitors_g1,Scenario_2
40.0,15178,-8.51356,0.56034,0.47186,0.43128,0.19143,0.41775,visitors_g1,Scenario_2
40.4,15178,-8.20297,0.73846,0.89507,0.77646,0.44528,0.52069,visitors_g1,Scenario_2
40.8,15178,-7.94161,0.81507,0.6809,0.65341,0.19153,0.28514,visitors_g1,Scenario_2
41.2,15178,-7.66858,0.73824,0.70909,0.68258,-0.19208,-0.2743,visitors_g1,Scenario_2
41.6,15178,-7.21972,0.70475,1.12525,1.12213,-0.08372,-0.07447,visitors_g1,Scenario_2
42.0,15178,-6.68604,0.70284,1.33422,1.33421,-0.00477,-0.00358,visitors_g1,Scenario_2
42.4,15178,-6.14421,0.64062,1.36348,1.35458,-0.15555,-0.11433,visitors_g1,Scenario_2
25.2,15004,-1.49735,-3.0136,0.0,0.0,0.0,0.0,visitors_g1,Scenario_2
25.6,15004,-1.54485,-2.98637,0.13688,-0.11874,0.06809,2.62095,visitors_g1,Scenario_2
26.0,15004,-1.51377,-2.83256,0.39229,0.0777,0.38452,1.3714,visitors_g1,Scenario_2
26.4,15004,-1.28984,-2.59517,0.81586,0.55983,0.59348,0.81456,visitors_g1,Scenario_2
26.8,15004,-0.92614,-2.40639,1.02444,0.90925,0.47196,0.47878,visitors_g1,Scenario_2
27.2,15004,-0.52857,-2.15747,1.17266,0.99392,0.6223,0.55939,visitors_g1,Scenario_2
27.6,15004,-0.11323,-1.84484,1.29962,1.03834,0.78157,0.64524,visitors_g1,Scenario_2
28.0,15004,0.37027,-1.58813,1.36857,1.20876,0.64178,0.48809,visitors_g1,Scenario_2
28.4,15004,0.86805,-1.29243,1.44745,1.24444,0.73925,0.53603,visitors_g1,Scenario_2
28.8,15004,1.33308,-0.99992,1.37345,1.16258,0.73128,0.56148,visitors_g1,Scenario_2
29.2,15004,1.79204,-0.81544,1.23662,1.1474,0.4612,0.38219,visitors_g1,Scenario_2
29.6,15004,2.27163,-0.58152,1.33398,1.19897,0.58479,0.45379,visitors_g1,Scenario_2
30.0,15004,2.7846,-0.37184,1.38543,1.28242,0.52422,0.38805,visitors_g1,Scenario_2
30.4,15004,3.32302,-0.26255,1.37349,1.34605,0.27321,0.20025,visitors_g1,Scenario_2
30.8,15004,3.86229,-0.09086,1.41487,1.3482,0.42921,0.30822,visitors_g1,Scenario_2
31.2,15004,4.40717,0.03962,1.40069,1.36218,0.32621,0.23505,visitors_g1,Scenario_2
31.6,15004,4.93802,0.09612,1.33463,1.32713,0.14126,0.10604,visitors_g1,Scenario_2
32.0,15004,5.46609,0.21232,1.35175,1.32017,0.2905,0.2166,visitors_g1,Scenario_2
32.4,15004,5.98251,0.26924,1.29889,1.29107,0.1423,0.10978,visitors_g1,Scenario_2
32.8,15004,6.4832,0.29881,1.25389,1.25171,0.07392,0.05898,visitors_g1,Scenario_2
58.8,15265,-4.92276,-2.09569,0.0,0.0,0.0,0.0,visitors_g1,Scenario_2
59.2,15265,-5.36685,-2.06908,1.11223,-1.11024,0.06652,3.08175,visitors_g1,Scenario_2
59.6,15265,-5.7747,-2.04755,1.02105,-1.01963,0.05384,3.08884,visitors_g1,Scenario_2
60.0,15265,-6.19046,-2.0237,1.04109,-1.03938,0.05963,3.08429,visitors_g1,Scenario_2
60.4,15265,-6.58971,-1.97686,1.00498,-0.99813,0.1171,3.02481,visitors_g1,Scenario_2
60.8,15265,-6.8919,-1.96637,0.75592,-0.75547,0.02622,3.1069,visitors_g1,Scenario_2
61.2,15265,-7.12076,-2.03487,0.59724,-0.57216,-0.17126,-2.85076,visitors_g1,Scenario_2
61.6,15265,-7.31151,-2.1158,0.51801,-0.47687,-0.20231,-2.74035,visitors_g1,Scenario_2
62.0,15265,-7.44103,-2.16349,0.34506,-0.3238,-0.11924,-2.78875,visitors_g1,Scenario_2
62.4,15265,-7.49351,-2.18703,0.1438,-0.13122,-0.05884,-2.72006,visitors_g1,Scenario_2
62.8,15265,-7.49876,-2.19283,0.01954,-0.0131,-0.01449,-2.30592,visitors_g1,Scenario_2
63.2,15265,-7.51724,-2.16768,0.07803,-0.04621,0.06287,2.2046,visitors_g1,Scenario_2
63.6,15265,-7.5886,-2.13579,0.19539,-0.17839,0.07972,2.72135,visitors_g1,Scenario_2
64.0,15265,-7.64058,-2.12109,0.13505,-0.12995,0.03675,2.86598,visitors_g1,Scenario_2
64.4,15265,-7.57355,-2.06877,0.21257,0.16756,0.1308,0.6628,visitors_g1,Scenario_2
64.8,15265,-7.35203,-2.01678,0.56885,0.55379,0.12999,0.23055,visitors_g1,Scenario_2
65.2,15265,-6.95942,-2.06481,0.98886,0.98155,-0.12008,-0.12173,visitors_g1,Scenario_2
65.6,15265,-6.44651,-2.11359,1.28806,1.28227,-0.12196,-0.09483,visitors_g1,Scenario_2
66.0,15265,-5.88195,-2.12441,1.41166,1.4114,-0.02704,-0.01916,visitors_g1,Scenario_2
66.4,15265,-5.32218,-2.15423,1.40141,1.39943,-0.07454,-0.05322,visitors_g1,Scenario_2
164.4,15122,7.47765,1.42121,0.0,0.0,0.0,0.0,visitors_g1,Scenario_2
164.8,15122,7.43243,1.40138,0.12344,-0.11305,-0.04958,-2.72828,visitors_g1,Scenario_2
165.2,15122,7.16061,1.31198,0.71536,-0.67955,-0.22349,-2.82386,visitors_g1,Scenario_2
165.6,15122,6.69257,1.1403,1.24634,-1.17011,-0.42921,-2.79002,visitors_g1,Scenario_2
166.0,15122,6.18667,0.88363,1.41819,-1.26473,-0.64166,-2.67208,visitors_g1,Scenario_2
166.4,15122,5.64574,0.67465,1.44975,-1.35233,-0.52247,-2.77291,visitors_g1,Scenario_2
166.8,15122,5.10011,0.52168,1.41667,-1.36407,-0.38242,-2.86826,visitors_g1,Scenario_2
167.2,15122,4.52998,0.32526,1.50754,-1.42533,-0.49104,-2.80982,visitors_g1,Scenario_2
167.6,15122,3.93976,0.2302,1.49458,-1.47556,-0.23766,-2.9819,visitors_g1,Scenario_2
168.0,15122,3.3759,0.15104,1.42346,-1.40963,-0.19789,-3.00212,visitors_g1,Scenario_2
168.4,15122,2.80599,-4e-05,1.47401,-1.42479,-0.37771,-2.88246,visitors_g1,Scenario_2
168.8,15122,2.21487,-0.11099,1.5036,-1.4778,-0.27736,-2.95607,visitors_g1,Scenario_2
169.2,15122,1.67158,-0.31673,1.45236,-1.35823,-0.51436,-2.77958,visitors_g1,Scenario_2
169.6,15122,1.16995,-0.60779,1.44988,-1.25407,-0.72765,-2.61584,visitors_g1,Scenario_2
170.0,15122,0.65935,-0.83139,1.39352,-1.27649,-0.559,-2.72883,visitors_g1,Scenario_2
170.4,15122,0.14458,-1.10525,1.45773,-1.28694,-0.68465,-2.65268,visitors_g1,Scenario_2
170.8,15122,-0.38576,-1.38191,1.49541,-1.32584,-0.69166,-2.66075,visitors_g1,Scenario_2
171.2,15122,-0.94839,-1.57554,1.48754,-1.40658,-0.48407,-2.81014,visitors_g1,Scenario_2
171.6,15122,-1.50172,-1.82157,1.51389,-1.38332,-0.61506,-2.72321,visitors_g1,Scenario_2
172.0,15122,-2.03709,-2.03339,1.43938,-1.33843,-0.52955,-2.76484,visitors_g1,Scenario_2
201.6,15254,8.81792,-0.54896,0.0,0.0,0.0,0.0,visitors_g1,Scenario_2
202.0,15254,8.54995,-0.59138,0.67826,-0.66992,-0.10606,-2.98457,visitors_g1,Scenario_2
202.4,15254,8.30074,-0.45322,0.71238,-0.62305,0.3454,2.6354,visitors_g1,Scenario_2
202.8,15254,7.97746,-0.34335,0.85359,-0.80818,0.27468,2.81397,visitors_g1,Scenario_2
203.2,15254,7.56433,-0.34585,1.03284,-1.03282,-0.00625,-3.13555,visitors_g1,Scenario_2
203.6,15254,7.09248,-0.33123,1.18019,-1.17962,0.03655,3.11062,visitors_g1,Scenario_2
204.0,15254,6.55444,-0.34543,1.34557,-1.3451,-0.03549,-3.11521,visitors_g1,Scenario_2
204.4,15254,5.97689,-0.36737,1.44492,-1.44388,-0.05486,-3.10361,visitors_g1,Scenario_2
204.8,15254,5.41782,-0.38295,1.39822,-1.39767,-0.03895,-3.11373,visitors_g1,Scenario_2
205.2,15254,4.97713,-0.501,1.14057,-1.10173,-0.29511,-2.87988,visitors_g1,Scenario_2
205.6,15254,4.58734,-0.61062,1.01228,-0.97448,-0.27406,-2.86743,visitors_g1,Scenario_2
206.0,15254,4.14049,-0.61805,1.11727,-1.11712,-0.01857,-3.12497,visitors_g1,Scenario_2
206.4,15254,3.70023,-0.57802,1.10519,-1.10065,0.10006,3.05093,visitors_g1,Scenario_2
206.8,15254,3.27114,-0.47691,1.10212,-1.07273,0.25279,2.91016,visitors_g1,Scenario_2
207.2,15254,2.83525,-0.41615,1.10027,-1.08973,0.1519,3.00309,visitors_g1,Scenario_2
207.6,15254,2.39362,-0.44646,1.10667,-1.10407,-0.07577,-3.07307,visitors_g1,Scenario_2
208.0,15254,1.93982,-0.50196,1.14295,-1.13449,-0.13877,-3.01988,visitors_g1,Scenario_2
208.4,15254,1.50029,-0.68574,1.19101,-1.09883,-0.45944,-2.74557,visitors_g1,Scenario_2
208.8,15254,1.07131,-0.91574,1.21687,-1.07245,-0.57501,-2.64943,visitors_g1,Scenario_2
209.2,15254,0.59163,-1.00702,1.22072,-1.1992,-0.2282,-2.95355,visitors_g1,Scenario_2
168.0,15250,0.22796,3.36574,0.0,0.0,0.0,0.0,visitors_g1,Scenario_2
168.4,15250,0.21933,3.38418,0.05091,-0.02156,0.04612,2.00813,visitors_g1,Scenario_2
168.8,15250,0.20511,3.38871,0.03732,-0.03556,0.01132,2.83328,visitors_g1,Scenario_2
169.2,15250,0.18813,3.37637,0.05247,-0.04243,-0.03086,-2.51276,visitors_g1,Scenario_2
169.6,15250,0.1837,3.36019,0.04194,-0.01108,-0.04045,-1.83824,visitors_g1,Scenario_2
170.0,15250,0.16885,3.29605,0.16458,-0.03713,-0.16034,-1.79839,visitors_g1,Scenario_2
170.4,15250,0.1294,3.19114,0.28021,-0.09862,-0.26228,-1.93044,visitors_g1,Scenario_2
170.8,15250,0.02732,3.10265,0.33775,-0.2552,-0.22123,-2.42738,visitors_g1,Scenario_2
171.2,15250,-0.21217,2.98657,0.66533,-0.59871,-0.29019,-2.69027,visitors_g1,Scenario_2
171.6,15250,-0.59926,2.8738,1.00795,-0.96773,-0.28192,-2.85812,visitors_g1,Scenario_2
172.0,15250,-1.05789,2.74313,1.19221,-1.14657,-0.32668,-2.86403,visitors_g1,Scenario_2
172.4,15250,-1.52679,2.55255,1.26539,-1.17227,-0.47645,-2.75555,visitors_g1,Scenario_2
172.8,15250,-2.01218,2.34986,1.31502,-1.21346,-0.50673,-2.74601,visitors_g1,Scenario_2
173.2,15250,-2.47439,2.08978,1.32589,-1.15552,-0.6502,-2.62906,visitors_g1,Scenario_2
173.6,15250,-2.93612,1.80023,1.36253,-1.15434,-0.72386,-2.5815,visitors_g1,Scenario_2
174.0,15250,-3.34506,1.48332,1.29339,-1.02234,-0.79226,-2.48231,visitors_g1,Scenario_2
174.4,15250,-3.67461,1.10839,1.24795,-0.82387,-0.93735,-2.29185,visitors_g1,Scenario_2
174.8,15250,-4.07686,0.74617,1.35326,-1.00564,-0.90554,-2.40852,visitors_g1,Scenario_2
175.2,15250,-4.50747,0.33672,1.48549,-1.07651,-1.02362,-2.38138,visitors_g1,Scenario_2
175.6,15250,-4.86394,-0.08042,1.37178,-0.89118,-1.04287,-2.27793,visitors_g1,Scenario_2
112.8,15117,5.82021,1.26655,0.0,0.0,0.0,0.0,visitors_g1,Scenario_2
113.2,15117,5.3705,1.18496,1.14262,-1.12426,-0.20398,-2.96211,visitors_g1,Scenario_2
113.6,15117,4.92868,1.01732,1.1814,-1.10456,-0.4191,-2.77895,visitors_g1,Scenario_2
114.0,15117,4.48025,0.82553,1.2193,-1.12107,-0.47948,-2.73744,visitors_g1,Scenario_2
114.4,15117,3.9901,0.68654,1.27369,-1.22538,-0.34747,-2.86528,visitors_g1,Scenario_2
114.8,15117,3.48293,0.46108,1.38757,-1.26793,-0.56364,-2.72329,visitors_g1,Scenario_2
115.2,15117,2.96862,0.23251,1.40703,-1.28577,-0.57143,-2.72338,visitors_g1,Scenario_2
115.6,15117,2.44735,0.05555,1.37621,-1.30317,-0.4424,-2.81432,visitors_g1,Scenario_2
116.0,15117,1.92445,-0.1898,1.44399,-1.30725,-0.61336,-2.70288,visitors_g1,Scenario_2
116.4,15117,1.37163,-0.40455,1.48268,-1.38206,-0.53689,-2.77106,visitors_g1,Scenario_2
116.8,15117,0.81171,-0.59234,1.47642,-1.3998,-0.46947,-2.818,visitors_g1,Scenario_2
117.2,15117,0.24164,-0.83428,1.54822,-1.42518,-0.60485,-2.74023,visitors_g1,Scenario_2
117.6,15117,-0.34519,-1.01358,1.53402,-1.46707,-0.44825,-2.84506,visitors_g1,Scenario_2
118.0,15117,-0.90595,-1.19795,1.47573,-1.4019,-0.46092,-2.82394,visitors_g1,Scenario_2
118.4,15117,-1.44994,-1.44061,1.48915,-1.35998,-0.60664,-2.72201,visitors_g1,Scenario_2
118.8,15117,-2.00863,-1.6214,1.46803,-1.39672,-0.45198,-2.82862,visitors_g1,Scenario_2
119.2,15117,-2.54505,-1.82681,1.43603,-1.34107,-0.51353,-2.77589,visitors_g1,Scenario_2
119.6,15117,-3.05828,-2.06359,1.41304,-1.28308,-0.59195,-2.70934,visitors_g1,Scenario_2
120.0,15117,-3.56714,-2.21502,1.32728,-1.27215,-0.37856,-2.85236,visitors_g1,Scenario_2
120.4,15117,-4.05731,-2.41046,1.31924,-1.22542,-0.48861,-2.76218,visitors_g1,Scenario_2
104.4,15091,4.838,2.6701,0.0,0.0,0.0,0.0,visitors_g1,Scenario_2
104.8,15091,5.40819,2.68834,1.42622,1.42549,0.04561,0.03198,visitors_g1,Scenario_2
105.2,15091,6.02153,2.69587,1.53345,1.53333,0.01883,0.01228,visitors_g1,Scenario_2
105.6,15091,6.62524,2.73218,1.51201,1.50929,0.09078,0.06008,visitors_g1,Scenario_2
106.0,15091,7.21757,2.8134,1.49468,1.48082,0.20305,0.13627,visitors_g1,Scenario_2
106.4,15091,7.82371,2.82095,1.51547,1.51535,0.01887,0.01245,visitors_g1,Scenario_2
106.8,15091,8.10916,2.8032,0.71501,0.71363,-0.04439,-0.06212,visitors_g1,Scenario_2
107.2,15091,8.07099,2.81455,0.09957,-0.09543,0.0284,2.85236,visitors_g1,Scenario_2
107.6,15091,8.03282,2.82591,0.09957,-0.09543,0.0284,2.85236,visitors_g1,Scenario_2
108.0,15091,7.99465,2.83727,0.09957,-0.09543,0.0284,2.85236,visitors_g1,Scenario_2
108.4,15091,7.95647,2.84863,0.09957,-0.09543,0.0284,2.85236,visitors_g1,Scenario_2
108.8,15091,7.9183,2.85999,0.09957,-0.09543,0.0284,2.85236,visitors_g1,Scenario_2
109.2,15091,7.88013,2.87135,0.09957,-0.09543,0.0284,2.85236,visitors_g1,Scenario_2
109.6,15091,7.84196,2.88271,0.09957,-0.09543,0.0284,2.85236,visitors_g1,Scenario_2
110.0,15091,7.80378,2.89407,0.09957,-0.09543,0.0284,2.85236,visitors_g1,Scenario_2
110.4,15091,7.76561,2.90543,0.09957,-0.09543,0.0284,2.85236,visitors_g1,Scenario_2
110.8,15091,7.72744,2.91679,0.09957,-0.09543,0.0284,2.85236,visitors_g1,Scenario_2
111.2,15091,7.52215,2.9033,0.51434,-0.51324,-0.03371,-3.076,visitors_g1,Scenario_2
111.6,15091,7.04746,2.88206,1.18791,-1.18672,-0.05309,-3.09688,visitors_g1,Scenario_2
112.0,15091,6.47905,2.80274,1.43478,-1.421,-0.19832,-3.00293,visitors_g1,Scenario_2
152.4,15192,-3.05719,1.88271,0.0,0.0,0.0,0.0,visitors_g1,Scenario_2
152.8,15192,-2.73221,2.02861,0.89057,0.81245,0.36474,0.42197,visitors_g1,Scenario_2
153.2,15192,-2.48853,2.19421,0.73656,0.60919,0.41401,0.5969,visitors_g1,Scenario_2
153.6,15192,-2.28733,2.36658,0.66234,0.50299,0.43093,0.70839,visitors_g1,Scenario_2
154.0,15192,-2.04689,2.48939,0.67499,0.60112,0.30702,0.4722,visitors_g1,Scenario_2
154.4,15192,-1.73826,2.62166,0.83944,0.77156,0.33068,0.4049,visitors_g1,Scenario_2
154.8,15192,-1.38968,2.82322,1.00665,0.87146,0.50389,0.52424,visitors_g1,Scenario_2
155.2,15192,-1.00977,2.9955,1.04286,0.94976,0.43072,0.42576,visitors_g1,Scenario_2
155.6,15192,-0.5757,3.12339,1.13129,1.08517,0.31972,0.28652,visitors_g1,Scenario_2
156.0,15192,-0.17568,3.24318,1.04394,1.00006,0.29946,0.29095,visitors_g1,Scenario_2
156.4,15192,0.04552,3.31195,0.5791,0.55299,0.17194,0.30145,visitors_g1,Scenario_2
156.8,15192,0.0877,3.33687,0.12249,0.10546,0.0623,0.53356,visitors_g1,Scenario_2
157.2,15192,0.08584,3.3436,0.01745,-0.00465,0.01681,1.84082,visitors_g1,Scenario_2
157.6,15192,0.09725,3.33928,0.03049,0.02852,-0.01078,-0.36149,visitors_g1,Scenario_2
158.0,15192,0.11519,3.3276,0.05353,0.04486,-0.02921,-0.57724,visitors_g1,Scenario_2
158.4,15192,0.14017,3.32397,0.06309,0.06244,-0.00907,-0.14422,visitors_g1,Scenario_2
158.8,15192,0.16025,3.31621,0.05383,0.05021,-0.01941,-0.36882,visitors_g1,Scenario_2
159.2,15192,0.11928,3.24655,0.20205,-0.10244,-0.17415,-2.1025,visitors_g1,Scenario_2
159.6,15192,-0.07805,3.02237,0.74663,-0.49332,-0.56044,-2.29258,visitors_g1,Scenario_2
160.0,15192,-0.36471,2.76488,0.96332,-0.71664,-0.64374,-2.40974,visitors_g1,Scenario_2
104.4,15116,4.60455,2.06911,0.0,0.0,0.0,0.0,visitors_g1,Scenario_2
104.8,15116,5.16559,2.08114,1.40293,1.40261,0.03007,0.02143,visitors_g1,Scenario_2
105.2,15116,5.72494,2.06817,1.39875,1.39838,-0.03243,-0.02319,visitors_g1,Scenario_2
105.6,15116,6.26832,2.0382,1.3605,1.35844,-0.07492,-0.0551,visitors_g1,Scenario_2
106.0,15116,6.80289,2.09786,1.34472,1.33643,0.14914,0.11114,visitors_g1,Scenario_2
106.4,15116,7.23953,2.11771,1.09275,1.09162,0.04963,0.04544,visitors_g1,Scenario_2
106.8,15116,7.41397,2.08147,0.4454,0.43609,-0.09061,-0.20487,visitors_g1,Scenario_2
107.2,15116,7.42205,2.0569,0.06465,0.02019,-0.06142,-1.25321,visitors_g1,Scenario_2
107.6,15116,7.43012,2.03233,0.06465,0.02019,-0.06142,-1.25321,visitors_g1,Scenario_2
108.0,15116,7.4382,2.00776,0.06465,0.02019,-0.06142,-1.25321,visitors_g1,Scenario_2
108.4,15116,7.44627,1.98319,0.06465,0.02019,-0.06142,-1.25321,visitors_g1,Scenario_2
108.8,15116,7.45435,1.95863,0.06465,0.02019,-0.06142,-1.25321,visitors_g1,Scenario_2
109.2,15116,7.46242,1.93406,0.06465,0.02019,-0.06142,-1.25321,visitors_g1,Scenario_2
109.6,15116,7.4705,1.90949,0.06465,0.02019,-0.06142,-1.25321,visitors_g1,Scenario_2
110.0,15116,7.47858,1.88492,0.06465,0.02019,-0.06142,-1.25321,visitors_g1,Scenario_2
110.4,15116,7.48665,1.86035,0.06465,0.02019,-0.06142,-1.25321,visitors_g1,Scenario_2
110.8,15116,7.49473,1.83578,0.06465,0.02019,-0.06142,-1.25321,visitors_g1,Scenario_2
111.2,15116,7.49804,1.80976,0.06557,0.00828,-0.06505,-1.44425,visitors_g1,Scenario_2
111.6,15116,7.25841,1.74815,0.61856,-0.59908,-0.15403,-2.88993,visitors_g1,Scenario_2
112.0,15116,6.76457,1.62753,1.27089,-1.2346,-0.30156,-2.90202,visitors_g1,Scenario_2
0.0,15128,-0.03546,3.33784,0.0,0.0,0.0,0.0,visitors_g1,Scenario_2
0.4,15128,-0.02432,3.33811,0.02785,0.02784,0.00067,0.02397,visitors_g1,Scenario_2
0.8,15128,0.0003,3.33698,0.06163,0.06156,-0.00282,-0.04577,visitors_g1,Scenario_2
1.2,15128,0.011,3.34646,0.03573,0.02675,0.02369,0.72493,visitors_g1,Scenario_2
1.6,15128,0.01657,3.38696,0.1022,0.01391,0.10125,1.43427,visitors_g1,Scenario_2
2.0,15128,0.01191,3.44889,0.15527,-0.01164,0.15484,1.6458,visitors_g1,Scenario_2
2.4,15128,-0.01756,3.47946,0.10616,-0.07368,0.07643,2.33791,visitors_g1,Scenario_2
2.8,15128,0.00914,3.38822,0.23768,0.06676,-0.22811,-1.28611,visitors_g1,Scenario_2
3.2,15128,0.07747,3.26907,0.34338,0.17082,-0.29787,-1.05012,visitors_g1,Scenario_2
3.6,15128,0.10285,3.24085,0.09489,0.06345,-0.07056,-0.8384,visitors_g1,Scenario_2
4.0,15128,0.10875,3.20914,0.08062,0.01476,-0.07925,-1.38664,visitors_g1,Scenario_2
4.4,15128,0.0957,3.1237,0.21609,-0.03263,-0.21362,-1.72239,visitors_g1,Scenario_2
4.8,15128,-0.07354,3.04671,0.46482,-0.4231,-0.19247,-2.71467,visitors_g1,Scenario_2
5.2,15128,-0.43412,2.99261,0.91154,-0.90145,-0.13526,-2.99265,visitors_g1,Scenario_2
5.6,15128,-0.84972,2.89274,1.06859,-1.03902,-0.24966,-2.90578,visitors_g1,Scenario_2
6.0,15128,-1.28842,2.75951,1.14621,-1.09674,-0.33308,-2.84674,visitors_g1,Scenario_2
6.4,15128,-1.78411,2.64024,1.2746,-1.23923,-0.29818,-2.90546,visitors_g1,Scenario_2
6.8,15128,-2.33149,2.50131,1.41184,-1.36845,-0.34732,-2.89304,visitors_g1,Scenario_2
7.2,15128,-2.86497,2.33891,1.39413,-1.3337,-0.40601,-2.84608,visitors_g1,Scenario_2
7.6,15128,-3.35882,2.17762,1.29878,-1.23461,-0.40322,-2.82591,visitors_g1,Scenario_2
234.4,15104,7.34457,3.00803,0.0,0.0,0.0,0.0,visitors_g1,Scenario_2
234.8,15104,7.22081,2.95707,0.3346,-0.30939,-0.12741,-2.75095,visitors_g1,Scenario_2
235.2,15104,6.84399,2.90699,0.95035,-0.94207,-0.1252,-3.00947,visitors_g1,Scenario_2
235.6,15104,6.32969,2.87637,1.28803,-1.28575,-0.07654,-3.08213,visitors_g1,Scenario_2
236.0,15104,5.79017,2.79961,1.36238,-1.3488,-0.1919,-3.00026,visitors_g1,Scenario_2
236.4,15104,5.22397,2.75553,1.41978,-1.4155,-0.11019,-3.0639,visitors_g1,Scenario_2
236.8,15104,4.69237,2.70587,1.33479,-1.329,-0.12414,-3.04845,visitors_g1,Scenario_2
237.2,15104,4.16505,2.61307,1.33854,-1.31828,-0.23201,-2.96738,visitors_g1,Scenario_2
237.6,15104,3.58835,2.5675,1.44626,-1.44176,-0.11394,-3.06273,visitors_g1,Scenario_2
238.0,15104,3.0302,2.53894,1.39719,-1.39537,-0.07139,-3.09047,visitors_g1,Scenario_2
238.4,15104,2.46223,2.52536,1.42032,-1.41991,-0.03393,-3.1177,visitors_g1,Scenario_2
238.8,15104,1.88092,2.53771,1.4536,-1.45327,0.03086,3.12036,visitors_g1,Scenario_2
239.2,15104,1.34481,2.50663,1.34254,-1.34029,-0.0777,-3.08368,visitors_g1,Scenario_2
239.6,15104,0.82764,2.47066,1.29605,-1.29292,-0.08992,-3.07216,visitors_g1,Scenario_2
240.0,15104,0.26141,2.42432,1.4203,-1.41556,-0.11586,-3.05993,visitors_g1,Scenario_2
240.4,15104,-0.3477,2.31852,1.54559,-1.52279,-0.2645,-2.96962,visitors_g1,Scenario_2
240.8,15104,-0.90431,2.22544,1.41083,-1.39151,-0.23271,-2.97589,visitors_g1,Scenario_2
241.2,15104,-1.36089,2.11443,1.17471,-1.14146,-0.27752,-2.90309,visitors_g1,Scenario_2
241.6,15104,-1.78944,1.97946,1.12326,-1.07138,-0.33743,-2.83648,visitors_g1,Scenario_2
242.0,15104,-2.21432,1.86256,1.10166,-1.06219,-0.29224,-2.8731,visitors_g1,Scenario_2
92.4,15269,-0.41568,-1.87138,0.0,0.0,0.0,0.0,visitors_g1,Scenario_2
92.8,15269,-0.42282,-1.98612,0.28742,-0.01785,-0.28687,-1.63294,visitors_g1,Scenario_2
93.2,15269,-0.45025,-2.16208,0.4452,-0.06856,-0.43988,-1.72542,visitors_g1,Scenario_2
93.6,15269,-0.59031,-2.29633,0.48505,-0.35016,-0.33564,-2.37736,visitors_g1,Scenario_2
94.0,15269,-0.80658,-2.37082,0.57184,-0.54068,-0.18621,-2.80992,visitors_g1,Scenario_2
94.4,15269,-1.02156,-2.45634,0.57841,-0.53744,-0.21381,-2.76295,visitors_g1,Scenario_2
94.8,15269,-1.23708,-2.55346,0.59098,-0.53881,-0.2428,-2.71822,visitors_g1,Scenario_2
95.2,15269,-1.45713,-2.63127,0.58351,-0.55013,-0.19452,-2.80172,visitors_g1,Scenario_2
95.6,15269,-1.60123,-2.68621,0.38553,-0.36023,-0.13736,-2.7773,visitors_g1,Scenario_2
96.0,15269,-1.64138,-2.71478,0.12319,-0.10038,-0.0714,-2.52333,visitors_g1,Scenario_2
96.4,15269,-1.64674,-2.72942,0.03898,-0.01341,-0.0366,-1.92206,visitors_g1,Scenario_2
96.8,15269,-1.64666,-2.74021,0.02698,0.00021,-0.02698,-1.56306,visitors_g1,Scenario_2
97.2,15269,-1.63764,-2.74083,0.0226,0.02254,-0.00157,-0.06936,visitors_g1,Scenario_2
97.6,15269,-1.64229,-2.78022,0.09916,-0.01162,-0.09848,-1.68822,visitors_g1,Scenario_2
98.0,15269,-1.62931,-2.85288,0.18452,0.03246,-0.18164,-1.39396,visitors_g1,Scenario_2
98.4,15269,-1.5122,-2.82552,0.30064,0.29275,0.06841,0.22955,visitors_g1,Scenario_2
98.8,15269,-1.25987,-2.68394,0.72334,0.63084,0.35394,0.51129,visitors_g1,Scenario_2
99.2,15269,-0.88503,-2.501,1.04276,0.93711,0.45736,0.45404,visitors_g1,Scenario_2
99.6,15269,-0.51369,-2.29092,1.06661,0.92835,0.5252,0.51484,visitors_g1,Scenario_2
100.0,15269,-0.15069,-2.06933,1.06323,0.9075,0.55398,0.54806,visitors_g1,Scenario_2
201.6,15226,-4.74073,1.7149,0.0,0.0,0.0,0.0,visitors_g1,Scenario_2
202.0,15226,-5.17351,1.73322,1.08291,-1.08194,0.04581,3.09928,visitors_g1,Scenario_2
202.4,15226,-5.5262,1.75334,0.88316,-0.88173,0.05029,3.08462,visitors_g1,Scenario_2
202.8,15226,-5.81139,1.85404,0.75613,-0.71298,0.25175,2.80217,visitors_g1,Scenario_2
203.2,15226,-6.02063,1.93222,0.55841,-0.52309,0.19546,2.78399,visitors_g1,Scenario_2
203.6,15226,-6.09256,1.95382,0.18776,-0.17983,0.054,2.84988,visitors_g1,Scenario_2
204.0,15226,-6.09784,1.95564,0.01395,-0.01319,0.00454,2.8099,visitors_g1,Scenario_2
204.4,15226,-6.09984,1.94325,0.03138,-0.005,-0.03098,-1.7308,visitors_g1,Scenario_2
204.8,15226,-6.10021,1.93498,0.0207,-0.00093,-0.02068,-1.61586,visitors_g1,Scenario_2
205.2,15226,-6.09279,1.9312,0.02081,0.01855,-0.00943,-0.47039,visitors_g1,Scenario_2
205.6,15226,-6.08855,1.92691,0.01508,0.01059,-0.01073,-0.79179,visitors_g1,Scenario_2
206.0,15226,-6.09054,1.92221,0.01277,-0.00498,-0.01175,-1.97183,visitors_g1,Scenario_2
206.4,15226,-6.10774,1.85863,0.16467,-0.04298,-0.15896,-1.83486,visitors_g1,Scenario_2
206.8,15226,-6.03409,1.74597,0.33648,0.18411,-0.28164,-0.99183,visitors_g1,Scenario_2
207.2,15226,-5.79395,1.64048,0.65573,0.60036,-0.26372,-0.4139,visitors_g1,Scenario_2
207.6,15226,-5.38144,1.51614,1.0771,1.03127,-0.31084,-0.29275,visitors_g1,Scenario_2
208.0,15226,-4.92888,1.41087,1.16162,1.13141,-0.26318,-0.22855,visitors_g1,Scenario_2
208.4,15226,-4.66157,1.35452,0.68295,0.66826,-0.14088,-0.20778,visitors_g1,Scenario_2
208.8,15226,-4.51418,1.27799,0.41519,0.36849,-0.19132,-0.47888,visitors_g1,Scenario_2
209.2,15226,-4.28491,1.1241,0.69033,0.57318,-0.38474,-0.59116,visitors_g1,Scenario_2
92.4,15213,8.99548,-1.04327,0.0,0.0,0.0,0.0,visitors_g1,Scenario_2
92.8,15213,8.97732,-1.05356,0.05218,-0.0454,-0.02572,-2.62618,visitors_g1,Scenario_2
93.2,15213,8.95916,-1.06384,0.05218,-0.0454,-0.02572,-2.62618,visitors_g1,Scenario_2
93.6,15213,8.9355,-1.07815,0.06912,-0.05914,-0.03578,-2.5975,visitors_g1,Scenario_2
94.0,15213,8.76917,-1.06882,0.41649,-0.41584,0.02333,3.08554,visitors_g1,Scenario_2
94.4,15213,8.45866,-1.01363,0.78845,-0.77628,0.13798,2.96568,visitors_g1,Scenario_2
94.8,15213,8.28964,-0.95405,0.44803,-0.42255,0.14895,2.8027,visitors_g1,Scenario_2
95.2,15213,8.3223,-0.88404,0.19314,0.08165,0.17503,1.13431,visitors_g1,Scenario_2
95.6,15213,8.50935,-0.72099,0.62035,0.46763,0.40763,0.71696,visitors_g1,Scenario_2
96.0,15213,8.69314,-0.45635,0.8055,0.4595,0.66158,0.96374,visitors_g1,Scenario_2
96.4,15213,8.73136,-0.11714,0.85339,0.09555,0.84802,1.4586,visitors_g1,Scenario_2
96.8,15213,8.80459,0.24881,0.93302,0.18306,0.91489,1.37332,visitors_g1,Scenario_2
97.2,15213,8.96742,0.61949,1.01217,0.40707,0.9267,1.15691,visitors_g1,Scenario_2
97.6,15213,9.08945,1.03272,1.07718,0.30509,1.03308,1.28364,visitors_g1,Scenario_2
98.0,15213,9.19546,1.39051,0.9329,0.26502,0.89447,1.28274,visitors_g1,Scenario_2
98.4,15213,9.31668,1.63132,0.67399,0.30305,0.60202,1.10443,visitors_g1,Scenario_2
98.8,15213,9.36295,1.74822,0.31432,0.11568,0.29225,1.19389,visitors_g1,Scenario_2
99.2,15213,9.35158,1.75987,0.0407,-0.02843,0.02913,2.34403,visitors_g1,Scenario_2
99.6,15213,9.33378,1.75099,0.04974,-0.04451,-0.0222,-2.679,visitors_g1,Scenario_2
100.0,15213,9.31378,1.73774,0.05997,-0.04999,-0.03313,-2.55631,visitors_g1,Scenario_2
50.4,15264,4.52456,1.00758,0.0,0.0,0.0,0.0,visitors_g1,Scenario_2
50.8,15264,4.08564,0.83524,1.17885,-1.0973,-0.43085,-2.76744,visitors_g1,Scenario_2
51.2,15264,3.66174,0.71185,1.10372,-1.05974,-0.30846,-2.85835,visitors_g1,Scenario_2
51.6,15264,3.21211,0.59633,1.1606,-1.12409,-0.28882,-2.8901,visitors_g1,Scenario_2
52.0,15264,2.76647,0.46105,1.16429,-1.1141,-0.33818,-2.84689,visitors_g1,Scenario_2
52.4,15264,2.32039,0.32834,1.16352,-1.11521,-0.33179,-2.85242,visitors_g1,Scenario_2
52.8,15264,1.84382,0.18533,1.2439,-1.19141,-0.35751,-2.85007,visitors_g1,Scenario_2
53.2,15264,1.3526,0.01833,1.29708,-1.22805,-0.4175,-2.81388,visitors_g1,Scenario_2
53.6,15264,0.87183,-0.12876,1.25692,-1.20192,-0.36773,-2.84469,visitors_g1,Scenario_2
54.0,15264,0.42247,-0.27363,1.18033,-1.12339,-0.36218,-2.82972,visitors_g1,Scenario_2
54.4,15264,-0.04531,-0.44653,1.2468,-1.16947,-0.43225,-2.78756,visitors_g1,Scenario_2
54.8,15264,-0.5249,-0.62438,1.27876,-1.19897,-0.44462,-2.78648,visitors_g1,Scenario_2
55.2,15264,-0.96375,-0.8109,1.1921,-1.09712,-0.4663,-2.73971,visitors_g1,Scenario_2
55.6,15264,-1.38483,-0.98915,1.14314,-1.0527,-0.44563,-2.74115,visitors_g1,Scenario_2
56.0,15264,-1.81394,-1.16438,1.15877,-1.07276,-0.43809,-2.75388,visitors_g1,Scenario_2
56.4,15264,-2.25577,-1.37319,1.22171,-1.10457,-0.52202,-2.7001,visitors_g1,Scenario_2
56.8,15264,-2.70799,-1.59317,1.25721,-1.13056,-0.54994,-2.68886,visitors_g1,Scenario_2
57.2,15264,-3.14081,-1.79231,1.19109,-1.08205,-0.49786,-2.71037,visitors_g1,Scenario_2
57.6,15264,-3.57184,-1.95947,1.15576,-1.07757,-0.4179,-2.77163,visitors_g1,Scenario_2
58.0,15264,-4.0063,-2.06063,1.11521,-1.08616,-0.25289,-2.91284,visitors_g1,Scenario_2
132.0,15162,7.61038,-0.24492,0.0,0.0,0.0,0.0,visitors_g1,Scenario_2
132.4,15162,8.03144,-0.2371,1.05283,1.05264,0.01955,0.01857,visitors_g1,Scenario_2
132.8,15162,8.45485,-0.26499,1.06082,1.05852,-0.06971,-0.06576,visitors_g1,Scenario_2
133.2,15162,8.85355,-0.2586,0.99688,0.99675,0.01596,0.01601,visitors_g1,Scenario_2
133.6,15162,9.12545,-0.18978,0.70118,0.67974,0.17206,0.24792,visitors_g1,Scenario_2
134.0,15162,9.20055,-0.15185,0.21036,0.18777,0.09483,0.46768,visitors_g1,Scenario_2
134.4,15162,9.18296,-0.12792,0.07425,-0.04398,0.05982,2.20476,visitors_g1,Scenario_2
134.8,15162,9.17446,-0.10635,0.05796,-0.02126,0.05392,1.94641,visitors_g1,Scenario_2
135.2,15162,9.1738,-0.09196,0.03601,-0.00163,0.03598,1.61611,visitors_g1,Scenario_2
135.6,15162,9.16874,-0.08938,0.0142,-0.01265,0.00645,2.66999,visitors_g1,Scenario_2
136.0,15162,9.16512,-0.09478,0.01626,-0.00906,-0.01349,-2.16228,visitors_g1,Scenario_2
136.4,15162,9.07671,-0.09346,0.22104,-0.22102,0.0033,3.12667,visitors_g1,Scenario_2
136.8,15162,8.86917,-0.23831,0.63272,-0.51884,-0.36213,-2.53224,visitors_g1,Scenario_2
137.2,15162,8.73449,-0.40416,0.53412,-0.33671,-0.41462,-2.25286,visitors_g1,Scenario_2
137.6,15162,8.59651,-0.35897,0.36299,-0.34495,0.11298,2.82508,visitors_g1,Scenario_2
138.0,15162,8.33425,-0.21646,0.74619,-0.65565,0.35626,2.64386,visitors_g1,Scenario_2
138.4,15162,8.00669,-0.04261,0.92708,-0.81889,0.43463,2.65365,visitors_g1,Scenario_2
138.8,15162,7.58671,0.0597,1.08066,-1.04995,0.25579,2.90263,visitors_g1,Scenario_2
139.2,15162,7.11662,0.07033,1.17554,-1.17524,0.02656,3.119,visitors_g1,Scenario_2
139.6,15162,6.64481,0.07933,1.17972,-1.17951,0.0225,3.12252,visitors_g1,Scenario_2
181.6,15022,-7.32807,-0.41737,0.0,0.0,0.0,0.0,visitors_g1,Scenario_2
182.0,15022,-6.99494,-0.30843,0.87623,0.83283,0.27236,0.31607,visitors_g1,Scenario_2
182.4,15022,-6.56259,-0.17269,1.13291,1.08089,0.33935,0.30421,visitors_g1,Scenario_2
182.8,15022,-5.97678,-0.10708,1.47368,1.46453,0.16401,0.11152,visitors_g1,Scenario_2
183.2,15022,-5.3813,-0.0378,1.49874,1.4887,0.1732,0.11582,visitors_g1,Scenario_2
183.6,15022,-4.91714,-0.01429,1.16187,1.16038,0.05878,0.05061,visitors_g1,Scenario_2
184.0,15022,-4.49169,-0.02056,1.06375,1.06364,-0.01567,-0.01473,visitors_g1,Scenario_2
184.4,15022,-4.04873,0.12741,1.16755,1.1074,0.36991,0.32239,visitors_g1,Scenario_2
184.8,15022,-3.59946,0.31919,1.22123,1.12318,0.47944,0.40345,visitors_g1,Scenario_2
185.2,15022,-3.14682,0.46298,1.1873,1.13158,0.35947,0.30759,visitors_g1,Scenario_2
185.6,15022,-2.69885,0.74003,1.31682,1.11995,0.69263,0.55388,visitors_g1,Scenario_2
186.0,15022,-2.24317,1.00425,1.31685,1.13919,0.66056,0.52547,visitors_g1,Scenario_2
186.4,15022,-1.78156,1.1374,1.20107,1.15402,0.33288,0.28083,visitors_g1,Scenario_2
186.8,15022,-1.33085,1.30227,1.1998,1.12679,0.41216,0.35066,visitors_g1,Scenario_2
187.2,15022,-0.84886,1.40298,1.23098,1.20496,0.25178,0.20599,visitors_g1,Scenario_2
187.6,15022,-0.33635,1.39484,1.28143,1.28127,-0.02035,-0.01588,visitors_g1,Scenario_2
188.0,15022,0.16375,1.48702,1.27132,1.25025,0.23046,0.18228,visitors_g1,Scenario_2
188.4,15022,0.64584,1.58868,1.23173,1.20522,0.25415,0.20783,visitors_g1,Scenario_2
188.8,15022,1.12985,1.60894,1.2111,1.21004,0.05065,0.04184,visitors_g1,Scenario_2
189.2,15022,1.60147,1.72314,1.21312,1.17904,0.2855,0.23757,visitors_g1,Scenario_2
157.6,15144,-3.96605,2.36595,0.0,0.0,0.0,0.0,visitors_g1,Scenario_2
158.0,15144,-3.44814,2.33508,1.29706,1.29476,-0.07719,-0.05955,visitors_g1,Scenario_2
158.4,15144,-2.91842,2.29817,1.3275,1.32429,-0.09226,-0.06956,visitors_g1,Scenario_2
158.8,15144,-2.39413,2.28689,1.31104,1.31074,-0.02821,-0.02152,visitors_g1,Scenario_2
159.2,15144,-1.893,2.29512,1.25299,1.25282,0.02059,0.01643,visitors_g1,Scenario_2
159.6,15144,-1.3943,2.27112,1.24821,1.24676,-0.06,-0.04809,visitors_g1,Scenario_2
160.0,15144,-0.88237,2.21555,1.28733,1.27981,-0.13893,-0.10813,visitors_g1,Scenario_2
160.4,15144,-0.36673,2.11288,1.31441,1.28911,-0.25667,-0.19654,visitors_g1,Scenario_2
160.8,15144,0.12661,1.98112,1.27657,1.23334,-0.32942,-0.26101,visitors_g1,Scenario_2
161.2,15144,0.58007,1.8377,1.18901,1.13367,-0.35854,-0.30631,visitors_g1,Scenario_2
161.6,15144,1.0009,1.64548,1.15663,1.05207,-0.48055,-0.42847,visitors_g1,Scenario_2
162.0,15144,1.42754,1.42399,1.20177,1.0666,-0.55372,-0.47885,visitors_g1,Scenario_2
162.4,15144,1.85932,1.18492,1.23386,1.07945,-0.59766,-0.50566,visitors_g1,Scenario_2
162.8,15144,2.2485,0.94005,1.14953,0.97296,-0.61219,-0.56161,visitors_g1,Scenario_2
163.2,15144,2.62921,0.73407,1.08215,0.95177,-0.51496,-0.49594,visitors_g1,Scenario_2
163.6,15144,3.05827,0.56101,1.15661,1.07264,-0.43265,-0.3834,visitors_g1,Scenario_2
164.0,15144,3.54445,0.40326,1.27783,1.21545,-0.39437,-0.31375,visitors_g1,Scenario_2
164.4,15144,4.04463,0.31462,1.26995,1.25046,-0.2216,-0.1754,visitors_g1,Scenario_2
164.8,15144,4.52924,0.27033,1.21656,1.21151,-0.11071,-0.09113,visitors_g1,Scenario_2
165.2,15144,5.0144,0.2415,1.21504,1.2129,-0.07209,-0.05936,visitors_g1,Scenario_2
142.8,15275,-0.3719,3.38562,0.0,0.0,0.0,0.0,visitors_g1,Scenario_2
143.2,15275,-0.38108,3.39156,0.02733,-0.02295,0.01484,2.56741,visitors_g1,Scenario_2
143.6,15275,-0.28104,3.38241,0.25112,0.25008,-0.02286,-0.09114,visitors_g1,Scenario_2
144.0,15275,-0.15857,3.37548,0.30667,0.30617,-0.01734,-0.05657,visitors_g1,Scenario_2
144.4,15275,-0.11993,3.37096,0.09728,0.09662,-0.01131,-0.11649,visitors_g1,Scenario_2
144.8,15275,-0.18828,3.41711,0.20619,-0.17088,0.11539,2.54764,visitors_g1,Scenario_2
145.2,15275,-0.31311,3.48041,0.34991,-0.31208,0.15825,2.67231,visitors_g1,Scenario_2
145.6,15275,-0.47293,3.46685,0.40098,-0.39955,-0.0339,-3.05696,visitors_g1,Scenario_2
146.0,15275,-0.68551,3.38542,0.56911,-0.53146,-0.20357,-2.77579,visitors_g1,Scenario_2
146.4,15275,-0.97469,3.22895,0.822,-0.72295,-0.39117,-2.64563,visitors_g1,Scenario_2
146.8,15275,-1.34765,3.01134,1.0795,-0.93239,-0.54403,-2.61341,visitors_g1,Scenario_2
147.2,15275,-1.77132,2.78046,1.20624,-1.05917,-0.57721,-2.64262,visitors_g1,Scenario_2
147.6,15275,-2.22922,2.53141,1.30312,-1.14475,-0.62263,-2.64344,visitors_g1,Scenario_2
148.0,15275,-2.71333,2.30647,1.33455,-1.21028,-0.56234,-2.70663,visitors_g1,Scenario_2
148.4,15275,-3.18074,2.12113,1.25703,-1.16852,-0.46334,-2.76409,visitors_g1,Scenario_2
148.8,15275,-3.64334,1.92954,1.25177,-1.1565,-0.47899,-2.74893,visitors_g1,Scenario_2
149.2,15275,-4.14328,1.7465,1.331,-1.24987,-0.4576,-2.79063,visitors_g1,Scenario_2
149.6,15275,-4.63782,1.58012,1.30444,-1.23635,-0.41595,-2.81705,visitors_g1,Scenario_2
150.0,15275,-5.05891,1.39409,1.15087,-1.05273,-0.46505,-2.72561,visitors_g1,Scenario_2
150.4,15275,-5.45365,1.20415,1.09514,-0.98684,-0.47485,-2.69311,visitors_g1,Scenario_2
148.4,15044,-7.90457,0.19858,0.0,0.0,0.0,0.0,visitors_g1,Scenario_2
148.8,15044,-7.72759,0.29914,0.5089,0.44247,0.25139,0.51668,visitors_g1,Scenario_2
149.2,15044,-7.42583,0.36256,0.77088,0.7544,0.15855,0.20716,visitors_g1,Scenario_2
149.6,15044,-7.02203,0.3772,1.01015,1.00949,0.03662,0.03626,visitors_g1,Scenario_2
150.0,15044,-6.58499,0.4223,1.0984,1.0926,0.11273,0.10281,visitors_g1,Scenario_2
150.4,15044,-6.09506,0.51579,1.24694,1.22484,0.23374,0.18856,visitors_g1,Scenario_2
150.8,15044,-5.53999,0.62802,1.41574,1.38766,0.28058,0.19951,visitors_g1,Scenario_2
151.2,15044,-4.9718,0.71985,1.43893,1.4205,0.22956,0.16022,visitors_g1,Scenario_2
151.6,15044,-4.40261,0.7184,1.42297,1.42296,-0.0036,-0.00253,visitors_g1,Scenario_2
152.0,15044,-3.78899,0.63806,1.54714,1.53405,-0.20086,-0.1302,visitors_g1,Scenario_2
152.4,15044,-3.20988,0.5003,1.48818,1.44779,-0.34439,-0.23353,visitors_g1,Scenario_2
152.8,15044,-2.71226,0.31599,1.32663,1.24404,-0.46078,-0.35472,visitors_g1,Scenario_2
153.2,15044,-2.26735,0.12983,1.20571,1.11227,-0.46539,-0.39628,visitors_g1,Scenario_2
153.6,15044,-1.8329,-0.04494,1.17073,1.08613,-0.43694,-0.38248,visitors_g1,Scenario_2
154.0,15044,-1.36863,-0.16855,1.2011,1.16066,-0.30902,-0.26021,visitors_g1,Scenario_2
154.4,15044,-0.8571,-0.23387,1.28922,1.27883,-0.16329,-0.127,visitors_g1,Scenario_2
154.8,15044,-0.30168,-0.29022,1.39568,1.38855,-0.14087,-0.1011,visitors_g1,Scenario_2
155.2,15044,0.26961,-0.29651,1.42831,1.42822,-0.01573,-0.01101,visitors_g1,Scenario_2
155.6,15044,0.82624,-0.24246,1.39813,1.39159,0.13513,0.0968,visitors_g1,Scenario_2
156.0,15044,1.36253,-0.16954,1.35306,1.34072,0.1823,0.13514,visitors_g1,Scenario_2
114.8,15040,-0.29371,-3.30506,0.0,0.0,0.0,0.0,visitors_g1,Scenario_2
115.2,15040,-0.26474,-3.30232,0.07274,0.07242,0.00685,0.0943,visitors_g1,Scenario_2
115.6,15040,-0.20674,-3.32475,0.15547,0.14501,-0.05608,-0.36904,visitors_g1,Scenario_2
116.0,15040,-0.12299,-3.32826,0.20955,0.20937,-0.00877,-0.04187,visitors_g1,Scenario_2
116.4,15040,-0.03405,-3.22241,0.34564,0.22235,0.26462,0.872,visitors_g1,Scenario_2
116.8,15040,0.0505,-2.97341,0.65741,0.21137,0.62251,1.24347,visitors_g1,Scenario_2
117.2,15040,0.18804,-2.66121,0.85288,0.34387,0.78049,1.1558,visitors_g1,Scenario_2
117.6,15040,0.4555,-2.33782,1.04914,0.66864,0.80847,0.87978,visitors_g1,Scenario_2
118.0,15040,0.84025,-2.00085,1.27864,0.96189,0.84243,0.71929,visitors_g1,Scenario_2
118.4,15040,1.30029,-1.70063,1.37334,1.1501,0.75056,0.5782,visitors_g1,Scenario_2
118.8,15040,1.78282,-1.42587,1.38817,1.20632,0.68689,0.51762,visitors_g1,Scenario_2
119.2,15040,2.26143,-1.17246,1.3539,1.19652,0.63354,0.48696,visitors_g1,Scenario_2
119.6,15040,2.74638,-0.94228,1.34201,1.21237,0.57545,0.44316,visitors_g1,Scenario_2
120.0,15040,3.20995,-0.7069,1.29977,1.15894,0.58845,0.46983,visitors_g1,Scenario_2
120.4,15040,3.66621,-0.51159,1.24076,1.14064,0.48827,0.40446,visitors_g1,Scenario_2
120.8,15040,4.15722,-0.36695,1.27967,1.22752,0.36161,0.28648,visitors_g1,Scenario_2
121.2,15040,4.66638,-0.2339,1.31565,1.27291,0.33263,0.2556,visitors_g1,Scenario_2
121.6,15040,5.18194,-0.11083,1.32511,1.2889,0.30766,0.23431,visitors_g1,Scenario_2
122.0,15040,5.69655,0.0574,1.35352,1.28652,0.42057,0.31595,visitors_g1,Scenario_2
122.4,15040,6.16724,0.30048,1.3244,1.17673,0.60772,0.47672,visitors_g1,Scenario_2
226.4,15052,1.83941,0.49757,0.0,0.0,0.0,0.0,visitors_g1,Scenario_2
226.8,15052,2.2388,0.25954,1.16235,0.99848,-0.59506,-0.53745,visitors_g1,Scenario_2
227.2,15052,2.68529,0.0609,1.22171,1.11623,-0.4966,-0.41859,visitors_g1,Scenario_2
227.6,15052,3.16908,-0.05401,1.24311,1.20946,-0.28727,-0.2332,visitors_g1,Scenario_2
228.0,15052,3.69337,-0.06449,1.311,1.31073,-0.02621,-0.01999,visitors_g1,Scenario_2
228.4,15052,4.22697,0.02138,1.35117,1.334,0.21466,0.15955,visitors_g1,Scenario_2
228.8,15052,4.71936,0.03897,1.23174,1.23095,0.04399,0.03572,visitors_g1,Scenario_2
229.2,15052,5.14624,-0.02122,1.07776,1.06721,-0.15049,-0.14009,visitors_g1,Scenario_2
229.6,15052,5.54335,0.01991,0.99809,0.99278,0.10282,0.1032,visitors_g1,Scenario_2
230.0,15052,5.98626,0.22593,1.22122,1.10729,0.51507,0.43539,visitors_g1,Scenario_2
230.4,15052,6.41186,0.54565,1.33077,1.06399,0.79929,0.64428,visitors_g1,Scenario_2
230.8,15052,6.7935,0.89159,1.28774,0.9541,0.86485,0.73637,visitors_g1,Scenario_2
231.2,15052,7.16505,1.27598,1.33653,0.92887,0.96099,0.80239,visitors_g1,Scenario_2
231.6,15052,7.50449,1.69048,1.33939,0.84861,1.03625,0.88463,visitors_g1,Scenario_2
232.0,15052,7.84655,2.02737,1.20025,0.85515,0.84221,0.77778,visitors_g1,Scenario_2
232.4,15052,8.22329,2.29505,1.15538,0.94185,0.6692,0.61775,visitors_g1,Scenario_2
232.8,15052,8.5163,2.48699,0.87571,0.73253,0.47986,0.57994,visitors_g1,Scenario_2
233.2,15052,8.61159,2.54844,0.28344,0.23821,0.1536,0.57273,visitors_g1,Scenario_2
233.6,15052,8.60265,2.55052,0.02295,-0.02235,0.00522,2.91212,visitors_g1,Scenario_2
234.0,15052,8.59371,2.55261,0.02295,-0.02235,0.00522,2.91212,visitors_g1,Scenario_2
58.8,15060,-4.04127,0.11479,0.0,0.0,0.0,0.0,visitors_g1,Scenario_2
59.2,15060,-3.44307,0.06402,1.50088,1.4955,-0.12691,-0.08466,visitors_g1,Scenario_2
59.6,15060,-2.86452,-0.02199,1.46227,1.44638,-0.21502,-0.14758,visitors_g1,Scenario_2
60.0,15060,-2.27688,-0.14238,1.49962,1.4691,-0.30099,-0.20209,visitors_g1,Scenario_2
60.4,15060,-1.68141,-0.25274,1.51402,1.48867,-0.2759,-0.18325,visitors_g1,Scenario_2
60.8,15060,-1.09674,-0.3119,1.46913,1.46167,-0.1479,-0.10084,visitors_g1,Scenario_2
61.2,15060,-0.51221,-0.31958,1.46146,1.46133,-0.01918,-0.01313,visitors_g1,Scenario_2
61.6,15060,0.09943,-0.27223,1.53366,1.52908,0.11837,0.07726,visitors_g1,Scenario_2
62.0,15060,0.71541,-0.24625,1.54133,1.53996,0.06496,0.04216,visitors_g1,Scenario_2
62.4,15060,1.31016,-0.18847,1.49386,1.48686,0.14443,0.09684,visitors_g1,Scenario_2
62.8,15060,1.84902,-0.09144,1.36882,1.34715,0.24258,0.17816,visitors_g1,Scenario_2
63.2,15060,2.36537,-0.0752,1.29153,1.2909,0.0406,0.03144,visitors_g1,Scenario_2
63.6,15060,2.89976,0.00032,1.34923,1.33596,0.18881,0.1404,visitors_g1,Scenario_2
64.0,15060,3.42653,0.09362,1.33742,1.31692,0.23324,0.17529,visitors_g1,Scenario_2
64.4,15060,3.95318,0.14427,1.32271,1.31663,0.12663,0.09588,visitors_g1,Scenario_2
64.8,15060,4.48447,0.31288,1.39351,1.32823,0.42153,0.3073,visitors_g1,Scenario_2
65.2,15060,4.98534,0.40635,1.27379,1.25217,0.23368,0.1845,visitors_g1,Scenario_2
65.6,15060,5.47362,0.45331,1.22634,1.22071,0.11739,0.09587,visitors_g1,Scenario_2
66.0,15060,5.97734,0.56567,1.29023,1.25928,0.28089,0.21947,visitors_g1,Scenario_2
66.4,15060,6.47708,0.59859,1.25206,1.24935,0.0823,0.06578,visitors_g1,Scenario_2
8.4,15231,3.92718,0.25483,0.0,0.0,0.0,0.0,visitors_g1,Scenario_2
8.8,15231,3.44272,0.09263,1.27723,-1.21115,-0.4055,-2.81851,visitors_g1,Scenario_2
9.2,15231,2.95979,-0.11229,1.31152,-1.20732,-0.5123,-2.74029,visitors_g1,Scenario_2
9.6,15231,2.49634,-0.3435,1.29482,-1.15864,-0.57802,-2.67884,visitors_g1,Scenario_2
10.0,15231,2.0573,-0.52239,1.18521,-1.09758,-0.44724,-2.75466,visitors_g1,Scenario_2
10.4,15231,1.60477,-0.67716,1.19568,-1.13134,-0.38691,-2.81207,visitors_g1,Scenario_2
10.8,15231,1.09734,-0.7316,1.27583,-1.26855,-0.13611,-3.03471,visitors_g1,Scenario_2
11.2,15231,0.59541,-0.75662,1.25638,-1.25483,-0.06254,-3.0918,visitors_g1,Scenario_2
11.6,15231,0.09745,-0.85541,1.26918,-1.24492,-0.24699,-2.94574,visitors_g1,Scenario_2
12.0,15231,-0.40257,-0.99677,1.29904,-1.25004,-0.3534,-2.86607,visitors_g1,Scenario_2
12.4,15231,-0.81316,-1.25162,1.20813,-1.02647,-0.63712,-2.5861,visitors_g1,Scenario_2
12.8,15231,-1.1523,-1.60954,1.23269,-0.84786,-0.8948,-2.32927,visitors_g1,Scenario_2
13.2,15231,-1.40395,-2.03115,1.2275,-0.62913,-1.05402,-2.10892,visitors_g1,Scenario_2
13.6,15231,-1.50636,-2.59657,1.43655,-0.25603,-1.41355,-1.74998,visitors_g1,Scenario_2
14.0,15231,-1.59279,-3.16201,1.43003,-0.21606,-1.41361,-1.72246,visitors_g1,Scenario_2
14.4,15231,-1.66546,-3.47232,0.79676,-0.18169,-0.77577,-1.80086,visitors_g1,Scenario_2
14.8,15231,-1.66235,-3.55833,0.21518,0.00778,-0.21504,-1.53464,visitors_g1,Scenario_2
15.2,15231,-1.64392,-3.56246,0.04723,0.04609,-0.01032,-0.22032,visitors_g1,Scenario_2
15.6,15231,-1.64358,-3.55772,0.01188,0.00083,0.01185,1.50048,visitors_g1,Scenario_2
16.0,15231,-1.64526,-3.55304,0.01244,-0.00419,0.01171,1.9146,visitors_g1,Scenario_2
84.0,15011,-0.79483,-3.74533,0.0,0.0,0.0,0.0,visitors_g1,Scenario_2
84.4,15011,-0.86671,-3.4646,0.72445,-0.17969,0.70181,1.82146,visitors_g1,Scenario_2
84.8,15011,-0.8872,-3.00486,1.1505,-0.05123,1.14936,1.61534,visitors_g1,Scenario_2
85.2,15011,-0.66718,-2.62413,1.09933,0.55006,0.95181,1.04678,visitors_g1,Scenario_2
85.6,15011,-0.33429,-2.27791,1.20075,0.83222,0.86557,0.80504,visitors_g1,Scenario_2
86.0,15011,0.00057,-1.86483,1.32939,0.83716,1.03269,0.88959,visitors_g1,Scenario_2
86.4,15011,0.43675,-1.54628,1.35028,1.09044,0.79637,0.63079,visitors_g1,Scenario_2
86.8,15011,0.90717,-1.28607,1.344,1.17607,0.65054,0.50526,visitors_g1,Scenario_2
87.2,15011,1.3737,-0.94581,1.44357,1.16632,0.85065,0.63015,visitors_g1,Scenario_2
87.6,15011,1.90861,-0.70449,1.46705,1.33726,0.60329,0.4238,visitors_g1,Scenario_2
88.0,15011,2.46231,-0.48441,1.48961,1.38427,0.55021,0.37832,visitors_g1,Scenario_2
88.4,15011,2.98287,-0.17923,1.50854,1.30139,0.76293,0.53024,visitors_g1,Scenario_2
88.8,15011,3.52437,0.0354,1.45623,1.35377,0.53659,0.37737,visitors_g1,Scenario_2
89.2,15011,4.04877,0.24248,1.40949,1.31098,0.51769,0.37609,visitors_g1,Scenario_2
89.6,15011,4.52723,0.50734,1.36721,1.19617,0.66216,0.50558,visitors_g1,Scenario_2
90.0,15011,5.02921,0.70445,1.34822,1.25494,0.49277,0.37417,visitors_g1,Scenario_2
90.4,15011,5.49176,0.89641,1.252,1.15637,0.47989,0.39337,visitors_g1,Scenario_2
90.8,15011,5.90262,1.13136,1.18326,1.02717,0.58739,0.51947,visitors_g1,Scenario_2
91.2,15011,6.3507,1.32241,1.21777,1.1202,0.47761,0.40302,visitors_g1,Scenario_2
91.6,15011,6.77026,1.56225,1.20819,1.0489,0.5996,0.51931,visitors_g1,Scenario_2
92.4,15012,7.53083,2.07387,0.0,0.0,0.0,0.0,visitors_g1,Scenario_2
92.8,15012,7.7876,2.19773,0.71271,0.64192,0.30966,0.44946,visitors_g1,Scenario_2
93.2,15012,7.81447,2.21239,0.07653,0.06718,0.03665,0.49941,visitors_g1,Scenario_2
93.6,15012,7.79146,2.17355,0.11287,-0.05753,-0.09712,-2.10556,visitors_g1,Scenario_2
94.0,15012,7.76845,2.1347,0.11287,-0.05753,-0.09712,-2.10556,visitors_g1,Scenario_2
94.4,15012,7.74544,2.09585,0.11287,-0.05753,-0.09712,-2.10556,visitors_g1,Scenario_2
94.8,15012,7.72243,2.05701,0.11287,-0.05753,-0.09712,-2.10556,visitors_g1,Scenario_2
95.2,15012,7.69942,2.01816,0.11287,-0.05753,-0.09712,-2.10556,visitors_g1,Scenario_2
95.6,15012,7.67641,1.97932,0.11287,-0.05753,-0.09712,-2.10556,visitors_g1,Scenario_2
96.0,15012,7.6534,1.94047,0.11287,-0.05753,-0.09712,-2.10556,visitors_g1,Scenario_2
96.4,15012,7.63039,1.90162,0.11287,-0.05753,-0.09712,-2.10556,visitors_g1,Scenario_2
96.8,15012,7.60738,1.86278,0.11287,-0.05753,-0.09712,-2.10556,visitors_g1,Scenario_2
97.2,15012,7.58437,1.82393,0.11287,-0.05753,-0.09712,-2.10556,visitors_g1,Scenario_2
97.6,15012,7.41307,1.70455,0.52198,-0.42824,-0.29845,-2.53295,visitors_g1,Scenario_2
98.0,15012,7.031,1.51266,1.06888,-0.95518,-0.47973,-2.67616,visitors_g1,Scenario_2
98.4,15012,6.61154,1.23565,1.25669,-1.04864,-0.69253,-2.55794,visitors_g1,Scenario_2
98.8,15012,6.18153,0.93372,1.31358,-1.07504,-0.75484,-2.52943,visitors_g1,Scenario_2
99.2,15012,5.70255,0.71034,1.32127,-1.19745,-0.55845,-2.70521,visitors_g1,Scenario_2
99.6,15012,5.24305,0.41905,1.36011,-1.14873,-0.72823,-2.57659,visitors_g1,Scenario_2
100.0,15012,4.79505,0.13308,1.32874,-1.12002,-0.71492,-2.57348,visitors_g1,Scenario_2
84.0,15240,7.14436,1.32967,0.0,0.0,0.0,0.0,visitors_g1,Scenario_2
84.4,15240,6.78361,1.04909,1.14255,-0.90188,-0.70144,-2.48057,visitors_g1,Scenario_2
84.8,15240,6.34916,0.7964,1.25649,-1.08613,-0.63172,-2.61479,visitors_g1,Scenario_2
85.2,15240,5.86887,0.59196,1.30499,-1.20073,-0.51111,-2.73916,visitors_g1,Scenario_2
85.6,15240,5.40509,0.35324,1.30402,-1.15944,-0.5968,-2.66623,visitors_g1,Scenario_2
86.0,15240,4.92666,0.14827,1.30122,-1.19607,-0.51243,-2.73682,visitors_g1,Scenario_2
86.4,15240,4.48058,-0.07119,1.24286,-1.11521,-0.54863,-2.6844,visitors_g1,Scenario_2
86.8,15240,4.06549,-0.32274,1.21341,-1.03772,-0.62889,-2.59675,visitors_g1,Scenario_2
87.2,15240,3.60248,-0.51738,1.25565,-1.15753,-0.48659,-2.74365,visitors_g1,Scenario_2
87.6,15240,3.13058,-0.72381,1.28769,-1.17975,-0.51608,-2.72922,visitors_g1,Scenario_2
88.0,15240,2.67161,-0.91723,1.24514,-1.14741,-0.48356,-2.74274,visitors_g1,Scenario_2
88.4,15240,2.20862,-1.06964,1.21858,-1.15748,-0.38102,-2.82358,visitors_g1,Scenario_2
88.8,15240,1.79018,-1.28513,1.17667,-1.0461,-0.53873,-2.66603,visitors_g1,Scenario_2
89.2,15240,1.38945,-1.49613,1.1322,-1.00182,-0.52748,-2.65695,visitors_g1,Scenario_2
89.6,15240,0.9957,-1.68192,1.08847,-0.9844,-0.46447,-2.70073,visitors_g1,Scenario_2
90.0,15240,0.6688,-1.89869,0.98061,-0.81725,-0.54193,-2.55605,visitors_g1,Scenario_2
90.4,15240,0.37353,-2.06392,0.84588,-0.73816,-0.41308,-2.6314,visitors_g1,Scenario_2
90.8,15240,0.11359,-2.1659,0.69808,-0.64986,-0.25495,-2.76773,visitors_g1,Scenario_2
91.2,15240,-0.00573,-2.26792,0.39248,-0.29831,-0.25505,-2.4342,visitors_g1,Scenario_2
91.6,15240,-0.05589,-2.37097,0.28652,-0.1254,-0.25762,-2.02379,visitors_g1,Scenario_2
70.8,15135,-1.73333,-1.13296,0.0,0.0,0.0,0.0,visitors_g1,Scenario_2
71.2,15135,-1.98117,-0.68459,1.28078,-0.61959,1.12094,2.07575,visitors_g1,Scenario_2
71.6,15135,-2.20806,-0.20942,1.31639,-0.56721,1.18792,2.01627,visitors_g1,Scenario_2
72.0,15135,-2.45237,0.27291,1.35169,-0.61077,1.20582,2.03965,visitors_g1,Scenario_2
72.4,15135,-2.69898,0.73772,1.31544,-0.61653,1.16202,2.0586,visitors_g1,Scenario_2
72.8,15135,-2.98628,1.13954,1.23492,-0.71827,1.00455,2.19152,visitors_g1,Scenario_2
73.2,15135,-3.33388,1.47514,1.20791,-0.86899,0.83899,2.37376,visitors_g1,Scenario_2
73.6,15135,-3.71149,1.76978,1.1974,-0.94402,0.73661,2.47899,visitors_g1,Scenario_2
74.0,15135,-4.11943,2.01709,1.19263,-1.01986,0.61827,2.5966,visitors_g1,Scenario_2
74.4,15135,-4.53118,2.23877,1.16908,-1.02937,0.5542,2.64771,visitors_g1,Scenario_2
74.8,15135,-4.93137,2.4394,1.11916,-1.00048,0.50157,2.67688,visitors_g1,Scenario_2
75.2,15135,-5.30004,2.5835,0.98957,-0.92167,0.36026,2.76898,visitors_g1,Scenario_2
75.6,15135,-5.61029,2.71623,0.84363,-0.77562,0.33184,2.73732,visitors_g1,Scenario_2
76.0,15135,-5.86686,2.84901,0.72223,-0.64142,0.33194,2.66403,visitors_g1,Scenario_2
76.4,15135,-6.06,2.91075,0.50691,-0.48284,0.15434,2.8322,visitors_g1,Scenario_2
76.8,15135,-6.19693,2.93576,0.34799,-0.34233,0.06252,2.96096,visitors_g1,Scenario_2
77.2,15135,-6.28851,2.96113,0.23758,-0.22895,0.06342,2.87135,visitors_g1,Scenario_2
77.6,15135,-6.33489,2.96379,0.11615,-0.11596,0.00667,3.08415,visitors_g1,Scenario_2
78.0,15135,-6.34766,2.95515,0.03856,-0.03193,-0.02161,-2.5466,visitors_g1,Scenario_2
78.4,15135,-6.33724,2.96286,0.03243,0.02607,0.01928,0.63679,visitors_g1,Scenario_2
45.6,15132,-2.22062,2.26882,0.0,0.0,0.0,0.0,visitors_g1,Scenario_2
46.0,15132,-2.69896,2.26492,1.19588,-1.19584,-0.00975,-3.13344,visitors_g1,Scenario_2
46.4,15132,-3.17313,2.27608,1.18575,-1.18542,0.02789,3.11807,visitors_g1,Scenario_2
46.8,15132,-3.63387,2.33655,1.16174,-1.15186,0.15119,3.01108,visitors_g1,Scenario_2
47.2,15132,-4.08825,2.40818,1.14999,-1.13596,0.17908,2.98524,visitors_g1,Scenario_2
47.6,15132,-4.52894,2.48963,1.12038,-1.10172,0.20362,2.95883,visitors_g1,Scenario_2
48.0,15132,-4.95542,2.60055,1.10166,-1.06619,0.2773,2.88715,visitors_g1,Scenario_2
48.4,15132,-5.37626,2.69613,1.07892,-1.05212,0.23896,2.91826,visitors_g1,Scenario_2
48.8,15132,-5.77898,2.79708,1.03793,-1.00678,0.25236,2.89599,visitors_g1,Scenario_2
49.2,15132,-6.1278,2.86463,0.88825,-0.87205,0.16888,2.9503,visitors_g1,Scenario_2
49.6,15132,-6.35122,2.88056,0.55998,-0.55856,0.03981,3.07043,visitors_g1,Scenario_2
50.0,15132,-6.50002,2.91614,0.3825,-0.37201,0.08897,2.90685,visitors_g1,Scenario_2
50.4,15132,-6.62549,2.96023,0.33246,-0.31366,0.11022,2.80368,visitors_g1,Scenario_2
50.8,15132,-6.67427,3.00703,0.169,-0.12195,0.117,2.37691,visitors_g1,Scenario_2
51.2,15132,-6.67154,3.0475,0.10139,0.00682,0.10116,1.50345,visitors_g1,Scenario_2
51.6,15132,-6.66553,3.06561,0.0477,0.01502,0.04528,1.25048,visitors_g1,Scenario_2
52.0,15132,-6.65779,3.07634,0.03309,0.01936,0.02683,0.94581,visitors_g1,Scenario_2
52.4,15132,-6.64976,3.087,0.03336,0.02006,0.02666,0.92577,visitors_g1,Scenario_2
52.8,15132,-6.66266,3.10231,0.05003,-0.03224,0.03826,2.27108,visitors_g1,Scenario_2
53.2,15132,-6.67662,3.09179,0.04369,-0.03489,-0.0263,-2.4958,visitors_g1,Scenario_2
234.8,15127,6.94035,2.02981,0.0,0.0,0.0,0.0,visitors_g1,Scenario_2
235.2,15127,6.93317,2.03112,0.01826,-0.01797,0.00326,2.96184,visitors_g1,Scenario_2
235.6,15127,6.66095,2.022,0.68092,-0.68054,-0.0228,-3.10811,visitors_g1,Scenario_2
236.0,15127,6.09622,1.96466,1.41909,-1.41183,-0.14336,-3.04039,visitors_g1,Scenario_2
236.4,15127,5.49422,1.98891,1.50622,-1.505,0.06063,3.10133,visitors_g1,Scenario_2
236.8,15127,4.92777,2.04063,1.42201,-1.41612,0.1293,3.05054,visitors_g1,Scenario_2
237.2,15127,4.3873,1.99026,1.35704,-1.35118,-0.12593,-3.04867,visitors_g1,Scenario_2
237.6,15127,3.83966,1.97232,1.36983,-1.36909,-0.04484,-3.10885,visitors_g1,Scenario_2
238.0,15127,3.29874,1.9298,1.35648,-1.35231,-0.10629,-3.06315,visitors_g1,Scenario_2
238.4,15127,2.75653,1.86083,1.36644,-1.35552,-0.17243,-3.01507,visitors_g1,Scenario_2
238.8,15127,2.21543,1.90475,1.35719,-1.35274,0.10978,3.06061,visitors_g1,Scenario_2
239.2,15127,1.66013,1.93468,1.39026,-1.38825,0.07483,3.08774,visitors_g1,Scenario_2
239.6,15127,1.1193,1.90858,1.35365,-1.35207,-0.06525,-3.09337,visitors_g1,Scenario_2
240.0,15127,0.60771,1.89573,1.2794,-1.27899,-0.03213,-3.11647,visitors_g1,Scenario_2
240.4,15127,0.09405,1.78037,1.31613,-1.28415,-0.28839,-2.92068,visitors_g1,Scenario_2
240.8,15127,-0.44353,1.64199,1.38776,-1.34395,-0.34596,-2.88964,visitors_g1,Scenario_2
241.2,15127,-0.93858,1.56588,1.25216,-1.23762,-0.19028,-2.98904,visitors_g1,Scenario_2
241.6,15127,-1.34736,1.42964,1.0772,-1.02194,-0.34059,-2.81989,visitors_g1,Scenario_2
242.0,15127,-1.71024,1.31379,0.95232,-0.90721,-0.28962,-2.83258,visitors_g1,Scenario_2
242.4,15127,-2.01055,1.30286,0.75127,-0.75077,-0.02733,-3.1052,visitors_g1,Scenario_2
79.2,15136,-6.40922,2.83693,0.0,0.0,0.0,0.0,visitors_g1,Scenario_2
79.6,15136,-6.44377,2.79598,0.13395,-0.08638,-0.10237,-2.27169,visitors_g1,Scenario_2
80.0,15136,-6.46883,2.77263,0.08563,-0.06265,-0.05836,-2.39165,visitors_g1,Scenario_2
80.4,15136,-6.43266,2.75398,0.10174,0.09043,-0.04662,-0.47604,visitors_g1,Scenario_2
80.8,15136,-6.33496,2.76831,0.24687,0.24426,0.0358,0.14554,visitors_g1,Scenario_2
81.2,15136,-6.14126,2.7613,0.48457,0.48426,-0.01751,-0.03615,visitors_g1,Scenario_2
81.6,15136,-5.77988,2.6718,0.93074,0.90345,-0.22375,-0.24277,visitors_g1,Scenario_2
82.0,15136,-5.31192,2.59499,1.18555,1.16989,-0.19204,-0.1627,visitors_g1,Scenario_2
82.4,15136,-4.81532,2.55998,1.24459,1.24151,-0.08752,-0.07038,visitors_g1,Scenario_2
82.8,15136,-4.29996,2.48257,1.30285,1.2884,-0.19352,-0.14909,visitors_g1,Scenario_2
83.2,15136,-3.79082,2.37846,1.29917,1.27284,-0.26027,-0.2017,visitors_g1,Scenario_2
83.6,15136,-3.29614,2.25349,1.27556,1.23671,-0.31244,-0.24746,visitors_g1,Scenario_2
84.0,15136,-2.7999,2.10072,1.29806,1.24061,-0.38191,-0.29864,visitors_g1,Scenario_2
84.4,15136,-2.29664,2.00211,1.28207,1.25815,-0.24652,-0.19349,visitors_g1,Scenario_2
84.8,15136,-1.79684,1.93943,1.25928,1.24949,-0.15671,-0.12477,visitors_g1,Scenario_2
85.2,15136,-1.30874,1.90453,1.22336,1.22025,-0.08726,-0.07139,visitors_g1,Scenario_2
85.6,15136,-0.84127,1.93583,1.1713,1.16869,0.07825,0.06686,visitors_g1,Scenario_2
86.0,15136,-0.36032,1.94561,1.20262,1.20237,0.02446,0.02034,visitors_g1,Scenario_2
86.4,15136,0.1473,1.95858,1.26946,1.26904,0.0324,0.02553,visitors_g1,Scenario_2
86.8,15136,0.65579,2.0254,1.28217,1.27124,0.16705,0.13066,visitors_g1,Scenario_2
92.4,15064,7.83206,2.9318,0.0,0.0,0.0,0.0,visitors_g1,Scenario_2
92.8,15064,8.0777,3.01249,0.64637,0.61409,0.20172,0.31738,visitors_g1,Scenario_2
93.2,15064,8.12395,3.0074,0.11633,0.11564,-0.01273,-0.10962,visitors_g1,Scenario_2
93.6,15064,8.1426,2.98784,0.06755,0.04661,-0.04889,-0.80923,visitors_g1,Scenario_2
94.0,15064,8.16124,2.96828,0.06755,0.04661,-0.04889,-0.80923,visitors_g1,Scenario_2
94.4,15064,8.17989,2.94873,0.06755,0.04661,-0.04889,-0.80923,visitors_g1,Scenario_2
94.8,15064,8.19853,2.92917,0.06755,0.04661,-0.04889,-0.80923,visitors_g1,Scenario_2
95.2,15064,8.21718,2.90962,0.06755,0.04661,-0.04889,-0.80923,visitors_g1,Scenario_2
95.6,15064,8.23582,2.89006,0.06755,0.04661,-0.04889,-0.80923,visitors_g1,Scenario_2
96.0,15064,8.25447,2.87051,0.06755,0.04661,-0.04889,-0.80923,visitors_g1,Scenario_2
96.4,15064,8.27311,2.85095,0.06755,0.04661,-0.04889,-0.80923,visitors_g1,Scenario_2
96.8,15064,8.29176,2.8314,0.06755,0.04661,-0.04889,-0.80923,visitors_g1,Scenario_2
97.2,15064,8.3104,2.81184,0.06755,0.04661,-0.04889,-0.80923,visitors_g1,Scenario_2
97.6,15064,8.26423,2.73162,0.2314,-0.11543,-0.20055,-2.09304,visitors_g1,Scenario_2
98.0,15064,7.99628,2.5292,0.83953,-0.66987,-0.50605,-2.49461,visitors_g1,Scenario_2
98.4,15064,7.56652,2.30236,1.21488,-1.07441,-0.56709,-2.65594,visitors_g1,Scenario_2
98.8,15064,7.16178,2.07336,1.16259,-1.01185,-0.57252,-2.62669,visitors_g1,Scenario_2
99.2,15064,6.75734,1.82125,1.19144,-1.01109,-0.63026,-2.58418,visitors_g1,Scenario_2
99.6,15064,6.31054,1.55641,1.2985,-1.11702,-0.6621,-2.60653,visitors_g1,Scenario_2
100.0,15064,5.85628,1.27524,1.33559,-1.13564,-0.70293,-2.58734,visitors_g1,Scenario_2
8.4,15259,4.23183,-0.74744,0.0,0.0,0.0,0.0,visitors_g1,Scenario_2
8.8,15259,3.71548,-0.91751,1.35909,-1.29086,-0.42519,-2.8234,visitors_g1,Scenario_2
9.2,15259,3.22061,-1.08845,1.30891,-1.23719,-0.42734,-2.80901,visitors_g1,Scenario_2
9.6,15259,2.76962,-1.26765,1.21323,-1.12749,-0.448,-2.76338,visitors_g1,Scenario_2
10.0,15259,2.32147,-1.45206,1.21152,-1.12036,-0.46104,-2.7512,visitors_g1,Scenario_2
10.4,15259,1.90119,-1.67182,1.18567,-1.05071,-0.54938,-2.65982,visitors_g1,Scenario_2
10.8,15259,1.54373,-1.97767,1.17613,-0.89364,-0.76464,-2.43383,visitors_g1,Scenario_2
11.2,15259,1.19705,-2.29946,1.1825,-0.86669,-0.80446,-2.39342,visitors_g1,Scenario_2
11.6,15259,0.83884,-2.60193,1.17208,-0.89553,-0.75617,-2.44036,visitors_g1,Scenario_2
12.0,15259,0.4909,-2.87238,1.10174,-0.86987,-0.67613,-2.48086,visitors_g1,Scenario_2
12.4,15259,0.14386,-3.05857,0.98458,-0.86759,-0.46549,-2.64915,visitors_g1,Scenario_2
12.8,15259,-0.1735,-3.19859,0.86717,-0.79338,-0.35004,-2.72608,visitors_g1,Scenario_2
13.2,15259,-0.43059,-3.31468,0.70522,-0.64274,-0.29022,-2.71747,visitors_g1,Scenario_2
13.6,15259,-0.63448,-3.37454,0.53123,-0.50971,-0.14966,-2.856,visitors_g1,Scenario_2
14.0,15259,-0.77653,-3.41496,0.36923,-0.35513,-0.10105,-2.86437,visitors_g1,Scenario_2
14.4,15259,-0.85549,-3.45947,0.2266,-0.1974,-0.11127,-2.62829,visitors_g1,Scenario_2
14.8,15259,-0.89364,-3.4829,0.11194,-0.09539,-0.05858,-2.59081,visitors_g1,Scenario_2
15.2,15259,-0.91026,-3.48686,0.0427,-0.04154,-0.00989,-2.90788,visitors_g1,Scenario_2
15.6,15259,-0.91522,-3.48586,0.01267,-0.01242,0.00249,2.94364,visitors_g1,Scenario_2
16.0,15259,-0.92198,-3.49033,0.02026,-0.0169,-0.01117,-2.55768,visitors_g1,Scenario_2
156.8,15045,2.45309,-0.00624,0.0,0.0,0.0,0.0,visitors_g1,Scenario_2
157.2,15045,3.02738,0.06192,1.44581,1.43574,0.17039,0.11813,visitors_g1,Scenario_2
157.6,15045,3.56692,0.18619,1.38417,1.34885,0.31066,0.22637,visitors_g1,Scenario_2
158.0,15045,4.01818,0.29056,1.15792,1.12813,0.26092,0.22729,visitors_g1,Scenario_2
158.4,15045,4.47018,0.37257,1.14847,1.13002,0.20502,0.17948,visitors_g1,Scenario_2
158.8,15045,4.97827,0.45952,1.28869,1.27022,0.21739,0.1695,visitors_g1,Scenario_2
159.2,15045,5.52699,0.47419,1.37229,1.3718,0.03666,0.02672,visitors_g1,Scenario_2
159.6,15045,6.09205,0.45926,1.41313,1.41264,-0.03732,-0.02642,visitors_g1,Scenario_2
160.0,15045,6.61886,0.45173,1.31718,1.31704,-0.01882,-0.01429,visitors_g1,Scenario_2
160.4,15045,7.11711,0.39676,1.25318,1.24563,-0.13742,-0.10988,visitors_g1,Scenario_2
160.8,15045,7.58974,0.32162,1.1964,1.18156,-0.18786,-0.15767,visitors_g1,Scenario_2
161.2,15045,7.97183,0.24557,0.97396,0.95522,-0.19012,-0.19646,visitors_g1,Scenario_2
161.6,15045,8.2484,0.14753,0.73359,0.69143,-0.2451,-0.34067,visitors_g1,Scenario_2
162.0,15045,8.43478,0.09463,0.48434,0.46593,-0.13225,-0.27657,visitors_g1,Scenario_2
162.4,15045,8.52748,0.09864,0.23197,0.23175,0.01004,0.04328,visitors_g1,Scenario_2
162.8,15045,8.54989,0.11918,0.076,0.05603,0.05134,0.74175,visitors_g1,Scenario_2
163.2,15045,8.50961,0.21468,0.25911,-0.10069,0.23874,1.9699,visitors_g1,Scenario_2
163.6,15045,8.39009,0.38012,0.51026,-0.29881,0.41361,2.19642,visitors_g1,Scenario_2
164.0,15045,8.10793,0.51123,0.77783,-0.7054,0.32777,2.70661,visitors_g1,Scenario_2
164.4,15045,7.65228,0.55622,1.14466,-1.13912,0.11246,3.04318,visitors_g1,Scenario_2
87.6,15114,-3.57014,1.19432,0.0,0.0,0.0,0.0,visitors_g1,Scenario_2
88.0,15114,-4.07884,1.07553,1.30596,-1.27174,-0.29699,-2.91217,visitors_g1,Scenario_2
88.4,15114,-4.56569,0.94454,1.26042,-1.21713,-0.32747,-2.87877,visitors_g1,Scenario_2
88.8,15114,-5.01816,0.71834,1.26466,-1.13118,-0.5655,-2.67801,visitors_g1,Scenario_2
89.2,15114,-5.48988,0.51236,1.28683,-1.17929,-0.51496,-2.72988,visitors_g1,Scenario_2
89.6,15114,-5.90366,0.29198,1.17202,-1.03446,-0.55094,-2.65221,visitors_g1,Scenario_2
90.0,15114,-6.2908,-0.01184,1.2303,-0.96784,-0.75954,-2.4762,visitors_g1,Scenario_2
90.4,15114,-6.73424,-0.27191,1.28521,-1.10861,-0.65019,-2.61117,visitors_g1,Scenario_2
90.8,15114,-7.15844,-0.50882,1.21468,-1.06051,-0.59227,-2.63227,visitors_g1,Scenario_2
91.2,15114,-7.53994,-0.77845,1.16791,-0.95375,-0.67407,-2.52634,visitors_g1,Scenario_2
91.6,15114,-7.89542,-0.89734,0.93709,-0.8887,-0.29724,-2.81882,visitors_g1,Scenario_2
92.0,15114,-8.15581,-0.88014,0.65239,-0.65097,0.04302,3.0756,visitors_g1,Scenario_2
92.4,15114,-8.30927,-0.90953,0.39062,-0.38364,-0.07348,-2.95236,visitors_g1,Scenario_2
92.8,15114,-8.41812,-0.95984,0.2998,-0.27213,-0.12579,-2.70861,visitors_g1,Scenario_2
93.2,15114,-8.49093,-0.9774,0.18725,-0.18203,-0.04389,-2.905,visitors_g1,Scenario_2
93.6,15114,-8.54141,-1.0143,0.15633,-0.12619,-0.09227,-2.51028,visitors_g1,Scenario_2
94.0,15114,-8.51931,-1.03984,0.08442,0.05525,-0.06383,-0.85735,visitors_g1,Scenario_2
94.4,15114,-8.36372,-0.92901,0.47756,0.38897,0.27706,0.61893,visitors_g1,Scenario_2
94.8,15114,-8.18726,-0.81138,0.5302,0.44117,0.29407,0.58794,visitors_g1,Scenario_2
95.2,15114,-7.94403,-0.77494,0.61486,0.60807,0.09111,0.14872,visitors_g1,Scenario_2
127.2,15189,8.52564,2.27474,0.0,0.0,0.0,0.0,visitors_g1,Scenario_2
127.6,15189,8.58125,2.41787,0.38388,0.13903,0.35783,1.20021,visitors_g1,Scenario_2
128.0,15189,8.64387,2.47476,0.2115,0.15655,0.14222,0.73747,visitors_g1,Scenario_2
128.4,15189,8.68069,2.51978,0.1454,0.09204,0.11257,0.8854,visitors_g1,Scenario_2
128.8,15189,8.70128,2.5565,0.10523,0.05147,0.09178,1.05967,visitors_g1,Scenario_2
129.2,15189,8.71713,2.58847,0.08922,0.03962,0.07994,1.11063,visitors_g1,Scenario_2
129.6,15189,8.71825,2.6016,0.03293,0.0028,0.03281,1.4857,visitors_g1,Scenario_2
130.0,15189,8.64639,2.56771,0.1986,-0.17963,-0.08472,-2.70089,visitors_g1,Scenario_2
130.4,15189,8.49212,2.53369,0.39496,-0.38569,-0.08504,-2.92457,visitors_g1,Scenario_2
130.8,15189,8.31953,2.47408,0.45647,-0.43147,-0.14902,-2.80905,visitors_g1,Scenario_2
131.2,15189,8.16119,2.29819,0.59166,-0.39586,-0.43973,-2.30375,visitors_g1,Scenario_2
131.6,15189,7.96244,2.00647,0.88248,-0.49687,-0.72931,-2.16885,visitors_g1,Scenario_2
132.0,15189,7.61481,1.7309,1.109,-0.86907,-0.68891,-2.47132,visitors_g1,Scenario_2
132.4,15189,7.14604,1.46227,1.35073,-1.17194,-0.67159,-2.62122,visitors_g1,Scenario_2
132.8,15189,6.60019,1.16331,1.55587,-1.36461,-0.74738,-2.64053,visitors_g1,Scenario_2
133.2,15189,6.01071,0.9302,1.58476,-1.47371,-0.58279,-2.76501,visitors_g1,Scenario_2
133.6,15189,5.44722,0.71182,1.5108,-1.40871,-0.54594,-2.77187,visitors_g1,Scenario_2
134.0,15189,4.87745,0.55223,1.47925,-1.42442,-0.39898,-2.86849,visitors_g1,Scenario_2
134.4,15189,4.28414,0.44551,1.50708,-1.48328,-0.2668,-2.96363,visitors_g1,Scenario_2
134.8,15189,3.67393,0.33564,1.55005,-1.52552,-0.27468,-2.96344,visitors_g1,Scenario_2
184.0,15074,-4.60961,1.63049,0.0,0.0,0.0,0.0,visitors_g1,Scenario_2
184.4,15074,-4.06855,1.78231,1.4049,1.35266,0.37957,0.27357,visitors_g1,Scenario_2
184.8,15074,-3.52501,1.92862,1.40722,1.35885,0.36578,0.26295,visitors_g1,Scenario_2
185.2,15074,-2.97471,2.07602,1.42424,1.37575,0.3685,0.26171,visitors_g1,Scenario_2
185.6,15074,-2.4257,2.19304,1.40336,1.37254,0.29253,0.20999,visitors_g1,Scenario_2
186.0,15074,-1.87103,2.30392,1.41411,1.38667,0.27721,0.19731,visitors_g1,Scenario_2
186.4,15074,-1.32047,2.38853,1.39255,1.37639,0.21152,0.15248,visitors_g1,Scenario_2
186.8,15074,-0.77002,2.44552,1.38347,1.37612,0.14248,0.10317,visitors_g1,Scenario_2
187.2,15074,-0.23252,2.48485,1.34736,1.34377,0.09832,0.07304,visitors_g1,Scenario_2
187.6,15074,0.33362,2.51024,1.41675,1.41533,0.06348,0.04482,visitors_g1,Scenario_2
188.0,15074,0.91426,2.55452,1.45582,1.45161,0.1107,0.07611,visitors_g1,Scenario_2
188.4,15074,1.43425,2.5637,1.30018,1.29998,0.02296,0.01766,visitors_g1,Scenario_2
188.8,15074,1.96779,2.55303,1.33412,1.33385,-0.02668,-0.02,visitors_g1,Scenario_2
189.2,15074,2.51217,2.52961,1.36221,1.36095,-0.05855,-0.04299,visitors_g1,Scenario_2
189.6,15074,3.04555,2.46292,1.34384,1.33345,-0.16674,-0.1244,visitors_g1,Scenario_2
190.0,15074,3.6418,2.47684,1.49103,1.49063,0.03481,0.02335,visitors_g1,Scenario_2
190.4,15074,4.17964,2.52095,1.34911,1.34459,0.11028,0.08183,visitors_g1,Scenario_2
190.8,15074,4.61684,2.51901,1.09302,1.09301,-0.00486,-0.00445,visitors_g1,Scenario_2
191.2,15074,5.07079,2.57843,1.14454,1.13486,0.14856,0.13016,visitors_g1,Scenario_2
191.6,15074,5.54111,2.65119,1.1898,1.17581,0.18191,0.15349,visitors_g1,Scenario_2
159.6,15221,-0.20145,1.87699,0.0,0.0,0.0,0.0,visitors_g1,Scenario_2
160.0,15221,-0.12132,1.56921,0.79511,0.20034,-0.76946,-1.31609,visitors_g1,Scenario_2
160.4,15221,-0.10849,1.19518,0.93562,0.03207,-0.93507,-1.53651,visitors_g1,Scenario_2
160.8,15221,-0.13651,0.7463,1.12439,-0.07005,-1.1222,-1.63314,visitors_g1,Scenario_2
161.2,15221,-0.13091,0.23856,1.26944,0.01401,-1.26936,-1.55976,visitors_g1,Scenario_2
161.6,15221,-0.22243,-0.27322,1.29973,-0.2288,-1.27944,-1.74776,visitors_g1,Scenario_2
162.0,15221,-0.38348,-0.79833,1.37314,-0.40263,-1.31278,-1.86839,visitors_g1,Scenario_2
162.4,15221,-0.53663,-1.34581,1.42123,-0.38288,-1.36868,-1.84356,visitors_g1,Scenario_2
162.8,15221,-0.76271,-1.88481,1.46125,-0.5652,-1.34752,-1.96795,visitors_g1,Scenario_2
163.2,15221,-1.01906,-2.42392,1.49239,-0.64089,-1.34778,-2.01466,visitors_g1,Scenario_2
163.6,15221,-1.26044,-2.9366,1.41665,-0.60346,-1.28169,-2.01084,visitors_g1,Scenario_2
164.0,15221,-1.42942,-3.35393,1.1256,-0.42245,-1.04332,-1.95552,visitors_g1,Scenario_2
164.4,15221,-1.39315,-3.6521,0.75093,0.09067,-0.74544,-1.44975,visitors_g1,Scenario_2
164.8,15221,-1.31333,-3.80763,0.43704,0.19955,-0.38882,-1.09663,visitors_g1,Scenario_2
165.2,15221,-1.3306,-3.86137,0.14112,-0.04317,-0.13435,-1.88168,visitors_g1,Scenario_2
165.6,15221,-1.3489,-3.88087,0.06684,-0.04575,-0.04873,-2.3247,visitors_g1,Scenario_2
166.0,15221,-1.3568,-3.88391,0.02116,-0.01974,-0.00762,-2.77327,visitors_g1,Scenario_2
166.4,15221,-1.36641,-3.88474,0.02412,-0.02403,-0.00206,-3.05591,visitors_g1,Scenario_2
166.8,15221,-1.36912,-3.88219,0.00929,-0.00677,0.00636,2.38704,visitors_g1,Scenario_2
167.2,15221,-1.36221,-3.87689,0.02176,0.01725,0.01326,0.65521,visitors_g1,Scenario_2
33.6,15005,7.47963,0.46855,0.0,0.0,0.0,0.0,visitors_g1,Scenario_2
34.0,15005,7.91857,0.45826,1.09766,1.09736,-0.02573,-0.02344,visitors_g1,Scenario_2
34.4,15005,8.35179,0.4741,1.08376,1.08304,0.0396,0.03654,visitors_g1,Scenario_2
34.8,15005,8.70512,0.39594,0.90468,0.88333,-0.19538,-0.21768,visitors_g1,Scenario_2
35.2,15005,8.96195,0.25307,0.73474,0.64208,-0.35718,-0.50766,visitors_g1,Scenario_2
35.6,15005,9.17466,0.18583,0.5577,0.53176,-0.1681,-0.30618,visitors_g1,Scenario_2
36.0,15005,9.27613,0.15679,0.26386,0.25368,-0.07259,-0.27871,visitors_g1,Scenario_2
36.4,15005,9.25476,0.09361,0.16674,-0.05342,-0.15796,-1.89692,visitors_g1,Scenario_2
36.8,15005,9.2288,0.03954,0.14995,-0.06491,-0.13518,-2.01845,visitors_g1,Scenario_2
37.2,15005,9.20607,0.05056,0.06314,-0.05681,0.02756,2.68996,visitors_g1,Scenario_2
37.6,15005,9.07922,0.08626,0.32945,-0.31713,0.08923,2.86732,visitors_g1,Scenario_2
38.0,15005,8.85976,0.11828,0.55446,-0.54865,0.08006,2.99669,visitors_g1,Scenario_2
38.4,15005,8.62449,0.15794,0.59649,-0.58819,0.09915,2.9746,visitors_g1,Scenario_2
38.8,15005,8.38921,0.1976,0.59649,-0.58819,0.09915,2.9746,visitors_g1,Scenario_2
39.2,15005,8.12122,0.20489,0.67022,-0.66997,0.01824,3.11437,visitors_g1,Scenario_2
39.6,15005,7.77216,0.20816,0.87269,-0.87265,0.00816,3.13224,visitors_g1,Scenario_2
40.0,15005,7.3095,0.27392,1.16827,-1.15664,0.16442,3.00039,visitors_g1,Scenario_2
40.4,15005,6.78452,0.28695,1.31286,-1.31246,0.03256,3.11679,visitors_g1,Scenario_2
40.8,15005,6.24545,0.26411,1.34887,-1.34766,-0.0571,-3.09925,visitors_g1,Scenario_2
41.2,15005,5.69189,0.30916,1.38849,-1.38391,0.11263,3.06038,visitors_g1,Scenario_2
52.8,15154,-6.7528,2.55309,0.0,0.0,0.0,0.0,visitors_g1,Scenario_2
53.2,15154,-6.75703,2.58331,0.07629,-0.01057,0.07555,1.70987,visitors_g1,Scenario_2
53.6,15154,-6.73359,2.591,0.06168,0.0586,0.01923,0.31714,visitors_g1,Scenario_2
54.0,15154,-6.70175,2.58789,0.07999,0.07961,-0.0078,-0.09763,visitors_g1,Scenario_2
54.4,15154,-6.698,2.52206,0.16483,0.00937,-0.16457,-1.51393,visitors_g1,Scenario_2
54.8,15154,-6.77431,2.3987,0.36263,-0.19078,-0.30839,-2.12481,visitors_g1,Scenario_2
55.2,15154,-6.80014,2.27595,0.31361,-0.06457,-0.30689,-1.77817,visitors_g1,Scenario_2
55.6,15154,-6.65065,2.13735,0.50964,0.37373,-0.3465,-0.74762,visitors_g1,Scenario_2
56.0,15154,-6.40889,2.09659,0.61291,0.60439,-0.1019,-0.16703,visitors_g1,Scenario_2
56.4,15154,-6.10016,2.11888,0.77385,0.77185,0.05574,0.07209,visitors_g1,Scenario_2
56.8,15154,-5.79679,1.9397,0.88083,0.75842,-0.44796,-0.53352,visitors_g1,Scenario_2
57.2,15154,-5.53739,1.63413,1.00206,0.64851,-0.76391,-0.86693,visitors_g1,Scenario_2
57.6,15154,-5.22659,1.36285,1.03135,0.77698,-0.67821,-0.71763,visitors_g1,Scenario_2
58.0,15154,-4.91478,1.03312,1.13454,0.77952,-0.82434,-0.81333,visitors_g1,Scenario_2
58.4,15154,-4.61978,0.69867,1.1149,0.73752,-0.83611,-0.84797,visitors_g1,Scenario_2
58.8,15154,-4.26944,0.43374,1.09807,0.87584,-0.66232,-0.64747,visitors_g1,Scenario_2
59.2,15154,-3.91666,0.12565,1.17095,0.88196,-0.77024,-0.71788,visitors_g1,Scenario_2
59.6,15154,-3.58134,-0.21697,1.19851,0.8383,-0.85655,-0.79617,visitors_g1,Scenario_2
60.0,15154,-3.28469,-0.52598,1.07088,0.74163,-0.77251,-0.80579,visitors_g1,Scenario_2
60.4,15154,-3.05575,-0.88515,1.06481,0.57233,-0.89793,-1.00334,visitors_g1,Scenario_2
100.8,15013,3.91642,-0.39666,0.0,0.0,0.0,0.0,visitors_g1,Scenario_2
101.2,15013,3.50083,-0.71217,1.30449,-1.03899,-0.78878,-2.49224,visitors_g1,Scenario_2
101.6,15013,3.0399,-0.96174,1.31038,-1.15232,-0.62392,-2.64534,visitors_g1,Scenario_2
102.0,15013,2.61103,-1.28167,1.33764,-1.07217,-0.79983,-2.50066,visitors_g1,Scenario_2
102.4,15013,2.16637,-1.63046,1.41284,-1.11166,-0.87197,-2.47644,visitors_g1,Scenario_2
102.8,15013,1.7433,-1.92491,1.28862,-1.05766,-0.73613,-2.53356,visitors_g1,Scenario_2
103.2,15013,1.4013,-2.24457,1.17033,-0.85502,-0.79913,-2.38997,visitors_g1,Scenario_2
103.6,15013,1.03433,-2.4896,1.10315,-0.91742,-0.61259,-2.55286,visitors_g1,Scenario_2
104.0,15013,0.70251,-2.68838,0.96701,-0.82954,-0.49695,-2.60186,visitors_g1,Scenario_2
104.4,15013,0.4555,-2.96885,0.93433,-0.61751,-0.70117,-2.29284,visitors_g1,Scenario_2
104.8,15013,0.20672,-3.13538,0.74843,-0.62195,-0.41632,-2.55171,visitors_g1,Scenario_2
105.2,15013,0.03087,-3.12117,0.44106,-0.43962,0.03552,3.06097,visitors_g1,Scenario_2
105.6,15013,-0.02155,-3.09724,0.14408,-0.13107,0.05984,2.71332,visitors_g1,Scenario_2
106.0,15013,-0.06017,-3.16464,0.1942,-0.09653,-0.16851,-2.09099,visitors_g1,Scenario_2
106.4,15013,-0.13311,-3.28703,0.3562,-0.18237,-0.30597,-2.1083,visitors_g1,Scenario_2
106.8,15013,-0.17371,-3.37516,0.24258,-0.10149,-0.22033,-2.00246,visitors_g1,Scenario_2
107.2,15013,-0.16685,-3.45269,0.19459,0.01714,-0.19383,-1.48258,visitors_g1,Scenario_2
107.6,15013,-0.26405,-3.53808,0.32343,-0.24299,-0.21346,-2.4208,visitors_g1,Scenario_2
108.0,15013,-0.48239,-3.68688,0.66056,-0.54586,-0.372,-2.54339,visitors_g1,Scenario_2
108.4,15013,-0.62411,-3.82742,0.49899,-0.35431,-0.35136,-2.36037,visitors_g1,Scenario_2
67.2,15009,6.57307,0.16833,0.0,0.0,0.0,0.0,visitors_g1,Scenario_2
67.6,15009,7.08217,0.12346,1.27768,1.27274,-0.11216,-0.08789,visitors_g1,Scenario_2
68.0,15009,7.57154,0.1481,1.22497,1.22342,0.06158,0.0503,visitors_g1,Scenario_2
68.4,15009,8.01159,0.18578,1.10416,1.10013,0.0942,0.08542,visitors_g1,Scenario_2
68.8,15009,8.39936,0.08439,1.00201,0.96942,-0.25348,-0.25575,visitors_g1,Scenario_2
69.2,15009,8.686,-0.00698,0.75212,0.71659,-0.22842,-0.30858,visitors_g1,Scenario_2
69.6,15009,8.73492,-0.00884,0.12239,0.12231,-0.00464,-0.03794,visitors_g1,Scenario_2
70.0,15009,8.62711,-0.00331,0.26988,-0.26953,0.01382,3.09035,visitors_g1,Scenario_2
70.4,15009,8.50525,0.00016,0.30477,-0.30465,0.00868,3.11311,visitors_g1,Scenario_2
70.8,15009,8.38339,0.00364,0.30477,-0.30465,0.00868,3.11311,visitors_g1,Scenario_2
71.2,15009,8.26153,0.00711,0.30477,-0.30465,0.00868,3.11311,visitors_g1,Scenario_2
71.6,15009,8.13967,0.01058,0.30477,-0.30465,0.00868,3.11311,visitors_g1,Scenario_2
72.0,15009,8.01781,0.01405,0.30477,-0.30465,0.00868,3.11311,visitors_g1,Scenario_2
72.4,15009,7.81265,0.00822,0.51312,-0.51291,-0.01458,-3.11317,visitors_g1,Scenario_2
72.8,15009,7.42795,-0.05779,0.97581,-0.96175,-0.16503,-2.97165,visitors_g1,Scenario_2
73.2,15009,7.00529,-0.09778,1.06137,-1.05665,-0.09997,-3.04726,visitors_g1,Scenario_2
73.6,15009,6.60619,-0.01306,1.01998,-0.99775,0.21182,2.9324,visitors_g1,Scenario_2
74.0,15009,6.13647,0.00639,1.1753,-1.17429,0.04861,3.10022,visitors_g1,Scenario_2
74.4,15009,5.6131,-0.03039,1.31165,-1.30842,-0.09196,-3.07143,visitors_g1,Scenario_2
74.8,15009,5.07605,-0.0076,1.34383,-1.34263,0.05699,3.09917,visitors_g1,Scenario_2
43.2,15179,-5.03653,0.57717,0.0,0.0,0.0,0.0,visitors_g1,Scenario_2
43.6,15179,-4.50978,0.53278,1.32154,1.31687,-0.11098,-0.08408,visitors_g1,Scenario_2
44.0,15179,-3.97216,0.49856,1.34677,1.34405,-0.08553,-0.06355,visitors_g1,Scenario_2
44.4,15179,-3.42305,0.36359,1.41364,1.37277,-0.33744,-0.24103,visitors_g1,Scenario_2
44.8,15179,-2.88816,0.21767,1.38608,1.33721,-0.3648,-0.26633,visitors_g1,Scenario_2
45.2,15179,-2.40044,0.12184,1.24261,1.2193,-0.23956,-0.194,visitors_g1,Scenario_2
45.6,15179,-1.92271,0.05929,1.20452,1.19433,-0.15638,-0.1302,visitors_g1,Scenario_2
46.0,15179,-1.41376,0.04917,1.27262,1.27237,-0.0253,-0.01988,visitors_g1,Scenario_2
46.4,15179,-0.92115,0.02457,1.23306,1.23153,-0.06152,-0.04991,visitors_g1,Scenario_2
46.8,15179,-0.41464,0.01495,1.2665,1.26628,-0.02404,-0.01898,visitors_g1,Scenario_2
47.2,15179,0.12774,0.04136,1.35756,1.35595,0.06601,0.04865,visitors_g1,Scenario_2
47.6,15179,0.62007,0.04208,1.23084,1.23084,0.00182,0.00148,visitors_g1,Scenario_2
48.0,15179,1.1109,0.07283,1.22948,1.22708,0.07686,0.06255,visitors_g1,Scenario_2
48.4,15179,1.63868,0.09333,1.32044,1.31944,0.05127,0.03884,visitors_g1,Scenario_2
48.8,15179,2.17407,0.09492,1.33848,1.33847,0.00395,0.00295,visitors_g1,Scenario_2
49.2,15179,2.72684,0.15068,1.38895,1.38194,0.13941,0.10054,visitors_g1,Scenario_2
49.6,15179,3.26995,0.17231,1.35883,1.35776,0.05408,0.03981,visitors_g1,Scenario_2
50.0,15179,3.78954,0.19658,1.3004,1.29898,0.06069,0.04669,visitors_g1,Scenario_2
50.4,15179,4.29697,0.23797,1.27278,1.26857,0.10346,0.08138,visitors_g1,Scenario_2
50.8,15179,4.7885,0.22536,1.22924,1.22884,-0.03151,-0.02564,visitors_g1,Scenario_2
193.2,15225,6.67248,-1.07389,0.0,0.0,0.0,0.0,visitors_g1,Scenario_2
193.6,15225,6.07231,-1.03366,1.5038,-1.50044,0.10057,3.07467,visitors_g1,Scenario_2
194.0,15225,5.52285,-0.98201,1.3797,-1.37364,0.12914,3.04786,visitors_g1,Scenario_2
194.4,15225,4.93525,-0.96504,1.4696,-1.46899,0.04242,3.11272,visitors_g1,Scenario_2
194.8,15225,4.31676,-0.91188,1.55192,-1.54622,0.1329,3.05585,visitors_g1,Scenario_2
195.2,15225,3.69793,-0.86634,1.55126,-1.54708,0.11385,3.06814,visitors_g1,Scenario_2
195.6,15225,3.09416,-0.85509,1.50969,-1.50943,0.02813,3.12296,visitors_g1,Scenario_2
196.0,15225,2.47727,-0.79221,1.55023,-1.54224,0.15719,3.04002,visitors_g1,Scenario_2
196.4,15225,1.83496,-0.73638,1.61182,-1.60577,0.13957,3.05489,visitors_g1,Scenario_2
196.8,15225,1.20854,-0.67105,1.57455,-1.56605,0.16334,3.03766,visitors_g1,Scenario_2
197.2,15225,0.58689,-0.56372,1.57711,-1.55411,0.26833,2.97062,visitors_g1,Scenario_2
197.6,15225,-0.03903,-0.49464,1.57431,-1.56481,0.1727,3.03167,visitors_g1,Scenario_2
198.0,15225,-0.63133,-0.38589,1.5055,-1.48075,0.27186,2.96002,visitors_g1,Scenario_2
198.4,15225,-1.22418,-0.23361,1.53024,-1.48212,0.38069,2.89017,visitors_g1,Scenario_2
198.8,15225,-1.80321,-0.07719,1.49947,-1.44757,0.39106,2.87774,visitors_g1,Scenario_2
199.2,15225,-2.27569,0.15091,1.31164,-1.1812,0.57024,2.69183,visitors_g1,Scenario_2
199.6,15225,-2.65604,0.41222,1.15367,-0.95088,0.65328,2.53963,visitors_g1,Scenario_2
200.0,15225,-3.00444,0.73386,1.18542,-0.871,0.8041,2.39611,visitors_g1,Scenario_2
200.4,15225,-3.36663,1.15841,1.39514,-0.90547,1.06139,2.27709,visitors_g1,Scenario_2
200.8,15225,-3.83478,1.48068,1.42087,-1.17037,0.80568,2.5387,visitors_g1,Scenario_2
57.2,15111,-6.59601,-2.56442,0.0,0.0,0.0,0.0,visitors_g1,Scenario_2
57.6,15111,-6.74752,-2.75811,0.61475,-0.37877,-0.48421,-2.23462,visitors_g1,Scenario_2
58.0,15111,-6.89093,-2.77656,0.36147,-0.35852,-0.04613,-3.01364,visitors_g1,Scenario_2
58.4,15111,-7.00893,-2.79195,0.29751,-0.29501,-0.03848,-3.01188,visitors_g1,Scenario_2
58.8,15111,-7.04739,-2.84034,0.15453,-0.09615,-0.12097,-2.24235,visitors_g1,Scenario_2
59.2,15111,-6.99629,-2.83262,0.12921,0.12776,0.01929,0.14987,visitors_g1,Scenario_2
59.6,15111,-6.95331,-2.7689,0.19216,0.10745,0.15932,0.97745,visitors_g1,Scenario_2
60.0,15111,-6.95665,-2.70321,0.16443,-0.00836,0.16422,1.62164,visitors_g1,Scenario_2
60.4,15111,-6.89422,-2.64091,0.22049,0.15606,0.15575,0.7844,visitors_g1,Scenario_2
60.8,15111,-6.79159,-2.60854,0.26904,0.25659,0.08092,0.3055,visitors_g1,Scenario_2
61.2,15111,-6.73032,-2.55831,0.19808,0.15318,0.12558,0.68671,visitors_g1,Scenario_2
61.6,15111,-6.63862,-2.41676,0.42164,0.22925,0.35387,0.99594,visitors_g1,Scenario_2
62.0,15111,-6.54517,-2.1142,0.79165,0.23362,0.75639,1.27123,visitors_g1,Scenario_2
62.4,15111,-6.40975,-1.77005,0.9246,0.33856,0.86039,1.19591,visitors_g1,Scenario_2
62.8,15111,-6.14143,-1.4689,1.00835,0.6708,0.75286,0.84297,visitors_g1,Scenario_2
63.2,15111,-5.85611,-1.09266,1.18048,0.71329,0.94062,0.92199,visitors_g1,Scenario_2
63.6,15111,-5.52746,-0.74512,1.19581,0.82162,0.86885,0.81333,visitors_g1,Scenario_2
64.0,15111,-5.11515,-0.48496,1.21882,1.03078,0.6504,0.56288,visitors_g1,Scenario_2
64.4,15111,-4.69641,-0.15945,1.32594,1.04686,0.81377,0.66077,visitors_g1,Scenario_2
64.8,15111,-4.24029,0.10283,1.31538,1.1403,0.6557,0.52185,visitors_g1,Scenario_2
129.6,15094,-4.01541,1.64385,0.0,0.0,0.0,0.0,visitors_g1,Scenario_2
130.0,15094,-3.49581,1.95491,1.51397,1.299,0.77763,0.53942,visitors_g1,Scenario_2
130.4,15094,-2.96365,2.22582,1.49289,1.33041,0.67729,0.47089,visitors_g1,Scenario_2
130.8,15094,-2.38642,2.43706,1.53665,1.44306,0.52809,0.35082,visitors_g1,Scenario_2
131.2,15094,-1.80337,2.65897,1.55965,1.45765,0.55478,0.36367,visitors_g1,Scenario_2
131.6,15094,-1.21828,2.87064,1.55548,1.4627,0.52917,0.34713,visitors_g1,Scenario_2
132.0,15094,-0.6662,3.03408,1.43943,1.38022,0.40861,0.28783,visitors_g1,Scenario_2
132.4,15094,-0.33296,3.15832,0.8891,0.83308,0.31059,0.35686,visitors_g1,Scenario_2
132.8,15094,-0.24328,3.2244,0.27849,0.22421,0.16519,0.635,visitors_g1,Scenario_2
133.2,15094,-0.23259,3.263,0.10015,0.02673,0.09652,1.3006,visitors_g1,Scenario_2
133.6,15094,-0.22485,3.29324,0.07802,0.01935,0.07559,1.32021,visitors_g1,Scenario_2
134.0,15094,-0.21797,3.29606,0.0186,0.0172,0.00706,0.38961,visitors_g1,Scenario_2
134.4,15094,-0.20902,3.29738,0.0226,0.02236,0.00328,0.14556,visitors_g1,Scenario_2
134.8,15094,-0.19959,3.3186,0.05807,0.02359,0.05307,1.15255,visitors_g1,Scenario_2
135.2,15094,-0.27186,3.30507,0.18382,-0.18068,-0.03382,-2.95657,visitors_g1,Scenario_2
135.6,15094,-0.48531,3.26232,0.54422,-0.53362,-0.10688,-2.94391,visitors_g1,Scenario_2
136.0,15094,-0.90811,3.19501,1.0703,-1.05699,-0.16828,-2.98371,visitors_g1,Scenario_2
136.4,15094,-1.40504,3.03236,1.30719,-1.24234,-0.40662,-2.82528,visitors_g1,Scenario_2
136.8,15094,-1.82718,2.79048,1.21631,-1.05534,-0.6047,-2.62127,visitors_g1,Scenario_2
137.2,15094,-2.28437,2.5722,1.26657,-1.14299,-0.5457,-2.69616,visitors_g1,Scenario_2
157.2,15165,-4.55562,1.89426,0.0,0.0,0.0,0.0,visitors_g1,Scenario_2
157.6,15165,-4.05917,1.85261,1.24549,1.24113,-0.10413,-0.0837,visitors_g1,Scenario_2
158.0,15165,-3.56246,1.85637,1.24181,1.24178,0.00939,0.00756,visitors_g1,Scenario_2
158.4,15165,-3.06333,1.80565,1.25425,1.24782,-0.12678,-0.10126,visitors_g1,Scenario_2
158.8,15165,-2.5713,1.76329,1.23462,1.23007,-0.10592,-0.08589,visitors_g1,Scenario_2
159.2,15165,-2.09551,1.78428,1.19065,1.18949,0.05248,0.04409,visitors_g1,Scenario_2
159.6,15165,-1.62383,1.79492,1.1795,1.1792,0.02659,0.02254,visitors_g1,Scenario_2
160.0,15165,-1.15128,1.8447,1.18791,1.18138,0.12446,0.10497,visitors_g1,Scenario_2
160.4,15165,-0.67497,1.8704,1.1925,1.19077,0.06425,0.05391,visitors_g1,Scenario_2
160.8,15165,-0.19319,1.79852,1.21779,1.20446,-0.1797,-0.14811,visitors_g1,Scenario_2
161.2,15165,0.30985,1.66501,1.30113,1.25759,-0.33377,-0.25942,visitors_g1,Scenario_2
161.6,15165,0.76964,1.41426,1.3093,1.14947,-0.62687,-0.49927,visitors_g1,Scenario_2
162.0,15165,1.17619,1.11616,1.26032,1.01637,-0.74525,-0.63269,visitors_g1,Scenario_2
162.4,15165,1.6066,0.82286,1.30213,1.07604,-0.73327,-0.59817,visitors_g1,Scenario_2
162.8,15165,2.04587,0.49206,1.37472,1.09816,-0.82699,-0.64546,visitors_g1,Scenario_2
163.2,15165,2.5152,0.237,1.3354,1.17334,-0.63764,-0.4978,visitors_g1,Scenario_2
163.6,15165,3.01562,0.04513,1.33986,1.25105,-0.47969,-0.36614,visitors_g1,Scenario_2
164.0,15165,3.51951,-0.11937,1.32516,1.25973,-0.41124,-0.31554,visitors_g1,Scenario_2
164.4,15165,4.03784,-0.182,1.30524,1.29582,-0.15658,-0.12025,visitors_g1,Scenario_2
164.8,15165,4.5484,-0.22956,1.28193,1.27641,-0.1189,-0.09289,visitors_g1,Scenario_2
48.8,15110,-0.14878,2.72414,0.0,0.0,0.0,0.0,visitors_g1,Scenario_2
49.2,15110,-0.11775,2.76683,0.13194,0.07758,0.10671,0.94215,visitors_g1,Scenario_2
49.6,15110,-0.15619,2.67301,0.25348,-0.09611,-0.23455,-1.9597,visitors_g1,Scenario_2
50.0,15110,-0.28003,2.45842,0.6194,-0.3096,-0.53648,-2.0942,visitors_g1,Scenario_2
50.4,15110,-0.55186,2.23051,0.88681,-0.67956,-0.56977,-2.44385,visitors_g1,Scenario_2
50.8,15110,-0.83911,1.9749,0.96129,-0.71814,-0.63903,-2.41442,visitors_g1,Scenario_2
51.2,15110,-1.11684,1.64386,1.08028,-0.69433,-0.82759,-2.26886,visitors_g1,Scenario_2
51.6,15110,-1.52347,1.38558,1.2043,-1.01657,-0.6457,-2.57571,visitors_g1,Scenario_2
52.0,15110,-1.9612,1.14114,1.2534,-1.09433,-0.61111,-2.6323,visitors_g1,Scenario_2
52.4,15110,-2.38358,0.83234,1.30804,-1.05593,-0.77199,-2.5103,visitors_g1,Scenario_2
52.8,15110,-2.84739,0.62946,1.26562,-1.15953,-0.50722,-2.72924,visitors_g1,Scenario_2
53.2,15110,-3.30727,0.43115,1.25205,-1.14971,-0.49578,-2.73446,visitors_g1,Scenario_2
53.6,15110,-3.74816,0.17846,1.27041,-1.10221,-0.63172,-2.62116,visitors_g1,Scenario_2
54.0,15110,-4.22561,-0.01578,1.28861,-1.19362,-0.48558,-2.75522,visitors_g1,Scenario_2
54.4,15110,-4.65671,-0.27518,1.25782,-1.07775,-0.6485,-2.59991,visitors_g1,Scenario_2
54.8,15110,-5.00304,-0.59589,1.18005,-0.86583,-0.80178,-2.39458,visitors_g1,Scenario_2
55.2,15110,-5.36015,-0.87638,1.13525,-0.89278,-0.70123,-2.47579,visitors_g1,Scenario_2
55.6,15110,-5.66062,-1.22362,1.14797,-0.75117,-0.86809,-2.28411,visitors_g1,Scenario_2
56.0,15110,-5.90033,-1.60761,1.13168,-0.59928,-0.95998,-2.12886,visitors_g1,Scenario_2
56.4,15110,-6.18285,-1.90989,1.03438,-0.70631,-0.75569,-2.32243,visitors_g1,Scenario_2
25.2,15031,-0.8102,-3.57478,0.0,0.0,0.0,0.0,visitors_g1,Scenario_2
25.6,15031,-0.53466,-3.40404,0.81038,0.68885,0.42686,0.55476,visitors_g1,Scenario_2
26.0,15031,-0.27535,-3.16675,0.87873,0.64827,0.59322,0.74108,visitors_g1,Scenario_2
26.4,15031,-0.00408,-2.8629,1.0183,0.67818,0.75962,0.84198,visitors_g1,Scenario_2
26.8,15031,0.34964,-2.55625,1.17035,0.88429,0.76664,0.71426,visitors_g1,Scenario_2
27.2,15031,0.76389,-2.349,1.15801,1.03564,0.51812,0.46388,visitors_g1,Scenario_2
27.6,15031,1.15054,-2.15733,1.07887,0.96663,0.47916,0.4602,visitors_g1,Scenario_2
28.0,15031,1.55547,-1.9168,1.17746,1.01233,0.60133,0.536,visitors_g1,Scenario_2
28.4,15031,2.00719,-1.62945,1.33841,1.12928,0.71839,0.56657,visitors_g1,Scenario_2
28.8,15031,2.50593,-1.35865,1.4188,1.24687,0.67699,0.49742,visitors_g1,Scenario_2
29.2,15031,3.04189,-1.16608,1.42375,1.33989,0.48142,0.34494,visitors_g1,Scenario_2
29.6,15031,3.55802,-1.03188,1.33324,1.29033,0.3355,0.25438,visitors_g1,Scenario_2
30.0,15031,4.04252,-0.94075,1.2325,1.21126,0.22784,0.18593,visitors_g1,Scenario_2
30.4,15031,4.53745,-0.87508,1.24817,1.23732,0.16418,0.13192,visitors_g1,Scenario_2
30.8,15031,5.05186,-0.79243,1.30253,1.28603,0.20663,0.15931,visitors_g1,Scenario_2
31.2,15031,5.55976,-0.72858,1.27973,1.26973,0.15963,0.12506,visitors_g1,Scenario_2
31.6,15031,6.07171,-0.67481,1.28693,1.27989,0.1344,0.10463,visitors_g1,Scenario_2
32.0,15031,6.60039,-0.59199,1.3378,1.32168,0.20707,0.15541,visitors_g1,Scenario_2
32.4,15031,7.13413,-0.53042,1.34321,1.33437,0.15393,0.11485,visitors_g1,Scenario_2
32.8,15031,7.64919,-0.49167,1.29129,1.28765,0.09687,0.07509,visitors_g1,Scenario_2
219.6,15200,-1.17162,-2.00386,0.0,0.0,0.0,0.0,visitors_g1,Scenario_2
220.0,15200,-1.50655,-1.48568,1.5425,-0.83734,1.29544,2.14462,visitors_g1,Scenario_2
220.4,15200,-1.89527,-0.9392,1.67657,-0.97179,1.3662,2.18907,visitors_g1,Scenario_2
220.8,15200,-2.3376,-0.44994,1.64891,-1.10583,1.22313,2.30587,visitors_g1,Scenario_2
221.2,15200,-2.76161,0.01033,1.56452,-1.06003,1.15068,2.31521,visitors_g1,Scenario_2
221.6,15200,-3.20507,0.4579,1.57515,-1.10864,1.11893,2.35158,visitors_g1,Scenario_2
222.0,15200,-3.67204,0.86949,1.55617,-1.16742,1.02898,2.41914,visitors_g1,Scenario_2
222.4,15200,-4.14634,1.28783,1.58108,-1.18575,1.04586,2.4188,visitors_g1,Scenario_2
222.8,15200,-4.65894,1.66144,1.58576,-1.28149,0.93403,2.51176,visitors_g1,Scenario_2
223.2,15200,-5.08615,2.00731,1.37417,-1.06804,0.86466,2.46104,visitors_g1,Scenario_2
223.6,15200,-5.44431,2.30833,1.16964,-0.8954,0.75254,2.44266,visitors_g1,Scenario_2
224.0,15200,-5.83146,2.53174,1.11747,-0.96788,0.55853,2.61821,visitors_g1,Scenario_2
224.4,15200,-6.1892,2.69798,0.98619,-0.89434,0.4156,2.70658,visitors_g1,Scenario_2
224.8,15200,-6.42441,2.79223,0.63349,-0.58803,0.23563,2.76047,visitors_g1,Scenario_2
225.2,15200,-6.49371,2.82474,0.19137,-0.17325,0.08129,2.7029,visitors_g1,Scenario_2
225.6,15200,-6.46406,2.83165,0.07613,0.07414,0.01726,0.22874,visitors_g1,Scenario_2
226.0,15200,-6.42273,2.81455,0.1118,0.10331,-0.04275,-0.39235,visitors_g1,Scenario_2
226.4,15200,-6.39814,2.78645,0.09334,0.06148,-0.07024,-0.85182,visitors_g1,Scenario_2
226.8,15200,-6.38667,2.77623,0.03841,0.02867,-0.02556,-0.72798,visitors_g1,Scenario_2
227.2,15200,-6.3752,2.78232,0.03248,0.02869,0.01522,0.48787,visitors_g1,Scenario_2
74.8,15036,5.25137,-0.50694,0.0,0.0,0.0,0.0,visitors_g1,Scenario_2
75.2,15036,5.20422,-0.50763,0.11789,-0.11787,-0.0017,-3.12714,visitors_g1,Scenario_2
75.6,15036,4.933,-0.52151,0.67894,-0.67805,-0.03472,-3.09043,visitors_g1,Scenario_2
76.0,15036,4.46548,-0.54881,1.17079,-1.1688,-0.06824,-3.08327,visitors_g1,Scenario_2
76.4,15036,3.96181,-0.60364,1.26662,-1.25918,-0.13706,-3.03317,visitors_g1,Scenario_2
76.8,15036,3.45993,-0.666,1.26435,-1.2547,-0.15591,-3.01797,visitors_g1,Scenario_2
77.2,15036,2.97072,-0.7466,1.2395,-1.22301,-0.2015,-2.9783,visitors_g1,Scenario_2
77.6,15036,2.4791,-0.90491,1.2912,-1.22904,-0.39579,-2.83005,visitors_g1,Scenario_2
78.0,15036,1.98195,-1.09913,1.33436,-1.24289,-0.48554,-2.76917,visitors_g1,Scenario_2
78.4,15036,1.5047,-1.32574,1.3208,-1.19313,-0.56653,-2.69828,visitors_g1,Scenario_2
78.8,15036,1.03331,-1.74914,1.58405,-1.17848,-1.0585,-2.40978,visitors_g1,Scenario_2
79.2,15036,0.50902,-2.24522,1.80445,-1.31072,-1.24018,-2.38384,visitors_g1,Scenario_2
79.6,15036,0.12105,-2.62235,1.35266,-0.96992,-0.94284,-2.37035,visitors_g1,Scenario_2
80.0,15036,-0.09028,-2.92324,0.91922,-0.52833,-0.75222,-2.18311,visitors_g1,Scenario_2
80.4,15036,-0.2975,-3.1812,0.82721,-0.51806,-0.6449,-2.24755,visitors_g1,Scenario_2
80.8,15036,-0.43545,-3.376,0.59674,-0.34485,-0.487,-2.18695,visitors_g1,Scenario_2
81.2,15036,-0.46978,-3.44662,0.1963,-0.08582,-0.17654,-2.02329,visitors_g1,Scenario_2
81.6,15036,-0.47419,-3.44037,0.01912,-0.01104,0.01562,2.186,visitors_g1,Scenario_2
82.0,15036,-0.45027,-3.41467,0.08778,0.0598,0.06426,0.82133,visitors_g1,Scenario_2
82.4,15036,-0.43579,-3.38995,0.07161,0.03619,0.0618,1.04105,visitors_g1,Scenario_2
142.8,15219,-7.56761,-2.67324,0.0,0.0,0.0,0.0,visitors_g1,Scenario_2
143.2,15219,-7.54271,-2.69064,0.07595,0.06226,-0.0435,-0.60988,visitors_g1,Scenario_2
143.6,15219,-7.51781,-2.70804,0.07595,0.06226,-0.0435,-0.60988,visitors_g1,Scenario_2
144.0,15219,-7.49291,-2.72544,0.07595,0.06226,-0.0435,-0.60988,visitors_g1,Scenario_2
144.4,15219,-7.468,-2.74284,0.07595,0.06226,-0.0435,-0.60988,visitors_g1,Scenario_2
144.8,15219,-7.4431,-2.76024,0.07595,0.06226,-0.0435,-0.60988,visitors_g1,Scenario_2
145.2,15219,-7.4182,-2.77764,0.07595,0.06226,-0.0435,-0.60988,visitors_g1,Scenario_2
145.6,15219,-7.3933,-2.79504,0.07595,0.06226,-0.0435,-0.60988,visitors_g1,Scenario_2
146.0,15219,-7.36839,-2.81244,0.07595,0.06226,-0.0435,-0.60988,visitors_g1,Scenario_2
146.4,15219,-7.34349,-2.82984,0.07595,0.06226,-0.0435,-0.60988,visitors_g1,Scenario_2
146.8,15219,-7.27419,-2.81032,0.17999,0.17325,0.04879,0.27451,visitors_g1,Scenario_2
147.2,15219,-7.03186,-2.72961,0.63856,0.60584,0.20179,0.32153,visitors_g1,Scenario_2
147.6,15219,-6.67266,-2.61589,0.94193,0.898,0.2843,0.30661,visitors_g1,Scenario_2
148.0,15219,-6.29041,-2.45469,1.03712,0.95561,0.403,0.39909,visitors_g1,Scenario_2
148.4,15219,-6.01411,-2.19188,0.95331,0.69076,0.65701,0.76036,visitors_g1,Scenario_2
148.8,15219,-5.93536,-1.83567,0.91203,0.19688,0.89053,1.35321,visitors_g1,Scenario_2
149.2,15219,-5.85806,-1.47446,0.92347,0.19324,0.90303,1.35998,visitors_g1,Scenario_2
149.6,15219,-5.6979,-1.13454,0.93941,0.40041,0.84981,1.13047,visitors_g1,Scenario_2
150.0,15219,-5.47116,-0.76007,1.09442,0.56685,0.93619,1.02635,visitors_g1,Scenario_2
150.4,15219,-5.11554,-0.41401,1.2405,0.88903,0.86514,0.77178,visitors_g1,Scenario_2
42.4,15085,-0.82941,3.18543,0.0,0.0,0.0,0.0,visitors_g1,Scenario_2
42.8,15085,-0.71737,3.27686,0.36154,0.28012,0.22857,0.68442,visitors_g1,Scenario_2
43.2,15085,-0.65151,3.3458,0.23836,0.16465,0.17235,0.80824,visitors_g1,Scenario_2
43.6,15085,-0.6286,3.38688,0.11758,0.05726,0.1027,1.06213,visitors_g1,Scenario_2
44.0,15085,-0.62322,3.40761,0.05355,0.01346,0.05184,1.31683,visitors_g1,Scenario_2
44.4,15085,-0.62957,3.41516,0.02465,-0.01588,0.01886,2.27077,visitors_g1,Scenario_2
44.8,15085,-0.65462,3.41526,0.06262,-0.06262,0.00027,3.1373,visitors_g1,Scenario_2
45.2,15085,-0.53941,3.43005,0.29039,0.28803,0.03698,0.12768,visitors_g1,Scenario_2
45.6,15085,-0.31077,3.47011,0.5803,0.5716,0.10013,0.17341,visitors_g1,Scenario_2
46.0,15085,-0.23846,3.48324,0.18373,0.18077,0.03284,0.17968,visitors_g1,Scenario_2
46.4,15085,-0.2685,3.47264,0.07963,-0.07509,-0.0265,-2.80228,visitors_g1,Scenario_2
46.8,15085,-0.28557,3.44594,0.07923,-0.0427,-0.06674,-2.13993,visitors_g1,Scenario_2
47.2,15085,-0.28861,3.40517,0.10223,-0.0076,-0.10194,-1.64525,visitors_g1,Scenario_2
47.6,15085,-0.26329,3.41596,0.06882,0.06331,0.02699,0.40297,visitors_g1,Scenario_2
48.0,15085,-0.21512,3.46336,0.16896,0.12043,0.11851,0.77734,visitors_g1,Scenario_2
48.4,15085,-0.17863,3.50597,0.14024,0.09122,0.10651,0.86259,visitors_g1,Scenario_2
48.8,15085,-0.21063,3.4856,0.09483,-0.08,-0.05091,-2.57484,visitors_g1,Scenario_2
49.2,15085,-0.41473,3.41806,0.53747,-0.51025,-0.16887,-2.82198,visitors_g1,Scenario_2
49.6,15085,-0.67997,3.34858,0.68546,-0.66309,-0.1737,-2.8854,visitors_g1,Scenario_2
50.0,15085,-0.86749,3.19752,0.60198,-0.4688,-0.37764,-2.46348,visitors_g1,Scenario_2
218.0,15051,-7.13198,1.81184,0.0,0.0,0.0,0.0,visitors_g1,Scenario_2
218.4,15051,-7.08471,1.75523,0.18439,0.11818,-0.14153,-0.87507,visitors_g1,Scenario_2
218.8,15051,-6.82517,1.65824,0.69267,0.64884,-0.24246,-0.35762,visitors_g1,Scenario_2
219.2,15051,-6.44925,1.59156,0.95448,0.93981,-0.16671,-0.17556,visitors_g1,Scenario_2
219.6,15051,-6.06557,1.54503,0.96622,0.95919,-0.11634,-0.1207,visitors_g1,Scenario_2
220.0,15051,-5.6468,1.55615,1.04731,1.04694,0.0278,0.02655,visitors_g1,Scenario_2
220.4,15051,-5.23983,1.59561,1.0222,1.01742,0.09866,0.09667,visitors_g1,Scenario_2
220.8,15051,-4.87407,1.58753,0.91462,0.9144,-0.02019,-0.02208,visitors_g1,Scenario_2
221.2,15051,-4.48272,1.59071,0.97841,0.97838,0.00795,0.00813,visitors_g1,Scenario_2
221.6,15051,-4.02358,1.63904,1.15418,1.14783,0.12081,0.10486,visitors_g1,Scenario_2
222.0,15051,-3.54413,1.66792,1.2008,1.19862,0.0722,0.06016,visitors_g1,Scenario_2
222.4,15051,-3.04923,1.65217,1.23787,1.23725,-0.03937,-0.03181,visitors_g1,Scenario_2
222.8,15051,-2.52999,1.62669,1.29967,1.2981,-0.0637,-0.04903,visitors_g1,Scenario_2
223.2,15051,-2.00501,1.56475,1.32155,1.31244,-0.15485,-0.11744,visitors_g1,Scenario_2
223.6,15051,-1.47716,1.47022,1.34063,1.31963,-0.23633,-0.17721,visitors_g1,Scenario_2
224.0,15051,-0.96047,1.33665,1.3342,1.29174,-0.33392,-0.25297,visitors_g1,Scenario_2
224.4,15051,-0.45861,1.15854,1.33132,1.25465,-0.44526,-0.34103,visitors_g1,Scenario_2
224.8,15051,0.04646,1.00453,1.32008,1.26268,-0.38503,-0.29597,visitors_g1,Scenario_2
225.2,15051,0.52549,0.8639,1.2481,1.19756,-0.35158,-0.28555,visitors_g1,Scenario_2
225.6,15051,0.99791,0.73331,1.22533,1.18104,-0.32647,-0.26969,visitors_g1,Scenario_2
215.2,15026,-6.49695,2.2511,0.0,0.0,0.0,0.0,visitors_g1,Scenario_2
215.6,15026,-6.81735,2.33661,0.82904,-0.801,0.21378,2.88078,visitors_g1,Scenario_2
216.0,15026,-6.98908,2.4553,0.52189,-0.42932,0.29673,2.53682,visitors_g1,Scenario_2
216.4,15026,-6.98356,2.46391,0.02556,0.01381,0.02151,1.00025,visitors_g1,Scenario_2
216.8,15026,-6.91326,2.40873,0.2234,0.17574,-0.13793,-0.66546,visitors_g1,Scenario_2
217.2,15026,-6.93472,2.38847,0.07379,-0.05365,-0.05067,-2.38479,visitors_g1,Scenario_2
217.6,15026,-7.00812,2.41138,0.19224,-0.18351,0.05729,2.83898,visitors_g1,Scenario_2
218.0,15026,-7.0298,2.40816,0.0548,-0.0542,-0.00805,-2.99411,visitors_g1,Scenario_2
218.4,15026,-7.00282,2.3743,0.10826,0.06746,-0.08467,-0.89802,visitors_g1,Scenario_2
218.8,15026,-6.83367,2.31843,0.44533,0.42286,-0.13966,-0.319,visitors_g1,Scenario_2
219.2,15026,-6.49498,2.24794,0.86488,0.84674,-0.17622,-0.20518,visitors_g1,Scenario_2
219.6,15026,-6.23651,2.17046,0.67459,0.64617,-0.19371,-0.29126,visitors_g1,Scenario_2
220.0,15026,-6.08339,2.12339,0.40047,0.38279,-0.11768,-0.29826,visitors_g1,Scenario_2
220.4,15026,-5.90375,2.06439,0.4727,0.4491,-0.1475,-0.31734,visitors_g1,Scenario_2
220.8,15026,-5.63593,2.0458,0.67118,0.66957,-0.04646,-0.06928,visitors_g1,Scenario_2
221.2,15026,-5.25053,2.02669,0.96468,0.9635,-0.04779,-0.04955,visitors_g1,Scenario_2
221.6,15026,-4.82893,1.92856,1.08215,1.05398,-0.24532,-0.22869,visitors_g1,Scenario_2
222.0,15026,-4.37107,1.97962,1.15176,1.14466,0.12767,0.11108,visitors_g1,Scenario_2
222.4,15026,-3.86785,2.08342,1.28453,1.25805,0.25949,0.20341,visitors_g1,Scenario_2
222.8,15026,-3.33495,2.07274,1.33252,1.33225,-0.02671,-0.02005,visitors_g1,Scenario_2
126.0,15245,-4.9571,-2.73746,0.0,0.0,0.0,0.0,visitors_g1,Scenario_2
126.4,15245,-5.45697,-2.74246,1.24973,-1.24967,-0.01249,-3.1316,visitors_g1,Scenario_2
126.8,15245,-5.98021,-2.7477,1.30816,-1.30809,-0.01311,-3.13157,visitors_g1,Scenario_2
127.2,15245,-6.56547,-2.71787,1.46506,-1.46316,0.0746,3.09065,visitors_g1,Scenario_2
127.6,15245,-7.08133,-2.65688,1.29863,-1.28965,0.15247,3.02391,visitors_g1,Scenario_2
128.0,15245,-7.31093,-2.62737,0.57872,-0.574,0.07376,3.0138,visitors_g1,Scenario_2
128.4,15245,-7.33885,-2.63257,0.07101,-0.06981,-0.013,-2.95749,visitors_g1,Scenario_2
128.8,15245,-7.35644,-2.61136,0.06889,-0.04396,0.05304,2.26281,visitors_g1,Scenario_2
129.2,15245,-7.37357,-2.59912,0.05263,-0.04283,0.03058,2.52151,visitors_g1,Scenario_2
129.6,15245,-7.38319,-2.63282,0.08761,-0.02407,-0.08424,-1.84908,visitors_g1,Scenario_2
130.0,15245,-7.38734,-2.65315,0.05187,-0.01035,-0.05083,-1.77175,visitors_g1,Scenario_2
130.4,15245,-7.37853,-2.6334,0.05406,0.02201,0.04938,1.1515,visitors_g1,Scenario_2
130.8,15245,-7.27453,-2.64497,0.26161,0.26001,-0.02894,-0.11085,visitors_g1,Scenario_2
131.2,15245,-7.01727,-2.68843,0.65225,0.64314,-0.10863,-0.16733,visitors_g1,Scenario_2
131.6,15245,-6.70246,-2.71013,0.78891,0.78704,-0.05426,-0.06884,visitors_g1,Scenario_2
132.0,15245,-6.39741,-2.72249,0.76326,0.76263,-0.03089,-0.04049,visitors_g1,Scenario_2
132.4,15245,-6.09235,-2.73485,0.76326,0.76263,-0.03089,-0.04049,visitors_g1,Scenario_2
132.8,15245,-5.7873,-2.7472,0.76326,0.76263,-0.03089,-0.04049,visitors_g1,Scenario_2
133.2,15245,-5.46171,-2.71659,0.81756,0.81397,0.07653,0.09374,visitors_g1,Scenario_2
133.6,15245,-5.20637,-2.47442,0.8798,0.63836,0.60543,0.75893,visitors_g1,Scenario_2
85.2,15184,1.50394,-0.23812,0.0,0.0,0.0,0.0,visitors_g1,Scenario_2
85.6,15184,2.13813,-0.21163,1.58687,1.58549,0.06625,0.04176,visitors_g1,Scenario_2
86.0,15184,2.78737,-0.17181,1.62613,1.62308,0.09953,0.06124,visitors_g1,Scenario_2
86.4,15184,3.41354,-0.16987,1.56544,1.56543,0.00487,0.00311,visitors_g1,Scenario_2
86.8,15184,4.02467,-0.11101,1.53488,1.52781,0.14714,0.09601,visitors_g1,Scenario_2
87.2,15184,4.61232,-0.05295,1.47629,1.46914,0.14514,0.09848,visitors_g1,Scenario_2
87.6,15184,5.21769,-0.03773,1.5139,1.51342,0.03806,0.02514,visitors_g1,Scenario_2
88.0,15184,5.86107,-0.00625,1.61037,1.60844,0.07869,0.04889,visitors_g1,Scenario_2
88.4,15184,6.50313,-0.04072,1.60747,1.60516,-0.08617,-0.05363,visitors_g1,Scenario_2
88.8,15184,7.10718,-0.07651,1.51276,1.51012,-0.08947,-0.05918,visitors_g1,Scenario_2
89.2,15184,7.65456,-0.13722,1.37683,1.36844,-0.15178,-0.11046,visitors_g1,Scenario_2
89.6,15184,8.1831,-0.25048,1.35137,1.32137,-0.28316,-0.2111,visitors_g1,Scenario_2
90.0,15184,8.6721,-0.37008,1.25853,1.2225,-0.29899,-0.23987,visitors_g1,Scenario_2
90.4,15184,9.03587,-0.56009,1.026,0.90941,-0.47502,-0.48136,visitors_g1,Scenario_2
90.8,15184,9.21483,-0.73046,0.61773,0.44742,-0.42592,-0.76079,visitors_g1,Scenario_2
91.2,15184,9.23313,-0.79679,0.17202,0.04574,-0.16583,-1.30165,visitors_g1,Scenario_2
91.6,15184,9.18596,-0.79994,0.11818,-0.11792,-0.00788,-3.07483,visitors_g1,Scenario_2
92.0,15184,9.13357,-0.78699,0.13493,-0.13099,0.03238,2.89928,visitors_g1,Scenario_2
92.4,15184,9.08524,-0.7721,0.12642,-0.12082,0.03721,2.84279,visitors_g1,Scenario_2
92.8,15184,9.03691,-0.75722,0.12642,-0.12082,0.03721,2.84279,visitors_g1,Scenario_2
79.2,15113,7.29817,1.94715,0.0,0.0,0.0,0.0,visitors_g1,Scenario_2
79.6,15113,7.2441,1.94584,0.13522,-0.13518,-0.00329,-3.1173,visitors_g1,Scenario_2
80.0,15113,6.95933,1.98557,0.71882,-0.71192,0.09932,3.00298,visitors_g1,Scenario_2
80.4,15113,6.48065,1.99389,1.19689,-1.1967,0.02082,3.12419,visitors_g1,Scenario_2
80.8,15113,5.94319,1.9153,1.35793,-1.34364,-0.1965,-2.99638,visitors_g1,Scenario_2
81.2,15113,5.37089,1.91708,1.43077,-1.43077,0.00447,3.13847,visitors_g1,Scenario_2
81.6,15113,4.80985,1.92317,1.40267,-1.40259,0.01523,3.13074,visitors_g1,Scenario_2
82.0,15113,4.24946,1.88181,1.40479,-1.40098,-0.1034,-3.06792,visitors_g1,Scenario_2
82.4,15113,3.70337,1.90431,1.36637,-1.36522,0.05624,3.10042,visitors_g1,Scenario_2
82.8,15113,3.15974,1.83989,1.36859,-1.35909,-0.16105,-3.02364,visitors_g1,Scenario_2
83.2,15113,2.58227,1.73806,1.46593,-1.44366,-0.25458,-2.96704,visitors_g1,Scenario_2
83.6,15113,2.00718,1.76244,1.43903,-1.43774,0.06095,3.09923,visitors_g1,Scenario_2
84.0,15113,1.42332,1.74898,1.46003,-1.45964,-0.03364,-3.11855,visitors_g1,Scenario_2
84.4,15113,0.8379,1.74045,1.46371,-1.46356,-0.02133,-3.12702,visitors_g1,Scenario_2
84.8,15113,0.27737,1.82581,1.41747,-1.40131,0.21341,2.99046,visitors_g1,Scenario_2
85.2,15113,-0.30782,1.82775,1.46299,-1.46298,0.00485,3.13828,visitors_g1,Scenario_2
85.6,15113,-0.86342,1.81535,1.38935,-1.38901,-0.03101,-3.11927,visitors_g1,Scenario_2
86.0,15113,-1.394,1.79157,1.32779,-1.32646,-0.05944,-3.09681,visitors_g1,Scenario_2
86.4,15113,-1.96594,1.63051,1.48544,-1.42983,-0.40265,-2.86709,visitors_g1,Scenario_2
86.8,15113,-2.53148,1.47703,1.465,-1.41386,-0.3837,-2.87659,visitors_g1,Scenario_2
1.2,15174,-7.69929,-2.50854,0.0,0.0,0.0,0.0,visitors_g1,Scenario_2
1.6,15174,-7.69646,-2.50175,0.0184,0.00708,0.01698,1.17602,visitors_g1,Scenario_2
2.0,15174,-7.6464,-2.47438,0.14263,0.12515,0.06842,0.50032,visitors_g1,Scenario_2
2.4,15174,-7.32996,-2.44468,0.79458,0.79111,0.07426,0.0936,visitors_g1,Scenario_2
2.8,15174,-6.76226,-2.63064,1.49343,1.41923,-0.4649,-0.31656,visitors_g1,Scenario_2
3.2,15174,-6.26832,-2.79992,1.30536,1.23486,-0.4232,-0.33017,visitors_g1,Scenario_2
3.6,15174,-5.83251,-2.71828,1.10847,1.08952,0.2041,0.18518,visitors_g1,Scenario_2
4.0,15174,-5.3227,-2.59167,1.31325,1.27454,0.31652,0.24342,visitors_g1,Scenario_2
4.4,15174,-4.80066,-2.3865,1.40228,1.3051,0.51293,0.37447,visitors_g1,Scenario_2
4.8,15174,-4.29743,-2.18253,1.3575,1.25809,0.50992,0.38508,visitors_g1,Scenario_2
5.2,15174,-3.78969,-2.02304,1.33048,1.26933,0.39873,0.30437,visitors_g1,Scenario_2
5.6,15174,-3.29154,-1.83204,1.33379,1.24539,0.47748,0.36612,visitors_g1,Scenario_2
6.0,15174,-2.7963,-1.6809,1.29446,1.23808,0.37785,0.29621,visitors_g1,Scenario_2
6.4,15174,-2.32487,-1.56475,1.21382,1.17858,0.29038,0.24157,visitors_g1,Scenario_2
6.8,15174,-1.8632,-1.38428,1.23923,1.15417,0.45119,0.37266,visitors_g1,Scenario_2
7.2,15174,-1.35183,-1.16443,1.39158,1.27844,0.54962,0.40603,visitors_g1,Scenario_2
7.6,15174,-0.85196,-0.90276,1.41052,1.24966,0.65417,0.48225,visitors_g1,Scenario_2
8.0,15174,-0.34655,-0.6255,1.44118,1.26354,0.69316,0.50175,visitors_g1,Scenario_2
8.4,15174,0.16936,-0.40753,1.40016,1.28977,0.54492,0.39974,visitors_g1,Scenario_2
8.8,15174,0.68564,-0.23948,1.35733,1.29068,0.42012,0.31468,visitors_g1,Scenario_2
201.6,15282,8.35329,0.00529,0.0,0.0,0.0,0.0,visitors_g1,Scenario_2
202.0,15282,8.19893,0.0865,0.43606,-0.38591,0.20304,2.65726,visitors_g1,Scenario_2
202.4,15282,7.89683,0.19962,0.80645,-0.75524,0.28279,2.78331,visitors_g1,Scenario_2
202.8,15282,7.49212,0.26175,1.02363,-1.01178,0.15532,2.98927,visitors_g1,Scenario_2
203.2,15282,7.01826,0.29308,1.18723,-1.18465,0.07832,3.07558,visitors_g1,Scenario_2
203.6,15282,6.52326,0.27667,1.23817,-1.23749,-0.04101,-3.10846,visitors_g1,Scenario_2
204.0,15282,6.01739,0.22806,1.2705,-1.26467,-0.12153,-3.04579,visitors_g1,Scenario_2
204.4,15282,5.508,0.20084,1.27529,-1.27347,-0.06806,-3.0882,visitors_g1,Scenario_2
204.8,15282,5.00898,0.16642,1.25053,-1.24757,-0.08604,-3.07273,visitors_g1,Scenario_2
205.2,15282,4.50129,0.11707,1.2752,-1.26922,-0.12336,-3.04471,visitors_g1,Scenario_2
205.6,15282,3.98814,0.06498,1.28948,-1.28288,-0.13024,-3.04042,visitors_g1,Scenario_2
206.0,15282,3.48552,0.00112,1.26665,-1.25654,-0.15965,-3.01521,visitors_g1,Scenario_2
206.4,15282,2.98629,-0.06015,1.25745,-1.24808,-0.15316,-3.01949,visitors_g1,Scenario_2
206.8,15282,2.50046,-0.14526,1.23306,-1.21457,-0.21277,-2.96817,visitors_g1,Scenario_2
207.2,15282,2.01098,-0.22395,1.2394,-1.22369,-0.19673,-2.98219,visitors_g1,Scenario_2
207.6,15282,1.52108,-0.27334,1.23096,-1.22476,-0.12348,-3.04112,visitors_g1,Scenario_2
208.0,15282,1.05359,-0.36919,1.19305,-1.16874,-0.23962,-2.93937,visitors_g1,Scenario_2
208.4,15282,0.58244,-0.47587,1.20769,-1.17787,-0.26671,-2.91891,visitors_g1,Scenario_2
208.8,15282,0.10565,-0.59585,1.22912,-1.19196,-0.29993,-2.89508,visitors_g1,Scenario_2
209.2,15282,-0.3624,-0.75293,1.23425,-1.17012,-0.3927,-2.81779,visitors_g1,Scenario_2
109.2,15014,-0.70927,-3.81641,0.0,0.0,0.0,0.0,visitors_g1,Scenario_2
109.6,15014,-0.72025,-3.77369,0.11027,-0.02745,0.1068,1.82233,visitors_g1,Scenario_2
110.0,15014,-0.71126,-3.74368,0.07832,0.02246,0.07503,1.27989,visitors_g1,Scenario_2
110.4,15014,-0.69615,-3.75498,0.04718,0.03778,-0.02826,-0.64218,visitors_g1,Scenario_2
110.8,15014,-0.68933,-3.77373,0.04989,0.01704,-0.04689,-1.2223,visitors_g1,Scenario_2
111.2,15014,-0.68841,-3.75838,0.03845,0.00231,0.03838,1.51071,visitors_g1,Scenario_2
111.6,15014,-0.69264,-3.73201,0.06678,-0.01056,0.06594,1.7296,visitors_g1,Scenario_2
112.0,15014,-0.69516,-3.71853,0.03428,-0.0063,0.03369,1.75576,visitors_g1,Scenario_2
112.4,15014,-0.69938,-3.75646,0.09541,-0.01057,-0.09483,-1.68181,visitors_g1,Scenario_2
112.8,15014,-0.70172,-3.80381,0.11851,-0.00585,-0.11836,-1.62015,visitors_g1,Scenario_2
113.2,15014,-0.67265,-3.79916,0.07361,0.07269,0.01161,0.15842,visitors_g1,Scenario_2
113.6,15014,-0.64091,-3.78481,0.08708,0.07934,0.03588,0.42474,visitors_g1,Scenario_2
114.0,15014,-0.65523,-3.79736,0.04761,-0.0358,-0.03138,-2.42191,visitors_g1,Scenario_2
114.4,15014,-0.69302,-3.81575,0.10507,-0.09448,-0.04598,-2.68868,visitors_g1,Scenario_2
114.8,15014,-0.69995,-3.80433,0.03341,-0.01733,0.02856,2.11601,visitors_g1,Scenario_2
115.2,15014,-0.68859,-3.80522,0.02849,0.0284,-0.00223,-0.07823,visitors_g1,Scenario_2
115.6,15014,-0.69591,-3.81441,0.02936,-0.01828,-0.02298,-2.24295,visitors_g1,Scenario_2
116.0,15014,-0.75445,-3.63875,0.4629,-0.14636,0.43915,1.89249,visitors_g1,Scenario_2
116.4,15014,-0.84223,-3.27272,0.94102,-0.21946,0.91507,1.80619,visitors_g1,Scenario_2
116.8,15014,-0.80281,-2.9415,0.8339,0.09857,0.82806,1.45232,visitors_g1,Scenario_2
134.4,15274,-4.90712,-0.2692,0.0,0.0,0.0,0.0,visitors_g1,Scenario_2
134.8,15274,-4.57951,0.10465,1.24273,0.81904,0.93464,0.85122,visitors_g1,Scenario_2
135.2,15274,-4.21365,0.43676,1.23528,0.91464,0.83027,0.73709,visitors_g1,Scenario_2
135.6,15274,-3.81281,0.68247,1.17539,1.00211,0.61426,0.5499,visitors_g1,Scenario_2
136.0,15274,-3.40427,0.93479,1.20044,1.02134,0.63081,0.55328,visitors_g1,Scenario_2
136.4,15274,-3.03511,1.24477,1.20512,0.92291,0.77495,0.69847,visitors_g1,Scenario_2
136.8,15274,-2.65847,1.54462,1.20354,0.94159,0.74962,0.67237,visitors_g1,Scenario_2
137.2,15274,-2.27398,1.84687,1.22269,0.96124,0.75564,0.66621,visitors_g1,Scenario_2
137.6,15274,-1.90911,2.1539,1.19215,0.91217,0.76757,0.69953,visitors_g1,Scenario_2
138.0,15274,-1.56739,2.43382,1.10434,0.8543,0.6998,0.68631,visitors_g1,Scenario_2
138.4,15274,-1.27165,2.71295,1.01665,0.73934,0.69781,0.75651,visitors_g1,Scenario_2
138.8,15274,-0.99058,2.96126,0.93761,0.70267,0.62077,0.7236,visitors_g1,Scenario_2
139.2,15274,-0.73017,3.13577,0.78369,0.65102,0.43628,0.59041,visitors_g1,Scenario_2
139.6,15274,-0.517,3.24054,0.59381,0.53292,0.26193,0.45682,visitors_g1,Scenario_2
140.0,15274,-0.32471,3.27788,0.48972,0.48074,0.09336,0.19181,visitors_g1,Scenario_2
140.4,15274,-0.18866,3.27461,0.34024,0.34014,-0.00818,-0.02404,visitors_g1,Scenario_2
140.8,15274,-0.1441,3.27494,0.11139,0.11138,0.00082,0.00736,visitors_g1,Scenario_2
141.2,15274,-0.16685,3.30135,0.08713,-0.05686,0.06601,2.28187,visitors_g1,Scenario_2
141.6,15274,-0.1991,3.32702,0.10306,-0.08064,0.06419,2.4693,visitors_g1,Scenario_2
142.0,15274,-0.23756,3.33762,0.09973,-0.09614,0.02649,2.87273,visitors_g1,Scenario_2
121.2,15118,-5.05846,-2.76059,0.0,0.0,0.0,0.0,visitors_g1,Scenario_2
121.6,15118,-5.54134,-2.93844,1.28648,-1.2072,-0.44464,-2.78869,visitors_g1,Scenario_2
122.0,15118,-5.98164,-3.13957,1.21016,-1.10075,-0.50282,-2.7131,visitors_g1,Scenario_2
122.4,15118,-6.37819,-3.21878,1.01094,-0.99136,-0.19802,-2.94444,visitors_g1,Scenario_2
122.8,15118,-6.61468,-3.23756,0.59309,-0.59123,-0.04695,-3.06234,visitors_g1,Scenario_2
123.2,15118,-6.661,-3.24872,0.1191,-0.11579,-0.02789,-2.90522,visitors_g1,Scenario_2
123.6,15118,-6.64828,-3.24214,0.0358,0.0318,0.01644,0.47716,visitors_g1,Scenario_2
124.0,15118,-6.63556,-3.23556,0.0358,0.0318,0.01644,0.47716,visitors_g1,Scenario_2
124.4,15118,-6.62283,-3.22899,0.0358,0.0318,0.01644,0.47716,visitors_g1,Scenario_2
124.8,15118,-6.61011,-3.22241,0.0358,0.0318,0.01644,0.47716,visitors_g1,Scenario_2
125.2,15118,-6.59739,-3.21583,0.0358,0.0318,0.01644,0.47716,visitors_g1,Scenario_2
125.6,15118,-6.58467,-3.20926,0.0358,0.0318,0.01644,0.47716,visitors_g1,Scenario_2
126.0,15118,-6.48842,-3.08151,0.39988,0.24065,0.31937,0.92505,visitors_g1,Scenario_2
126.4,15118,-6.31988,-2.77099,0.88328,0.42134,0.77631,1.07354,visitors_g1,Scenario_2
126.8,15118,-6.08686,-2.38982,1.11687,0.58255,0.95291,1.02208,visitors_g1,Scenario_2
127.2,15118,-5.89111,-1.95999,1.18077,0.48936,1.07459,1.14346,visitors_g1,Scenario_2
127.6,15118,-5.76716,-1.49196,1.21042,0.30989,1.17008,1.3119,visitors_g1,Scenario_2
128.0,15118,-5.50861,-1.07153,1.23392,0.64638,1.05108,1.01944,visitors_g1,Scenario_2
128.4,15118,-5.21585,-0.6292,1.32608,0.73189,1.10582,0.98613,visitors_g1,Scenario_2
128.8,15118,-4.93264,-0.16686,1.35546,0.70802,1.15585,1.0212,visitors_g1,Scenario_2
180.8,15099,-7.00619,-1.6335,0.0,0.0,0.0,0.0,visitors_g1,Scenario_2
181.2,15099,-6.82836,-1.13447,1.32442,0.44458,1.24758,1.22847,visitors_g1,Scenario_2
181.6,15099,-6.6111,-0.65585,1.31406,0.54314,1.19656,1.14469,visitors_g1,Scenario_2
182.0,15099,-6.25499,-0.20472,1.43688,0.89029,1.12783,0.90257,visitors_g1,Scenario_2
182.4,15099,-5.86626,0.22645,1.45132,0.97181,1.07792,0.83712,visitors_g1,Scenario_2
182.8,15099,-5.45621,0.5834,1.35912,1.02514,0.89236,0.71626,visitors_g1,Scenario_2
183.2,15099,-5.02931,0.92568,1.36794,1.06725,0.85571,0.67583,visitors_g1,Scenario_2
183.6,15099,-4.64967,1.35436,1.43154,0.9491,1.07168,0.84598,visitors_g1,Scenario_2
184.0,15099,-4.22687,1.78011,1.50003,1.05698,1.06437,0.78889,visitors_g1,Scenario_2
184.4,15099,-3.74015,2.16602,1.55287,1.2168,0.96479,0.67039,visitors_g1,Scenario_2
184.8,15099,-3.21597,2.48589,1.53518,1.31046,0.79966,0.5479,visitors_g1,Scenario_2
185.2,15099,-2.65112,2.70347,1.51327,1.41213,0.54395,0.36768,visitors_g1,Scenario_2
185.6,15099,-2.0864,2.91644,1.50886,1.4118,0.53243,0.36064,visitors_g1,Scenario_2
186.0,15099,-1.45809,3.12047,1.65151,1.57076,0.51008,0.31399,visitors_g1,Scenario_2
186.4,15099,-0.79229,3.302,1.72527,1.66451,0.45383,0.26618,visitors_g1,Scenario_2
186.8,15099,-0.42921,3.42149,0.95559,0.9077,0.29872,0.31794,visitors_g1,Scenario_2
187.2,15099,-0.37842,3.41654,0.12758,0.12698,-0.01238,-0.09722,visitors_g1,Scenario_2
187.6,15099,-0.33295,3.31231,0.28429,0.11368,-0.26057,-1.15941,visitors_g1,Scenario_2
188.0,15099,-0.27363,3.23887,0.23601,0.14829,-0.1836,-0.89139,visitors_g1,Scenario_2
188.4,15099,-0.24279,3.2751,0.11894,0.0771,0.09057,0.86555,visitors_g1,Scenario_2
123.2,15041,6.93878,0.95577,0.0,0.0,0.0,0.0,visitors_g1,Scenario_2
123.6,15041,7.27661,1.29721,1.20083,0.84458,0.85362,0.79072,visitors_g1,Scenario_2
124.0,15041,7.6317,1.58731,1.14632,0.88773,0.72525,0.685,visitors_g1,Scenario_2
124.4,15041,7.93202,1.80994,0.93459,0.75079,0.55657,0.63791,visitors_g1,Scenario_2
124.8,15041,8.13907,1.97367,0.65991,0.51762,0.40932,0.66908,visitors_g1,Scenario_2
125.2,15041,8.32584,2.11851,0.59089,0.46694,0.3621,0.65961,visitors_g1,Scenario_2
125.6,15041,8.5081,2.2608,0.57805,0.45563,0.35573,0.66288,visitors_g1,Scenario_2
126.0,15041,8.59043,2.33711,0.28064,0.20583,0.19077,0.74743,visitors_g1,Scenario_2
126.4,15041,8.58348,2.34863,0.03364,-0.01737,0.02881,2.1135,visitors_g1,Scenario_2
126.8,15041,8.5817,2.35324,0.01235,-0.00445,0.01153,1.93899,visitors_g1,Scenario_2
127.2,15041,8.5629,2.36887,0.06113,-0.047,0.03909,2.44783,visitors_g1,Scenario_2
127.6,15041,8.51069,2.41234,0.16984,-0.13053,0.10865,2.44741,visitors_g1,Scenario_2
128.0,15041,8.43283,2.45509,0.22206,-0.19464,0.10688,2.63943,visitors_g1,Scenario_2
128.4,15041,8.25731,2.39917,0.46055,-0.43882,-0.1398,-2.83318,visitors_g1,Scenario_2
128.8,15041,7.95815,2.30136,0.78684,-0.74788,-0.24453,-2.82558,visitors_g1,Scenario_2
129.2,15041,7.60182,2.20617,0.92207,-0.89084,-0.23796,-2.88057,visitors_g1,Scenario_2
129.6,15041,7.22256,2.06879,1.00843,-0.94814,-0.34345,-2.79406,visitors_g1,Scenario_2
130.0,15041,6.82743,1.9362,1.04195,-0.98782,-0.33147,-2.81784,visitors_g1,Scenario_2
130.4,15041,6.41,1.79209,1.10402,-1.04358,-0.36029,-2.80916,visitors_g1,Scenario_2
130.8,15041,5.94096,1.71323,1.18907,-1.17262,-0.19714,-2.97503,visitors_g1,Scenario_2
176.4,15223,0.19509,3.58292,0.0,0.0,0.0,0.0,visitors_g1,Scenario_2
176.8,15223,0.19401,3.57361,0.02344,-0.0027,-0.02329,-1.68607,visitors_g1,Scenario_2
177.2,15223,0.19563,3.57058,0.00859,0.00404,-0.00758,-1.08052,visitors_g1,Scenario_2
177.6,15223,0.18491,3.59073,0.05705,-0.0268,0.05037,2.05987,visitors_g1,Scenario_2
178.0,15223,0.16775,3.62596,0.09797,-0.0429,0.08808,2.02404,visitors_g1,Scenario_2
178.4,15223,0.15333,3.66005,0.09254,-0.03604,0.08524,1.97077,visitors_g1,Scenario_2
178.8,15223,0.13378,3.66194,0.04911,-0.04889,0.00471,3.04562,visitors_g1,Scenario_2
179.2,15223,0.05056,3.56685,0.3159,-0.20804,-0.23773,-2.2897,visitors_g1,Scenario_2
179.6,15223,-0.15974,3.31722,0.81602,-0.52576,-0.62407,-2.2709,visitors_g1,Scenario_2
180.0,15223,-0.32953,2.97052,0.96508,-0.42446,-0.86673,-2.02619,visitors_g1,Scenario_2
180.4,15223,-0.2147,2.64187,0.87035,0.28708,-0.82164,-1.23466,visitors_g1,Scenario_2
180.8,15223,0.13979,2.30752,1.21823,0.88623,-0.83588,-0.75617,visitors_g1,Scenario_2
181.2,15223,0.5034,1.89133,1.38163,0.90902,-1.04048,-0.85273,visitors_g1,Scenario_2
181.6,15223,0.84039,1.47357,1.34184,0.84248,-1.04439,-0.892,visitors_g1,Scenario_2
182.0,15223,1.2765,1.1099,1.41962,1.09027,-0.90919,-0.69508,visitors_g1,Scenario_2
182.4,15223,1.84363,0.79566,1.62091,1.41782,-0.78559,-0.50597,visitors_g1,Scenario_2
182.8,15223,2.50105,0.63475,1.69207,1.64356,-0.40227,-0.24004,visitors_g1,Scenario_2
183.2,15223,3.11315,0.52813,1.55329,1.53025,-0.26656,-0.17246,visitors_g1,Scenario_2
183.6,15223,3.67892,0.43734,1.4325,1.4144,-0.22698,-0.15912,visitors_g1,Scenario_2
184.0,15223,4.26474,0.4448,1.46468,1.46456,0.01866,0.01274,visitors_g1,Scenario_2
174.0,15167,6.97929,-0.25949,0.0,0.0,0.0,0.0,visitors_g1,Scenario_2
174.4,15167,6.47778,-0.19541,1.26399,-1.25379,0.16021,3.0145,visitors_g1,Scenario_2
174.8,15167,5.93376,-0.2296,1.36272,-1.36004,-0.08547,-3.07883,visitors_g1,Scenario_2
175.2,15167,5.40529,-0.20845,1.32224,-1.32119,0.05285,3.10161,visitors_g1,Scenario_2
175.6,15167,4.89815,-0.17388,1.27077,-1.26783,0.08642,3.07353,visitors_g1,Scenario_2
176.0,15167,4.37724,-0.16003,1.30273,-1.30227,0.03463,3.11501,visitors_g1,Scenario_2
176.4,15167,3.87559,-0.0713,1.27361,-1.25414,0.22183,2.96653,visitors_g1,Scenario_2
176.8,15167,3.38587,0.02796,1.2492,-1.2243,0.24815,2.94161,visitors_g1,Scenario_2
177.2,15167,2.91822,0.15804,1.2135,-1.16912,0.32521,2.87029,visitors_g1,Scenario_2
177.6,15167,2.48716,0.37277,1.20396,-1.07765,0.53683,2.67943,visitors_g1,Scenario_2
178.0,15167,2.03356,0.59523,1.26303,-1.134,0.55614,2.68564,visitors_g1,Scenario_2
178.4,15167,1.60537,0.88567,1.29349,-1.07046,0.72611,2.54557,visitors_g1,Scenario_2
178.8,15167,1.20681,1.22215,1.30402,-0.99642,0.8412,2.44046,visitors_g1,Scenario_2
179.2,15167,0.81645,1.53702,1.25379,-0.97589,0.78718,2.46283,visitors_g1,Scenario_2
179.6,15167,0.49919,1.91033,1.22478,-0.79314,0.93327,2.2752,visitors_g1,Scenario_2
180.0,15167,0.20319,2.27904,1.18207,-0.74002,0.92177,2.24726,visitors_g1,Scenario_2
180.4,15167,-0.04052,2.57977,0.9677,-0.60926,0.75182,2.25183,visitors_g1,Scenario_2
180.8,15167,-0.15341,2.87766,0.7964,-0.28223,0.74471,1.93305,visitors_g1,Scenario_2
181.2,15167,-0.16374,3.1755,0.74505,-0.02581,0.74461,1.60545,visitors_g1,Scenario_2
181.6,15167,-0.12946,3.37046,0.49489,0.08569,0.48741,1.39677,visitors_g1,Scenario_2
168.0,15222,-1.57048,-3.63506,0.0,0.0,0.0,0.0,visitors_g1,Scenario_2
168.4,15222,-1.81581,-3.355,0.93082,-0.61334,0.70017,2.29019,visitors_g1,Scenario_2
168.8,15222,-1.84418,-3.03332,0.80731,-0.07091,0.80418,1.65874,visitors_g1,Scenario_2
169.2,15222,-1.76231,-2.68509,0.89433,0.20468,0.87059,1.33989,visitors_g1,Scenario_2
169.6,15222,-1.6265,-2.37116,0.85512,0.33952,0.78482,1.1625,visitors_g1,Scenario_2
170.0,15222,-1.54393,-1.94862,1.07631,0.20642,1.05633,1.37782,visitors_g1,Scenario_2
170.4,15222,-1.43235,-1.45227,1.27185,0.27894,1.24088,1.34968,visitors_g1,Scenario_2
170.8,15222,-1.23307,-0.99044,1.25749,0.49821,1.15458,1.16342,visitors_g1,Scenario_2
171.2,15222,-1.08167,-0.47869,1.33419,0.37851,1.27938,1.28315,visitors_g1,Scenario_2
171.6,15222,-0.91404,0.10443,1.51683,0.41907,1.45779,1.29087,visitors_g1,Scenario_2
172.0,15222,-0.74157,0.64749,1.42447,0.43117,1.35765,1.26329,visitors_g1,Scenario_2
172.4,15222,-0.65071,1.18134,1.35384,0.22716,1.33464,1.40221,visitors_g1,Scenario_2
172.8,15222,-0.52991,1.70608,1.34615,0.30198,1.31184,1.34454,visitors_g1,Scenario_2
173.2,15222,-0.38942,2.19372,1.26868,0.35122,1.2191,1.29029,visitors_g1,Scenario_2
173.6,15222,-0.29416,2.68729,1.2567,0.23816,1.23393,1.38013,visitors_g1,Scenario_2
174.0,15222,-0.11488,3.1259,1.1846,0.44819,1.09654,1.18279,visitors_g1,Scenario_2
174.4,15222,0.1015,3.42874,0.93048,0.54095,0.75708,0.95039,visitors_g1,Scenario_2
174.8,15222,0.19168,3.56705,0.41279,0.22545,0.34578,0.99302,visitors_g1,Scenario_2
175.2,15222,0.20388,3.59232,0.07017,0.03051,0.06319,1.12096,visitors_g1,Scenario_2
175.6,15222,0.20765,3.5886,0.01324,0.00943,-0.0093,-0.77859,visitors_g1,Scenario_2
0.0,15001,-0.90411,-3.12788,0.0,0.0,0.0,0.0,visitors_g1,Scenario_2
0.4,15001,-0.95338,-3.17551,0.17133,-0.12317,-0.11909,-2.37303,visitors_g1,Scenario_2
0.8,15001,-1.08087,-3.2849,0.41997,-0.31873,-0.27347,-2.43246,visitors_g1,Scenario_2
1.2,15001,-1.22197,-3.37856,0.4234,-0.35276,-0.23416,-2.55559,visitors_g1,Scenario_2
1.6,15001,-1.30086,-3.41869,0.22126,-0.19722,-0.10031,-2.67106,visitors_g1,Scenario_2
2.0,15001,-1.30059,-3.42983,0.02785,0.00067,-0.02785,-1.5467,visitors_g1,Scenario_2
2.4,15001,-1.26021,-3.44206,0.10548,0.10096,-0.03057,-0.294,visitors_g1,Scenario_2
2.8,15001,-1.21171,-3.45789,0.12755,0.12125,-0.03959,-0.31559,visitors_g1,Scenario_2
3.2,15001,-1.18448,-3.4305,0.09656,0.06808,0.06848,0.78834,visitors_g1,Scenario_2
3.6,15001,-1.24846,-3.24691,0.48605,-0.15996,0.45898,1.90614,visitors_g1,Scenario_2
4.0,15001,-1.32929,-3.12912,0.35714,-0.20208,0.29447,2.17223,visitors_g1,Scenario_2
4.4,15001,-1.29997,-3.24325,0.2946,0.07329,-0.28533,-1.31936,visitors_g1,Scenario_2
4.8,15001,-1.39278,-3.31024,0.28613,-0.23202,-0.16746,-2.51642,visitors_g1,Scenario_2
5.2,15001,-1.71836,-3.29167,0.81527,-0.81394,0.04642,3.08463,visitors_g1,Scenario_2
5.6,15001,-2.11584,-3.19004,1.02567,-0.9937,0.25407,2.89127,visitors_g1,Scenario_2
6.0,15001,-2.55855,-3.07008,1.14669,-1.10678,0.29991,2.87697,visitors_g1,Scenario_2
6.4,15001,-3.07308,-3.02152,1.29205,-1.28634,0.1214,3.04749,visitors_g1,Scenario_2
6.8,15001,-3.61611,-2.89298,1.39507,-1.35755,0.32135,2.90916,visitors_g1,Scenario_2
7.2,15001,-4.16815,-2.71651,1.44891,-1.38011,0.44116,2.8322,visitors_g1,Scenario_2
7.6,15001,-4.70449,-2.51755,1.43013,-1.34084,0.49741,2.78636,visitors_g1,Scenario_2
173.2,15021,-2.75012,-0.21201,0.0,0.0,0.0,0.0,visitors_g1,Scenario_2
173.6,15021,-3.28329,-0.14093,1.34471,-1.33292,0.17769,3.00906,visitors_g1,Scenario_2
174.0,15021,-3.78291,-0.07315,1.26048,-1.24904,0.16943,3.00676,visitors_g1,Scenario_2
174.4,15021,-4.33173,-0.14665,1.3843,-1.37205,-0.18373,-3.00847,visitors_g1,Scenario_2
174.8,15021,-4.92888,-0.20492,1.49996,-1.49287,-0.14568,-3.04432,visitors_g1,Scenario_2
175.2,15021,-5.43186,-0.24157,1.2608,-1.25746,-0.09163,-3.06886,visitors_g1,Scenario_2
175.6,15021,-5.88744,-0.35633,1.17452,-1.13894,-0.28691,-2.89482,visitors_g1,Scenario_2
176.0,15021,-6.39195,-0.41719,1.27042,-1.26127,-0.15215,-3.02154,visitors_g1,Scenario_2
176.4,15021,-6.8654,-0.4781,1.19337,-1.18361,-0.15227,-3.01364,visitors_g1,Scenario_2
176.8,15021,-7.28659,-0.62332,1.11382,-1.05299,-0.36304,-2.80958,visitors_g1,Scenario_2
177.2,15021,-7.64177,-0.65693,0.89191,-0.88794,-0.08402,-3.04725,visitors_g1,Scenario_2
177.6,15021,-7.92693,-0.5973,0.72831,-0.71289,0.14906,2.93547,visitors_g1,Scenario_2
178.0,15021,-8.11664,-0.63707,0.48459,-0.47428,-0.09942,-2.93496,visitors_g1,Scenario_2
178.4,15021,-8.22129,-0.72985,0.34964,-0.26163,-0.23194,-2.41627,visitors_g1,Scenario_2
178.8,15021,-8.30969,-0.78454,0.25987,-0.221,-0.13672,-2.58758,visitors_g1,Scenario_2
179.2,15021,-8.34595,-0.80179,0.10037,-0.09064,-0.04313,-2.69745,visitors_g1,Scenario_2
179.6,15021,-8.3149,-0.76776,0.11517,0.07762,0.08508,0.83119,visitors_g1,Scenario_2
180.0,15021,-8.24051,-0.60813,0.44029,0.18597,0.39908,1.13471,visitors_g1,Scenario_2
180.4,15021,-8.07281,-0.45154,0.5736,0.41924,0.39148,0.75117,visitors_g1,Scenario_2
180.8,15021,-7.8826,-0.41207,0.48566,0.47553,0.09866,0.20457,visitors_g1,Scenario_2
42.0,15263,7.54595,2.57302,0.0,0.0,0.0,0.0,visitors_g1,Scenario_2
42.4,15263,7.76879,2.59867,0.56079,0.55711,0.06415,0.11464,visitors_g1,Scenario_2
42.8,15263,7.99085,2.6153,0.55671,0.55516,0.04156,0.07472,visitors_g1,Scenario_2
43.2,15263,8.15175,2.64806,0.41051,0.40225,0.08191,0.20089,visitors_g1,Scenario_2
43.6,15263,8.2217,2.66432,0.17953,0.17486,0.04065,0.22844,visitors_g1,Scenario_2
44.0,15263,8.24445,2.661,0.05748,0.05688,-0.00831,-0.14513,visitors_g1,Scenario_2
44.4,15263,8.25506,2.66826,0.03214,0.02653,0.01815,0.6,visitors_g1,Scenario_2
44.8,15263,8.25577,2.69269,0.06109,0.00178,0.06107,1.54162,visitors_g1,Scenario_2
45.2,15263,8.27121,2.73852,0.1209,0.03859,0.11457,1.24594,visitors_g1,Scenario_2
45.6,15263,8.3146,2.78517,0.15929,0.10848,0.11664,0.82159,visitors_g1,Scenario_2
46.0,15263,8.35098,2.80025,0.09845,0.09094,0.0377,0.39301,visitors_g1,Scenario_2
46.4,15263,8.28901,2.79565,0.15536,-0.15493,-0.0115,-3.06748,visitors_g1,Scenario_2
46.8,15263,8.08791,2.77836,0.50461,-0.50275,-0.04323,-3.05582,visitors_g1,Scenario_2
47.2,15263,7.77099,2.71107,0.80994,-0.79228,-0.16821,-2.93238,visitors_g1,Scenario_2
47.6,15263,7.40816,2.59247,0.95431,-0.90708,-0.29651,-2.82566,visitors_g1,Scenario_2
48.0,15263,7.01824,2.45643,1.03243,-0.97481,-0.3401,-2.80591,visitors_g1,Scenario_2
48.4,15263,6.59886,2.2602,1.15754,-1.04845,-0.49057,-2.70395,visitors_g1,Scenario_2
48.8,15263,6.17658,2.00362,1.23531,-1.05572,-0.64144,-2.59561,visitors_g1,Scenario_2
49.2,15263,5.76028,1.75189,1.21623,-1.04074,-0.62934,-2.59772,visitors_g1,Scenario_2
49.6,15263,5.37026,1.48657,1.17928,-0.97507,-0.66329,-2.54425,visitors_g1,Scenario_2
222.0,15103,-0.19252,3.4341,0.0,0.0,0.0,0.0,visitors_g1,Scenario_2
222.4,15103,-0.21219,3.49705,0.16488,-0.04918,0.15737,1.87368,visitors_g1,Scenario_2
222.8,15103,-0.24049,3.42387,0.19615,-0.07075,-0.18295,-1.9398,visitors_g1,Scenario_2
223.2,15103,-0.16538,3.2231,0.5359,0.18776,-0.50193,-1.21284,visitors_g1,Scenario_2
223.6,15103,0.1998,3.06342,0.99642,0.91296,-0.39919,-0.4122,visitors_g1,Scenario_2
224.0,15103,0.75309,3.01224,1.38912,1.38322,-0.12794,-0.09223,visitors_g1,Scenario_2
224.4,15103,1.26053,2.89164,1.30395,1.26862,-0.30151,-0.23334,visitors_g1,Scenario_2
224.8,15103,1.75835,2.74469,1.29764,1.24455,-0.36737,-0.28703,visitors_g1,Scenario_2
225.2,15103,2.28016,2.65148,1.32517,1.30452,-0.23304,-0.17677,visitors_g1,Scenario_2
225.6,15103,2.81287,2.58994,1.34064,1.33179,-0.15384,-0.115,visitors_g1,Scenario_2
226.0,15103,3.37607,2.5987,1.40815,1.40798,0.0219,0.01556,visitors_g1,Scenario_2
226.4,15103,3.87365,2.60908,1.24424,1.24397,0.02594,0.02085,visitors_g1,Scenario_2
226.8,15103,4.28914,2.60844,1.03873,1.03873,-0.0016,-0.00154,visitors_g1,Scenario_2
227.2,15103,4.7684,2.65769,1.20445,1.19814,0.12312,0.1024,visitors_g1,Scenario_2
227.6,15103,5.31804,2.67107,1.3745,1.37409,0.03344,0.02433,visitors_g1,Scenario_2
228.0,15103,5.91555,2.67916,1.49393,1.4938,0.02023,0.01354,visitors_g1,Scenario_2
228.4,15103,6.51336,2.7373,1.50158,1.49452,0.14535,0.09695,visitors_g1,Scenario_2
228.8,15103,7.06334,2.77662,1.37845,1.37494,0.0983,0.07137,visitors_g1,Scenario_2
229.2,15103,7.62607,2.85088,1.41903,1.40683,0.18566,0.13121,visitors_g1,Scenario_2
229.6,15103,7.916,2.91394,0.74176,0.72481,0.15766,0.21418,visitors_g1,Scenario_2
84.0,15212,-0.12564,-1.10196,0.0,0.0,0.0,0.0,visitors_g1,Scenario_2
84.4,15212,0.47603,-1.14451,1.50794,1.50418,-0.10639,-0.07061,visitors_g1,Scenario_2
84.8,15212,1.07036,-1.11438,1.48774,1.48583,0.07533,0.05066,visitors_g1,Scenario_2
85.2,15212,1.68803,-1.05704,1.55081,1.54417,0.14335,0.09257,visitors_g1,Scenario_2
85.6,15212,2.30195,-0.99233,1.54331,1.53481,0.16178,0.10502,visitors_g1,Scenario_2
86.0,15212,2.86919,-0.87927,1.446,1.4181,0.28265,0.19674,visitors_g1,Scenario_2
86.4,15212,3.43158,-0.82379,1.4128,1.40597,0.13868,0.09832,visitors_g1,Scenario_2
86.8,15212,4.01065,-0.79963,1.44893,1.44767,0.06042,0.04171,visitors_g1,Scenario_2
87.2,15212,4.60884,-0.7613,1.49855,1.49548,0.09581,0.06398,visitors_g1,Scenario_2
87.6,15212,5.2202,-0.7789,1.52902,1.52839,-0.04399,-0.02878,visitors_g1,Scenario_2
88.0,15212,5.84044,-0.79584,1.55119,1.55061,-0.04234,-0.0273,visitors_g1,Scenario_2
88.4,15212,6.42934,-0.81733,1.47323,1.47225,-0.05374,-0.03648,visitors_g1,Scenario_2
88.8,15212,6.9905,-0.87755,1.41095,1.4029,-0.15054,-0.1069,visitors_g1,Scenario_2
89.2,15212,7.54669,-0.88727,1.39069,1.39047,-0.02431,-0.01748,visitors_g1,Scenario_2
89.6,15212,8.06567,-0.92557,1.30097,1.29744,-0.09574,-0.07366,visitors_g1,Scenario_2
90.0,15212,8.50586,-0.99998,1.1161,1.10048,-0.18604,-0.16747,visitors_g1,Scenario_2
90.4,15212,8.84316,-0.99766,0.84326,0.84324,0.00582,0.0069,visitors_g1,Scenario_2
90.8,15212,9.02258,-0.99307,0.4487,0.44855,0.01146,0.02555,visitors_g1,Scenario_2
91.2,15212,9.04995,-1.01241,0.08379,0.06844,-0.04834,-0.61501,visitors_g1,Scenario_2
91.6,15212,9.03179,-1.02269,0.05218,-0.0454,-0.02572,-2.62618,visitors_g1,Scenario_2
62.4,15134,-1.46138,-2.59075,0.0,0.0,0.0,0.0,visitors_g1,Scenario_2
62.8,15134,-1.31516,-3.00099,1.0888,0.36556,-1.0256,-1.2284,visitors_g1,Scenario_2
63.2,15134,-1.18295,-3.38522,1.01585,0.33052,-0.96057,-1.2394,visitors_g1,Scenario_2
63.6,15134,-1.08938,-3.63763,0.67298,0.23391,-0.63103,-1.21581,visitors_g1,Scenario_2
64.0,15134,-1.06341,-3.73529,0.25264,0.06494,-0.24415,-1.31085,visitors_g1,Scenario_2
64.4,15134,-1.08564,-3.73268,0.05595,-0.05557,0.00653,3.02466,visitors_g1,Scenario_2
64.8,15134,-1.12122,-3.65978,0.20281,-0.08897,0.18226,2.02492,visitors_g1,Scenario_2
65.2,15134,-1.13458,-3.59283,0.17067,-0.03339,0.16737,1.76771,visitors_g1,Scenario_2
65.6,15134,-1.13817,-3.63673,0.1101,-0.00898,-0.10973,-1.65242,visitors_g1,Scenario_2
66.0,15134,-1.15198,-3.72007,0.21121,-0.03454,-0.20837,-1.73505,visitors_g1,Scenario_2
66.4,15134,-1.17369,-3.75888,0.11116,-0.05427,-0.09701,-2.08089,visitors_g1,Scenario_2
66.8,15134,-1.18521,-3.76423,0.03175,-0.02879,-0.01338,-2.70647,visitors_g1,Scenario_2
67.2,15134,-1.10626,-3.68175,0.28543,0.19737,0.20619,0.80724,visitors_g1,Scenario_2
67.6,15134,-0.89221,-3.52204,0.66766,0.53511,0.39928,0.64104,visitors_g1,Scenario_2
68.0,15134,-0.72535,-3.41635,0.4938,0.41715,0.26423,0.56462,visitors_g1,Scenario_2
68.4,15134,-0.69656,-3.27888,0.35113,0.07199,0.34367,1.36431,visitors_g1,Scenario_2
68.8,15134,-0.71721,-3.04331,0.59118,-0.05162,0.58893,1.65823,visitors_g1,Scenario_2
69.2,15134,-0.80905,-2.77772,0.70255,-0.2296,0.66397,1.90372,visitors_g1,Scenario_2
69.6,15134,-1.02648,-2.42466,1.03662,-0.54359,0.88266,2.12279,visitors_g1,Scenario_2
70.0,15134,-1.26724,-2.00077,1.21873,-0.6019,1.05972,2.08734,visitors_g1,Scenario_2
50.4,15034,-6.31888,-0.13051,0.0,0.0,0.0,0.0,visitors_g1,Scenario_2
50.8,15034,-6.78337,-0.20213,1.17493,-1.16121,-0.17905,-2.9886,visitors_g1,Scenario_2
51.2,15034,-7.24344,-0.28241,1.16756,-1.15018,-0.2007,-2.96884,visitors_g1,Scenario_2
51.6,15034,-7.65043,-0.38428,1.04885,-1.01747,-0.25466,-2.89634,visitors_g1,Scenario_2
52.0,15034,-8.01373,-0.46291,0.92929,-0.90826,-0.19659,-2.92844,visitors_g1,Scenario_2
52.4,15034,-8.32092,-0.53137,0.78681,-0.76797,-0.17116,-2.92231,visitors_g1,Scenario_2
52.8,15034,-8.47188,-0.59592,0.41046,-0.37741,-0.16138,-2.73753,visitors_g1,Scenario_2
53.2,15034,-8.50928,-0.63416,0.1337,-0.09348,-0.09559,-2.34508,visitors_g1,Scenario_2
53.6,15034,-8.51493,-0.64895,0.03958,-0.01414,-0.03697,-1.93604,visitors_g1,Scenario_2
54.0,15034,-8.46461,-0.63532,0.13034,0.12581,0.03408,0.26453,visitors_g1,Scenario_2
54.4,15034,-8.26392,-0.61932,0.50333,0.50173,0.03999,0.07954,visitors_g1,Scenario_2
54.8,15034,-7.96989,-0.60078,0.73652,0.73506,0.04634,0.06296,visitors_g1,Scenario_2
55.2,15034,-7.64946,-0.53059,0.82008,0.80109,0.17549,0.21566,visitors_g1,Scenario_2
55.6,15034,-7.2465,-0.42321,1.04254,1.00739,0.26844,0.26042,visitors_g1,Scenario_2
56.0,15034,-6.76267,-0.3234,1.23505,1.20958,0.24953,0.20344,visitors_g1,Scenario_2
56.4,15034,-6.24276,-0.22328,1.32366,1.29978,0.25029,0.19024,visitors_g1,Scenario_2
56.8,15034,-5.74235,-0.14164,1.26757,1.25103,0.2041,0.16172,visitors_g1,Scenario_2
57.2,15034,-5.25041,-0.09466,1.23544,1.22985,0.11744,0.09521,visitors_g1,Scenario_2
57.6,15034,-4.75523,-0.04703,1.24366,1.23794,0.11909,0.0959,visitors_g1,Scenario_2
58.0,15034,-4.25103,-0.05014,1.26054,1.26051,-0.00778,-0.00617,visitors_g1,Scenario_2
100.8,15214,9.20625,1.60123,0.0,0.0,0.0,0.0,visitors_g1,Scenario_2
101.2,15214,9.13811,1.55877,0.2007,-0.17034,-0.10613,-2.58439,visitors_g1,Scenario_2
101.6,15214,9.09284,1.58814,0.13491,-0.11318,0.07342,2.56611,visitors_g1,Scenario_2
102.0,15214,9.04351,1.66203,0.22211,-0.12333,0.18472,2.15949,visitors_g1,Scenario_2
102.4,15214,8.87407,1.64975,0.42472,-0.42361,-0.03072,-3.0692,visitors_g1,Scenario_2
102.8,15214,8.52711,1.47842,0.96737,-0.86738,-0.42832,-2.68291,visitors_g1,Scenario_2
103.2,15214,8.09133,1.25124,1.2286,-1.08945,-0.56795,-2.66104,visitors_g1,Scenario_2
103.6,15214,7.61871,1.02529,1.30964,-1.18155,-0.56488,-2.69563,visitors_g1,Scenario_2
104.0,15214,7.13062,0.76665,1.38098,-1.22024,-0.6466,-2.65431,visitors_g1,Scenario_2
104.4,15214,6.622,0.54452,1.38751,-1.27154,-0.55533,-2.72982,visitors_g1,Scenario_2
104.8,15214,6.094,0.32346,1.43101,-1.32,-0.55263,-2.74511,visitors_g1,Scenario_2
105.2,15214,5.56765,0.10471,1.42501,-1.31589,-0.54689,-2.74771,visitors_g1,Scenario_2
105.6,15214,5.00703,-0.03964,1.44726,-1.40154,-0.36087,-2.88959,visitors_g1,Scenario_2
106.0,15214,4.42763,-0.20866,1.50888,-1.44851,-0.42256,-2.85775,visitors_g1,Scenario_2
106.4,15214,3.90548,-0.37863,1.37279,-1.30537,-0.42492,-2.82689,visitors_g1,Scenario_2
106.8,15214,3.40707,-0.49941,1.28209,-1.24602,-0.30194,-2.90385,visitors_g1,Scenario_2
107.2,15214,2.93488,-0.68549,1.26883,-1.18047,-0.46521,-2.76619,visitors_g1,Scenario_2
107.6,15214,2.49107,-0.91004,1.24346,-1.10953,-0.56136,-2.6732,visitors_g1,Scenario_2
108.0,15214,2.03851,-1.13449,1.26289,-1.13138,-0.56112,-2.68118,visitors_g1,Scenario_2
108.4,15214,1.62071,-1.42622,1.27394,-1.0445,-0.72934,-2.53203,visitors_g1,Scenario_2
201.2,15049,8.77361,2.31292,0.0,0.0,0.0,0.0,visitors_g1,Scenario_2
201.6,15049,8.71072,2.26395,0.19928,-0.15723,-0.12245,-2.47993,visitors_g1,Scenario_2
202.0,15049,8.50164,2.17206,0.57095,-0.52269,-0.22972,-2.72751,visitors_g1,Scenario_2
202.4,15049,8.13602,2.10391,0.92979,-0.91405,-0.17036,-2.95733,visitors_g1,Scenario_2
202.8,15049,7.70333,2.04417,1.09198,-1.08171,-0.14937,-3.00437,visitors_g1,Scenario_2
203.2,15049,7.26837,1.98517,1.09736,-1.0874,-0.14749,-3.00678,visitors_g1,Scenario_2
203.6,15049,6.79889,1.96139,1.1752,-1.1737,-0.05944,-3.09099,visitors_g1,Scenario_2
204.0,15049,6.28836,1.94771,1.27679,-1.27633,-0.0342,-3.1148,visitors_g1,Scenario_2
204.4,15049,5.76345,1.95232,1.31232,-1.31227,0.01152,3.13281,visitors_g1,Scenario_2
204.8,15049,5.21408,2.00943,1.38083,-1.37343,0.14278,3.03801,visitors_g1,Scenario_2
205.2,15049,4.6454,2.04766,1.4249,-1.4217,0.09558,3.07446,visitors_g1,Scenario_2
205.6,15049,4.11087,2.05977,1.33666,-1.33632,0.03026,3.11895,visitors_g1,Scenario_2
206.0,15049,3.58867,2.04143,1.30632,-1.30551,-0.04585,-3.10649,visitors_g1,Scenario_2
206.4,15049,3.05557,1.94957,1.35239,-1.33274,-0.22965,-2.97095,visitors_g1,Scenario_2
206.8,15049,2.53813,1.84029,1.32213,-1.2936,-0.27319,-2.93346,visitors_g1,Scenario_2
207.2,15049,2.03392,1.74133,1.28457,-1.26052,-0.2474,-2.94779,visitors_g1,Scenario_2
207.6,15049,1.51263,1.65917,1.31932,-1.30323,-0.20541,-2.98527,visitors_g1,Scenario_2
208.0,15049,0.96662,1.61217,1.37007,-1.36502,-0.11749,-3.05573,visitors_g1,Scenario_2
208.4,15049,0.43125,1.56566,1.34346,-1.33842,-0.11629,-3.05493,visitors_g1,Scenario_2
208.8,15049,-0.07341,1.50839,1.26976,-1.26166,-0.14317,-3.0286,visitors_g1,Scenario_2
