time,ag_id,x,y,speed,x_speed,y_speed,theta_delta,data_label,dataset_name
151.2,22048,-4.13728,0.02886,0.0,0.0,0.0,0.0,carrier_bucket,Scenario_3A
151.6,22048,-3.5924,-0.13366,1.42149,1.36219,-0.40629,-0.28986,carrier_bucket,Scenario_3A
152.0,22048,-3.02887,-0.26226,1.44506,1.40884,-0.32151,-0.22437,carrier_bucket,Scenario_3A
152.4,22048,-2.41822,-0.36396,1.54765,1.52663,-0.25424,-0.16502,carrier_bucket,Scenario_3A
152.8,22048,-1.79661,-0.45138,1.56931,1.55402,-0.21855,-0.13972,carrier_bucket,Scenario_3A
153.2,22048,-1.20549,-0.44529,1.47788,1.47781,0.01521,0.01029,carrier_bucket,Scenario_3A
153.6,22048,-0.59041,-0.379,1.5466,1.53769,0.16573,0.10736,carrier_bucket,Scenario_3A
154.0,22048,0.01836,-0.26602,1.54792,1.52193,0.28244,0.1835,carrier_bucket,Scenario_3A
154.4,22048,0.60822,-0.07516,1.54991,1.47463,0.47715,0.31294,carrier_bucket,Scenario_3A
154.8,22048,1.21331,0.08818,1.56688,1.51273,0.40835,0.26366,carrier_bucket,Scenario_3A
155.2,22048,1.79234,0.21675,1.48284,1.44759,0.32144,0.21851,carrier_bucket,Scenario_3A
155.6,22048,2.38922,0.34194,1.52465,1.49218,0.31297,0.20674,carrier_bucket,Scenario_3A
156.0,22048,3.0219,0.35242,1.58193,1.58171,0.02618,0.01655,carrier_bucket,Scenario_3A
156.4,22048,3.63179,0.29731,1.53093,1.52472,-0.13776,-0.09011,carrier_bucket,Scenario_3A
156.8,22048,4.22199,0.21314,1.49044,1.47551,-0.21042,-0.14165,carrier_bucket,Scenario_3A
157.2,22048,4.79482,0.06275,1.48061,1.43207,-0.37598,-0.25675,carrier_bucket,Scenario_3A
157.6,22048,5.37675,-0.04066,1.47761,1.45482,-0.25851,-0.17586,carrier_bucket,Scenario_3A
158.0,22048,6.03064,-0.09782,1.64096,1.63472,-0.1429,-0.0872,carrier_bucket,Scenario_3A
158.4,22048,6.67447,-0.12237,1.61075,1.60958,-0.06139,-0.03812,carrier_bucket,Scenario_3A
158.8,22048,7.27202,-0.01382,1.51832,1.49387,0.27139,0.17971,carrier_bucket,Scenario_3A
75.6,22180,-7.92635,1.85425,0.0,0.0,0.0,0.0,carrier_bucket,Scenario_3A
76.0,22180,-8.29032,1.88311,0.91277,-0.90992,0.07214,3.06248,carrier_bucket,Scenario_3A
76.4,22180,-8.45736,1.86273,0.4207,-0.41761,-0.05095,-3.02018,carrier_bucket,Scenario_3A
76.8,22180,-8.4959,1.82742,0.13067,-0.09634,-0.08827,-2.39991,carrier_bucket,Scenario_3A
77.2,22180,-8.42262,1.79413,0.20122,0.18321,-0.08321,-0.42633,carrier_bucket,Scenario_3A
77.6,22180,-8.2053,1.79828,0.54339,0.54329,0.01036,0.01907,carrier_bucket,Scenario_3A
78.0,22180,-7.92832,1.81823,0.69425,0.69246,0.04987,0.0719,carrier_bucket,Scenario_3A
78.4,22180,-7.70941,1.72028,0.59957,0.54728,-0.24487,-0.42071,carrier_bucket,Scenario_3A
78.8,22180,-7.49077,1.49162,0.79092,0.54659,-0.57166,-0.80781,carrier_bucket,Scenario_3A
79.2,22180,-7.17092,1.26775,0.97602,0.79962,-0.55966,-0.61067,carrier_bucket,Scenario_3A
79.6,22180,-6.76328,1.07206,1.13045,1.01911,-0.48922,-0.44756,carrier_bucket,Scenario_3A
80.0,22180,-6.33196,0.87349,1.18709,1.07831,-0.49643,-0.43145,carrier_bucket,Scenario_3A
80.4,22180,-5.87106,0.71113,1.22164,1.15223,-0.40591,-0.3387,carrier_bucket,Scenario_3A
80.8,22180,-5.38741,0.56076,1.26623,1.20914,-0.37593,-0.30143,carrier_bucket,Scenario_3A
81.2,22180,-4.9325,0.42623,1.18595,1.13726,-0.33633,-0.28754,carrier_bucket,Scenario_3A
81.6,22180,-4.50141,0.34043,1.09887,1.07774,-0.21448,-0.19644,carrier_bucket,Scenario_3A
82.0,22180,-4.04821,0.26711,1.14773,1.13299,-0.18331,-0.16041,carrier_bucket,Scenario_3A
82.4,22180,-3.61293,0.22479,1.09333,1.0882,-0.10578,-0.09691,carrier_bucket,Scenario_3A
82.8,22180,-3.2096,0.22936,1.00837,1.00831,0.0114,0.01131,carrier_bucket,Scenario_3A
83.2,22180,-2.83316,0.21474,0.94182,0.94111,-0.03655,-0.03882,carrier_bucket,Scenario_3A
100.8,22155,-0.09715,1.80097,0.0,0.0,0.0,0.0,carrier_bucket,Scenario_3A
101.2,22155,0.56644,1.89458,1.67541,1.65899,0.23403,0.14014,carrier_bucket,Scenario_3A
101.6,22155,1.25227,1.99919,1.73441,1.71458,0.26153,0.15137,carrier_bucket,Scenario_3A
102.0,22155,1.88105,2.09464,1.58995,1.57194,0.23862,0.15065,carrier_bucket,Scenario_3A
102.4,22155,2.46884,2.10745,1.46984,1.46949,0.03202,0.02179,carrier_bucket,Scenario_3A
102.8,22155,3.10477,2.08782,1.59056,1.58981,-0.04907,-0.03085,carrier_bucket,Scenario_3A
103.2,22155,3.73309,1.98976,1.58983,1.57082,-0.24515,-0.15481,carrier_bucket,Scenario_3A
103.6,22155,4.3584,1.83863,1.60829,1.56327,-0.37785,-0.23715,carrier_bucket,Scenario_3A
104.0,22155,4.96498,1.66656,1.57627,1.51644,-0.43017,-0.27641,carrier_bucket,Scenario_3A
104.4,22155,5.5153,1.40392,1.52446,1.37582,-0.65658,-0.44526,carrier_bucket,Scenario_3A
104.8,22155,6.0797,1.16102,1.53611,1.41098,-0.60725,-0.40642,carrier_bucket,Scenario_3A
105.2,22155,6.67218,0.95143,1.57116,1.4812,-0.52399,-0.34002,carrier_bucket,Scenario_3A
105.6,22155,7.26369,0.69352,1.61323,1.47878,-0.64478,-0.41117,carrier_bucket,Scenario_3A
106.0,22155,7.89149,0.48581,1.65317,1.56949,-0.51927,-0.31952,carrier_bucket,Scenario_3A
106.4,22155,8.56062,0.33082,1.7171,1.67282,-0.38747,-0.22761,carrier_bucket,Scenario_3A
106.8,22155,9.13815,0.22841,1.46636,1.44383,-0.25603,-0.1755,carrier_bucket,Scenario_3A
107.2,22155,9.4402,0.18762,0.76198,0.75512,-0.10197,-0.13423,carrier_bucket,Scenario_3A
107.6,22155,9.42859,0.19029,0.02979,-0.02903,0.00668,2.91549,carrier_bucket,Scenario_3A
108.0,22155,9.19966,0.22326,0.57824,-0.57233,0.08243,2.99855,carrier_bucket,Scenario_3A
108.4,22155,8.81845,0.21859,0.95309,-0.95302,-0.01168,-3.12934,carrier_bucket,Scenario_3A
210.0,22026,-5.54634,-0.67175,0.0,0.0,0.0,0.0,carrier_bucket,Scenario_3A
210.4,22026,-5.24573,-0.49501,0.87178,0.75152,0.44184,0.53149,carrier_bucket,Scenario_3A
210.8,22026,-4.88416,-0.4639,0.90726,0.90392,0.07778,0.08584,carrier_bucket,Scenario_3A
211.2,22026,-4.50805,-0.52281,0.95175,0.94029,-0.14728,-0.15537,carrier_bucket,Scenario_3A
211.6,22026,-4.07493,-0.58532,1.09401,1.08279,-0.15627,-0.14333,carrier_bucket,Scenario_3A
212.0,22026,-3.60025,-0.759,1.26365,1.1867,-0.43421,-0.35077,carrier_bucket,Scenario_3A
212.4,22026,-3.11431,-0.91886,1.27888,1.21484,-0.39963,-0.31781,carrier_bucket,Scenario_3A
212.8,22026,-2.5847,-0.97614,1.33175,1.32403,-0.1432,-0.10774,carrier_bucket,Scenario_3A
213.2,22026,-2.02276,-1.04787,1.41624,1.40484,-0.17932,-0.12696,carrier_bucket,Scenario_3A
213.6,22026,-1.48767,-1.00677,1.34166,1.33772,0.10274,0.07665,carrier_bucket,Scenario_3A
214.0,22026,-0.9678,-0.90211,1.32576,1.29969,0.26164,0.19866,carrier_bucket,Scenario_3A
214.4,22026,-0.42537,-0.94711,1.36074,1.35608,-0.11249,-0.08276,carrier_bucket,Scenario_3A
214.8,22026,0.14923,-0.98692,1.43993,1.43648,-0.09953,-0.06918,carrier_bucket,Scenario_3A
215.2,22026,0.70091,-1.05631,1.39006,1.3792,-0.17346,-0.12511,carrier_bucket,Scenario_3A
215.6,22026,1.2184,-1.21659,1.35436,1.29373,-0.4007,-0.30035,carrier_bucket,Scenario_3A
216.0,22026,1.75431,-1.2466,1.34187,1.33977,-0.07504,-0.05595,carrier_bucket,Scenario_3A
216.4,22026,2.32807,-1.19395,1.44043,1.43441,0.13163,0.09151,carrier_bucket,Scenario_3A
216.8,22026,2.93527,-1.05693,1.55618,1.51801,0.34255,0.22194,carrier_bucket,Scenario_3A
217.2,22026,3.49165,-0.77977,1.55397,1.39094,0.6929,0.46217,carrier_bucket,Scenario_3A
217.6,22026,3.99702,-0.60621,1.33586,1.26343,0.4339,0.33081,carrier_bucket,Scenario_3A
151.2,22019,2.39223,0.67023,0.0,0.0,0.0,0.0,carrier_bucket,Scenario_3A
151.6,22019,2.69373,0.64148,0.75717,0.75375,-0.07188,-0.09508,carrier_bucket,Scenario_3A
152.0,22019,3.00128,0.56628,0.79153,0.76888,-0.188,-0.23981,carrier_bucket,Scenario_3A
152.4,22019,3.34517,0.57663,0.86012,0.85973,0.02588,0.0301,carrier_bucket,Scenario_3A
152.8,22019,3.71206,0.61204,0.92147,0.91721,0.08851,0.09621,carrier_bucket,Scenario_3A
153.2,22019,4.10563,0.6025,0.98422,0.98394,-0.02384,-0.02423,carrier_bucket,Scenario_3A
153.6,22019,4.49262,0.73833,1.02534,0.96747,0.33959,0.33757,carrier_bucket,Scenario_3A
154.0,22019,4.80808,1.00588,1.03409,0.78865,0.66886,0.70339,carrier_bucket,Scenario_3A
154.4,22019,5.1205,1.13868,0.84867,0.78103,0.332,0.40194,carrier_bucket,Scenario_3A
154.8,22019,5.40459,1.1329,0.71037,0.71022,-0.01444,-0.02034,carrier_bucket,Scenario_3A
155.2,22019,5.74481,1.04728,0.87707,0.85055,-0.21405,-0.24654,carrier_bucket,Scenario_3A
155.6,22019,6.16469,0.85345,1.15617,1.04972,-0.48458,-0.43248,carrier_bucket,Scenario_3A
156.0,22019,6.61723,0.70418,1.19131,1.13135,-0.37317,-0.31861,carrier_bucket,Scenario_3A
156.4,22019,7.12498,0.65925,1.27432,1.26936,-0.11232,-0.08826,carrier_bucket,Scenario_3A
156.8,22019,7.63272,0.61432,1.27432,1.26936,-0.11232,-0.08826,carrier_bucket,Scenario_3A
157.2,22019,8.14047,0.56939,1.27432,1.26936,-0.11232,-0.08826,carrier_bucket,Scenario_3A
157.6,22019,8.64778,0.52304,1.27357,1.26829,-0.11587,-0.0911,carrier_bucket,Scenario_3A
158.0,22019,9.04132,0.45139,1.00003,0.98385,-0.17914,-0.1801,carrier_bucket,Scenario_3A
158.4,22019,9.20998,0.4015,0.43971,0.42165,-0.12471,-0.28757,carrier_bucket,Scenario_3A
158.8,22019,9.15826,0.39451,0.13048,-0.1293,-0.01748,-3.00718,carrier_bucket,Scenario_3A
109.2,22212,-2.93987,-0.51381,0.0,0.0,0.0,0.0,carrier_bucket,Scenario_3A
109.6,22212,-2.45835,-0.57838,1.21457,1.20379,-0.16144,-0.13331,carrier_bucket,Scenario_3A
110.0,22212,-1.9573,-0.67625,1.2763,1.25263,-0.24467,-0.19289,carrier_bucket,Scenario_3A
110.4,22212,-1.47601,-0.78521,1.23367,1.20322,-0.2724,-0.22264,carrier_bucket,Scenario_3A
110.8,22212,-0.98249,-0.81798,1.23651,1.23379,-0.08192,-0.0663,carrier_bucket,Scenario_3A
111.2,22212,-0.49344,-0.88897,1.23546,1.22264,-0.17748,-0.14415,carrier_bucket,Scenario_3A
111.6,22212,-0.01903,-0.96288,1.20031,1.186,-0.18477,-0.15455,carrier_bucket,Scenario_3A
112.0,22212,0.49708,-0.92906,1.29305,1.29028,0.08453,0.06542,carrier_bucket,Scenario_3A
112.4,22212,1.02438,-0.90942,1.31917,1.31826,0.04912,0.03724,carrier_bucket,Scenario_3A
112.8,22212,1.51536,-0.92523,1.22808,1.22744,-0.03954,-0.0322,carrier_bucket,Scenario_3A
113.2,22212,2.01709,-0.88853,1.25767,1.25432,0.09176,0.07303,carrier_bucket,Scenario_3A
113.6,22212,2.53849,-0.9065,1.30428,1.3035,-0.04493,-0.03446,carrier_bucket,Scenario_3A
114.0,22212,3.03779,-0.95681,1.25457,1.24825,-0.12578,-0.10043,carrier_bucket,Scenario_3A
114.4,22212,3.52364,-0.91464,1.2192,1.21463,0.10543,0.08659,carrier_bucket,Scenario_3A
114.8,22212,3.99955,-0.91347,1.18979,1.18978,0.00293,0.00246,carrier_bucket,Scenario_3A
115.2,22212,4.43168,-0.96296,1.08739,1.08032,-0.12372,-0.11403,carrier_bucket,Scenario_3A
115.6,22212,4.87643,-0.93584,1.11394,1.11187,0.06779,0.06089,carrier_bucket,Scenario_3A
116.0,22212,5.39567,-0.91135,1.29954,1.2981,0.06124,0.04714,carrier_bucket,Scenario_3A
116.4,22212,5.94289,-0.88881,1.36921,1.36806,0.05634,0.04116,carrier_bucket,Scenario_3A
116.8,22212,6.44888,-0.75448,1.3088,1.26498,0.33582,0.25949,carrier_bucket,Scenario_3A
226.8,22170,-7.5851,1.37679,0.0,0.0,0.0,0.0,carrier_bucket,Scenario_3A
227.2,22170,-7.52262,0.958,1.05856,0.1562,-1.04698,-1.4227,carrier_bucket,Scenario_3A
227.6,22170,-7.27257,0.52912,1.24114,0.62512,-1.07222,-1.04296,carrier_bucket,Scenario_3A
228.0,22170,-6.95858,0.06635,1.39808,0.78498,-1.1569,-0.97463,carrier_bucket,Scenario_3A
228.4,22170,-6.61167,-0.41498,1.4833,0.86728,-1.20333,-0.94629,carrier_bucket,Scenario_3A
228.8,22170,-6.22146,-0.88546,1.5281,0.97552,-1.1762,-0.87839,carrier_bucket,Scenario_3A
229.2,22170,-5.76058,-1.29258,1.53736,1.15219,-1.0178,-0.72355,carrier_bucket,Scenario_3A
229.6,22170,-5.17697,-1.58158,1.62812,1.45903,-0.72249,-0.45979,carrier_bucket,Scenario_3A
230.0,22170,-4.57366,-1.75342,1.56826,1.50827,-0.42961,-0.27748,carrier_bucket,Scenario_3A
230.4,22170,-4.00354,-1.8039,1.43089,1.42531,-0.12621,-0.08832,carrier_bucket,Scenario_3A
230.8,22170,-3.40407,-1.76578,1.50169,1.49866,0.0953,0.0635,carrier_bucket,Scenario_3A
231.2,22170,-2.7886,-1.62957,1.57591,1.53868,0.34053,0.2178,carrier_bucket,Scenario_3A
231.6,22170,-2.18642,-1.39418,1.61639,1.50546,0.58849,0.37264,carrier_bucket,Scenario_3A
232.0,22170,-1.57048,-1.20756,1.60897,1.53985,0.46655,0.29419,carrier_bucket,Scenario_3A
232.4,22170,-0.93495,-1.0673,1.62706,1.58882,0.35066,0.21722,carrier_bucket,Scenario_3A
232.8,22170,-0.32559,-0.93676,1.55797,1.5234,0.32634,0.21103,carrier_bucket,Scenario_3A
233.2,22170,0.29074,-0.85976,1.55281,1.54083,0.1925,0.12429,carrier_bucket,Scenario_3A
233.6,22170,0.93065,-0.76632,1.61672,1.59976,0.23359,0.14499,carrier_bucket,Scenario_3A
234.0,22170,1.56825,-0.70846,1.60055,1.594,0.14465,0.0905,carrier_bucket,Scenario_3A
234.4,22170,2.2232,-0.68398,1.63853,1.63739,0.06122,0.03737,carrier_bucket,Scenario_3A
176.4,22164,-1.40009,2.10269,0.0,0.0,0.0,0.0,carrier_bucket,Scenario_3A
176.8,22164,-0.72351,2.08891,1.69182,1.69147,-0.03445,-0.02036,carrier_bucket,Scenario_3A
177.2,22164,-0.06307,2.10794,1.65178,1.65109,0.04756,0.02879,carrier_bucket,Scenario_3A
177.6,22164,0.58073,2.1046,1.60951,1.60949,-0.00834,-0.00518,carrier_bucket,Scenario_3A
178.0,22164,1.25243,2.10351,1.67926,1.67926,-0.00273,-0.00163,carrier_bucket,Scenario_3A
178.4,22164,1.92109,2.10197,1.67166,1.67165,-0.00385,-0.0023,carrier_bucket,Scenario_3A
178.8,22164,2.5727,2.04428,1.63539,1.62902,-0.14423,-0.08831,carrier_bucket,Scenario_3A
179.2,22164,3.23108,1.98564,1.65246,1.64594,-0.1466,-0.08883,carrier_bucket,Scenario_3A
179.6,22164,3.80391,1.84527,1.47445,1.43209,-0.35091,-0.2403,carrier_bucket,Scenario_3A
180.0,22164,4.27661,1.57726,1.35848,1.18174,-0.67003,-0.51579,carrier_bucket,Scenario_3A
180.4,22164,4.67242,1.2283,1.31917,0.98952,-0.87239,-0.72257,carrier_bucket,Scenario_3A
180.8,22164,4.95692,0.79304,1.29997,0.71125,-1.08814,-0.99187,carrier_bucket,Scenario_3A
181.2,22164,5.20654,0.3583,1.25329,0.62407,-1.08686,-1.04956,carrier_bucket,Scenario_3A
181.6,22164,5.48394,-0.05981,1.2544,0.69349,-1.04528,-0.98502,carrier_bucket,Scenario_3A
182.0,22164,5.78197,-0.43371,1.19537,0.74507,-0.93476,-0.89784,carrier_bucket,Scenario_3A
182.4,22164,6.14774,-0.6709,1.08986,0.91444,-0.59296,-0.57528,carrier_bucket,Scenario_3A
182.8,22164,6.57977,-0.79382,1.12292,1.08005,-0.30731,-0.2772,carrier_bucket,Scenario_3A
183.2,22164,7.03407,-0.77705,1.13654,1.13576,0.04193,0.0369,carrier_bucket,Scenario_3A
183.6,22164,7.52132,-0.61624,1.28276,1.21813,0.40203,0.31878,carrier_bucket,Scenario_3A
184.0,22164,8.03408,-0.41469,1.37736,1.28188,0.50387,0.37452,carrier_bucket,Scenario_3A
67.2,22009,6.32237,-0.39645,0.0,0.0,0.0,0.0,carrier_bucket,Scenario_3A
67.6,22009,5.79442,-0.43932,1.32423,-1.31988,-0.10718,-3.06057,carrier_bucket,Scenario_3A
68.0,22009,5.2572,-0.4377,1.34304,-1.34304,0.00407,3.13856,carrier_bucket,Scenario_3A
68.4,22009,4.71994,-0.40287,1.34597,-1.34315,0.08706,3.07687,carrier_bucket,Scenario_3A
68.8,22009,4.1855,-0.4718,1.34716,-1.33609,-0.17232,-3.01333,carrier_bucket,Scenario_3A
69.2,22009,3.64309,-0.51228,1.35982,-1.35605,-0.10119,-3.06711,carrier_bucket,Scenario_3A
69.6,22009,3.09111,-0.52838,1.38053,-1.37995,-0.04026,-3.11242,carrier_bucket,Scenario_3A
70.0,22009,2.54044,-0.57964,1.38262,-1.37667,-0.12813,-3.04879,carrier_bucket,Scenario_3A
70.4,22009,1.98436,-0.5318,1.39532,-1.39019,0.11958,3.05579,carrier_bucket,Scenario_3A
70.8,22009,1.42607,-0.4967,1.39849,-1.39574,0.08775,3.07881,carrier_bucket,Scenario_3A
71.2,22009,0.8946,-0.57783,1.34407,-1.32868,-0.20281,-2.99012,carrier_bucket,Scenario_3A
71.6,22009,0.34308,-0.60427,1.38037,-1.37879,-0.06609,-3.0937,carrier_bucket,Scenario_3A
72.0,22009,-0.3151,-0.66774,1.65307,-1.64544,-0.15869,-3.04545,carrier_bucket,Scenario_3A
72.4,22009,-0.94533,-0.75996,1.59236,-1.57558,-0.23055,-2.99629,carrier_bucket,Scenario_3A
72.8,22009,-1.44714,-0.67494,1.27242,-1.25454,0.21257,2.97375,carrier_bucket,Scenario_3A
73.2,22009,-1.93147,-0.5645,1.24191,-1.21083,0.2761,2.9174,carrier_bucket,Scenario_3A
73.6,22009,-2.43118,-0.42855,1.29467,-1.24927,0.33987,2.87597,carrier_bucket,Scenario_3A
74.0,22009,-2.92605,-0.15992,1.40769,-1.23717,0.67156,2.64428,carrier_bucket,Scenario_3A
74.4,22009,-3.45197,0.03627,1.40332,-1.31481,0.49048,2.78454,carrier_bucket,Scenario_3A
74.8,22009,-4.00634,0.19744,1.4433,-1.38592,0.40293,2.85866,carrier_bucket,Scenario_3A
226.8,22028,6.50711,-0.74029,0.0,0.0,0.0,0.0,carrier_bucket,Scenario_3A
227.2,22028,6.17006,-0.82681,0.86994,-0.84262,-0.21631,-2.8903,carrier_bucket,Scenario_3A
227.6,22028,5.74757,-0.77997,1.0627,-1.05623,0.11712,3.03116,carrier_bucket,Scenario_3A
228.0,22028,5.23302,-0.73627,1.29099,-1.28636,0.10924,3.05687,carrier_bucket,Scenario_3A
228.4,22028,4.67963,-0.73206,1.38351,-1.38347,0.01052,3.13399,carrier_bucket,Scenario_3A
228.8,22028,4.1339,-0.69823,1.36695,-1.36433,0.08459,3.07967,carrier_bucket,Scenario_3A
229.2,22028,3.63053,-0.76405,1.26914,-1.25843,-0.16456,-3.01156,carrier_bucket,Scenario_3A
229.6,22028,3.17967,-0.87158,1.15876,-1.12715,-0.26883,-2.90747,carrier_bucket,Scenario_3A
230.0,22028,2.71587,-0.90561,1.16262,-1.1595,-0.08507,-3.06836,carrier_bucket,Scenario_3A
230.4,22028,2.20541,-0.98186,1.29032,-1.27616,-0.19062,-2.99332,carrier_bucket,Scenario_3A
230.8,22028,1.65552,-1.0147,1.37717,-1.37472,-0.08209,-3.08195,carrier_bucket,Scenario_3A
231.2,22028,1.10486,-0.9871,1.37836,-1.37664,0.069,3.09151,carrier_bucket,Scenario_3A
231.6,22028,0.57614,-1.01143,1.32321,-1.32181,-0.06084,-3.0956,carrier_bucket,Scenario_3A
232.0,22028,0.0252,-0.95951,1.38345,-1.37734,0.12981,3.04762,carrier_bucket,Scenario_3A
232.4,22028,-0.54877,-0.85557,1.45827,-1.43493,0.25985,2.96244,carrier_bucket,Scenario_3A
232.8,22028,-1.08477,-0.8241,1.34232,-1.34001,0.07867,3.08295,carrier_bucket,Scenario_3A
233.2,22028,-1.58441,-0.7048,1.2842,-1.24909,0.29825,2.90721,carrier_bucket,Scenario_3A
233.6,22028,-2.11084,-0.54716,1.37383,-1.31609,0.3941,2.85064,carrier_bucket,Scenario_3A
234.0,22028,-2.66185,-0.45818,1.39535,-1.3775,0.22245,2.98148,carrier_bucket,Scenario_3A
234.4,22028,-3.20859,-0.27963,1.43788,-1.36685,0.44636,2.82595,carrier_bucket,Scenario_3A
218.4,22113,-0.64151,-0.1509,0.0,0.0,0.0,0.0,carrier_bucket,Scenario_3A
218.8,22113,-0.143,-0.13075,1.2473,1.24628,0.05037,0.0404,carrier_bucket,Scenario_3A
219.2,22113,0.3262,-0.15883,1.1751,1.173,-0.0702,-0.05978,carrier_bucket,Scenario_3A
219.6,22113,0.79788,-0.09728,1.1892,1.1792,0.15387,0.12976,carrier_bucket,Scenario_3A
220.0,22113,1.30308,-0.06724,1.26523,1.26299,0.0751,0.0594,carrier_bucket,Scenario_3A
220.4,22113,1.80134,-0.084,1.24637,1.24567,-0.04189,-0.03361,carrier_bucket,Scenario_3A
220.8,22113,2.30603,-0.03373,1.26796,1.26172,0.12565,0.09926,carrier_bucket,Scenario_3A
221.2,22113,2.82875,-0.03515,1.30679,1.30679,-0.00354,-0.00271,carrier_bucket,Scenario_3A
221.6,22113,3.3454,-0.09152,1.2993,1.29164,-0.14093,-0.10868,carrier_bucket,Scenario_3A
222.0,22113,3.8619,-0.11908,1.29307,1.29123,-0.0689,-0.05331,carrier_bucket,Scenario_3A
222.4,22113,4.36825,-0.22833,1.29501,1.26588,-0.27313,-0.2125,carrier_bucket,Scenario_3A
222.8,22113,4.8586,-0.34103,1.25784,1.22588,-0.28173,-0.2259,carrier_bucket,Scenario_3A
223.2,22113,5.34699,-0.35539,1.2215,1.22097,-0.03592,-0.02941,carrier_bucket,Scenario_3A
223.6,22113,5.83913,-0.42201,1.24158,1.23036,-0.16653,-0.13453,carrier_bucket,Scenario_3A
224.0,22113,6.33627,-0.48687,1.25337,1.24284,-0.16217,-0.12975,carrier_bucket,Scenario_3A
224.4,22113,6.82508,-0.45673,1.22435,1.22202,0.07537,0.0616,carrier_bucket,Scenario_3A
224.8,22113,7.29908,-0.49794,1.18947,1.185,-0.10303,-0.08672,carrier_bucket,Scenario_3A
225.2,22113,7.7476,-0.55349,1.12987,1.1213,-0.13887,-0.12322,carrier_bucket,Scenario_3A
225.6,22113,8.26057,-0.50495,1.28815,1.28242,0.12134,0.09433,carrier_bucket,Scenario_3A
226.0,22113,8.81502,-0.48013,1.38752,1.38614,0.06205,0.04474,carrier_bucket,Scenario_3A
58.8,22178,7.52714,0.13352,0.0,0.0,0.0,0.0,carrier_bucket,Scenario_3A
59.2,22178,7.97546,0.30249,1.19775,1.12079,0.42243,0.36044,carrier_bucket,Scenario_3A
59.6,22178,8.4143,0.43662,1.1472,1.0971,0.33532,0.29663,carrier_bucket,Scenario_3A
60.0,22178,8.80658,0.46259,0.98286,0.98071,0.06492,0.0661,carrier_bucket,Scenario_3A
60.4,22178,9.10491,0.37948,0.77422,0.74582,-0.20776,-0.27168,carrier_bucket,Scenario_3A
60.8,22178,9.27274,0.29673,0.46781,0.41957,-0.2069,-0.45813,carrier_bucket,Scenario_3A
61.2,22178,9.31583,0.2615,0.13915,0.10772,-0.08807,-0.68538,carrier_bucket,Scenario_3A
61.6,22178,9.25413,0.31387,0.20232,-0.15424,0.13093,2.43773,carrier_bucket,Scenario_3A
62.0,22178,9.12383,0.46965,0.50773,-0.32576,0.38945,2.26738,carrier_bucket,Scenario_3A
62.4,22178,8.93172,0.58333,0.55805,-0.48026,0.2842,2.60726,carrier_bucket,Scenario_3A
62.8,22178,8.65802,0.55456,0.68802,-0.68425,-0.07192,-3.03688,carrier_bucket,Scenario_3A
63.2,22178,8.35446,0.49216,0.77478,-0.75891,-0.156,-2.93885,carrier_bucket,Scenario_3A
63.6,22178,8.01003,0.5053,0.8617,-0.86107,0.03286,3.10345,carrier_bucket,Scenario_3A
64.0,22178,7.59535,0.584,1.05519,-1.03669,0.19674,2.95404,carrier_bucket,Scenario_3A
64.4,22178,7.14629,0.73586,1.18511,-1.12265,0.37966,2.81548,carrier_bucket,Scenario_3A
64.8,22178,6.67655,0.95937,1.30052,-1.17437,0.55876,2.6975,carrier_bucket,Scenario_3A
65.2,22178,6.19578,1.18224,1.32478,-1.20191,0.55717,2.70751,carrier_bucket,Scenario_3A
65.6,22178,5.6782,1.39766,1.40156,-1.29395,0.53857,2.74718,carrier_bucket,Scenario_3A
66.0,22178,5.12455,1.60378,1.47693,-1.38413,0.51529,2.78521,carrier_bucket,Scenario_3A
66.4,22178,4.56458,1.76513,1.45688,-1.39992,0.40338,2.86105,carrier_bucket,Scenario_3A
102.0,22071,-6.94318,0.73647,0.0,0.0,0.0,0.0,carrier_bucket,Scenario_3A
102.4,22071,-6.56103,0.52238,1.09509,0.95538,-0.53522,-0.51066,carrier_bucket,Scenario_3A
102.8,22071,-6.14359,0.33289,1.14608,1.04359,-0.47372,-0.42612,carrier_bucket,Scenario_3A
103.2,22071,-5.69162,0.19847,1.17885,1.12993,-0.33605,-0.28908,carrier_bucket,Scenario_3A
103.6,22071,-5.22684,0.00799,1.25576,1.16196,-0.4762,-0.38895,carrier_bucket,Scenario_3A
104.0,22071,-4.77057,-0.15323,1.20977,1.14066,-0.40306,-0.33966,carrier_bucket,Scenario_3A
104.4,22071,-4.32996,-0.28467,1.1495,1.10153,-0.32859,-0.2899,carrier_bucket,Scenario_3A
104.8,22071,-3.87277,-0.45349,1.21841,1.14297,-0.42206,-0.35373,carrier_bucket,Scenario_3A
105.2,22071,-3.39333,-0.55302,1.22417,1.19861,-0.24882,-0.20469,carrier_bucket,Scenario_3A
105.6,22071,-2.91402,-0.62334,1.21111,1.19828,-0.1758,-0.14567,carrier_bucket,Scenario_3A
106.0,22071,-2.43761,-0.67482,1.19795,1.19102,-0.12871,-0.10765,carrier_bucket,Scenario_3A
106.4,22071,-1.96542,-0.63502,1.18465,1.18046,0.09952,0.08411,carrier_bucket,Scenario_3A
106.8,22071,-1.49508,-0.59744,1.17959,1.17585,0.09393,0.07972,carrier_bucket,Scenario_3A
107.2,22071,-1.01877,-0.57588,1.192,1.19078,0.0539,0.04524,carrier_bucket,Scenario_3A
107.6,22071,-0.54177,-0.57704,1.1925,1.19249,-0.00291,-0.00244,carrier_bucket,Scenario_3A
108.0,22071,-0.05553,-0.66364,1.23472,1.2156,-0.21648,-0.17624,carrier_bucket,Scenario_3A
108.4,22071,0.43117,-0.73209,1.22873,1.21676,-0.17113,-0.13972,carrier_bucket,Scenario_3A
108.8,22071,0.91735,-0.78904,1.22375,1.21544,-0.14239,-0.11662,carrier_bucket,Scenario_3A
109.2,22071,1.40105,-0.83962,1.21587,1.20927,-0.12646,-0.1042,carrier_bucket,Scenario_3A
109.6,22071,1.86369,-0.77077,1.16934,1.1566,0.17213,0.14774,carrier_bucket,Scenario_3A
92.4,22041,-3.39491,0.19346,0.0,0.0,0.0,0.0,carrier_bucket,Scenario_3A
92.8,22041,-2.83253,0.00089,1.48608,1.40594,-0.48141,-0.3299,carrier_bucket,Scenario_3A
93.2,22041,-2.25549,-0.20544,1.53205,1.44259,-0.51584,-0.34341,carrier_bucket,Scenario_3A
93.6,22041,-1.70021,-0.33046,1.42296,1.38821,-0.31253,-0.22144,carrier_bucket,Scenario_3A
94.0,22041,-1.13719,-0.42305,1.42645,1.40754,-0.23148,-0.163,carrier_bucket,Scenario_3A
94.4,22041,-0.55853,-0.51252,1.46383,1.44664,-0.22368,-0.15341,carrier_bucket,Scenario_3A
94.8,22041,0.03121,-0.51368,1.47437,1.47437,-0.00289,-0.00196,carrier_bucket,Scenario_3A
95.2,22041,0.65279,-0.51795,1.55397,1.55394,-0.01068,-0.00688,carrier_bucket,Scenario_3A
95.6,22041,1.25205,-0.53329,1.49865,1.49816,-0.03834,-0.02558,carrier_bucket,Scenario_3A
96.0,22041,1.84141,-0.49683,1.47622,1.4734,0.09114,0.06178,carrier_bucket,Scenario_3A
96.4,22041,2.47181,-0.50859,1.57626,1.57598,-0.02941,-0.01866,carrier_bucket,Scenario_3A
96.8,22041,3.08411,-0.53304,1.53197,1.53076,-0.06112,-0.03991,carrier_bucket,Scenario_3A
97.2,22041,3.70745,-0.5306,1.55836,1.55835,0.00609,0.00391,carrier_bucket,Scenario_3A
97.6,22041,4.36752,-0.57742,1.65431,1.65017,-0.11706,-0.07082,carrier_bucket,Scenario_3A
98.0,22041,5.00166,-0.57337,1.5854,1.58537,0.01015,0.0064,carrier_bucket,Scenario_3A
98.4,22041,5.63514,-0.49958,1.59439,1.58368,0.18447,0.11596,carrier_bucket,Scenario_3A
98.8,22041,6.26141,-0.40688,1.58274,1.56569,0.23176,0.14695,carrier_bucket,Scenario_3A
99.2,22041,6.87157,-0.23877,1.58222,1.52539,0.42027,0.26885,carrier_bucket,Scenario_3A
99.6,22041,7.5004,-0.05708,1.63638,1.57208,0.45421,0.28127,carrier_bucket,Scenario_3A
100.0,22041,8.05212,0.08914,1.42693,1.37931,0.36557,0.25908,carrier_bucket,Scenario_3A
0.0,22199,-8.41454,1.6559,0.0,0.0,0.0,0.0,carrier_bucket,Scenario_3A
0.4,22199,-8.37833,1.65528,0.09054,0.09053,-0.00153,-0.0169,carrier_bucket,Scenario_3A
0.8,22199,-8.18358,1.70072,0.49996,0.48689,0.11359,0.2292,carrier_bucket,Scenario_3A
1.2,22199,-7.81993,1.78862,0.93529,0.90911,0.21975,0.23717,carrier_bucket,Scenario_3A
1.6,22199,-7.51986,1.7444,0.75828,0.75018,-0.11055,-0.14632,carrier_bucket,Scenario_3A
2.0,22199,-7.30637,1.48609,0.83779,0.53373,-0.64577,-0.8801,carrier_bucket,Scenario_3A
2.4,22199,-6.9772,1.19882,1.09223,0.82293,-0.71817,-0.71752,carrier_bucket,Scenario_3A
2.8,22199,-6.55483,0.9707,1.20008,1.05591,-0.57031,-0.49522,carrier_bucket,Scenario_3A
3.2,22199,-6.15263,0.70513,1.20492,1.0055,-0.66393,-0.58358,carrier_bucket,Scenario_3A
3.6,22199,-5.74411,0.47525,1.1719,1.02131,-0.5747,-0.51255,carrier_bucket,Scenario_3A
4.0,22199,-5.30884,0.32139,1.15415,1.08816,-0.38466,-0.33978,carrier_bucket,Scenario_3A
4.4,22199,-4.88514,0.12563,1.16684,1.05925,-0.4894,-0.43281,carrier_bucket,Scenario_3A
4.8,22199,-4.44215,-0.06719,1.20783,1.10748,-0.48204,-0.41052,carrier_bucket,Scenario_3A
5.2,22199,-3.96341,-0.21495,1.25255,1.19684,-0.3694,-0.29937,carrier_bucket,Scenario_3A
5.6,22199,-3.50858,-0.42348,1.25089,1.13707,-0.52135,-0.4299,carrier_bucket,Scenario_3A
6.0,22199,-3.06923,-0.6306,1.21431,1.09838,-0.51779,-0.44052,carrier_bucket,Scenario_3A
6.4,22199,-2.59152,-0.76783,1.24258,1.19428,-0.34307,-0.27973,carrier_bucket,Scenario_3A
6.8,22199,-2.1234,-0.96527,1.27015,1.17032,-0.4936,-0.39913,carrier_bucket,Scenario_3A
7.2,22199,-1.67765,-1.15766,1.21374,1.11437,-0.48098,-0.40746,carrier_bucket,Scenario_3A
7.6,22199,-1.19492,-1.27856,1.24408,1.20681,-0.30225,-0.24541,carrier_bucket,Scenario_3A
109.2,22128,1.064,-0.46848,0.0,0.0,0.0,0.0,carrier_bucket,Scenario_3A
109.6,22128,1.56996,-0.35536,1.29612,1.2649,0.28278,0.21994,carrier_bucket,Scenario_3A
110.0,22128,2.11387,-0.24696,1.38653,1.35979,0.27102,0.19673,carrier_bucket,Scenario_3A
110.4,22128,2.70578,-0.13224,1.5073,1.47977,0.28678,0.19143,carrier_bucket,Scenario_3A
110.8,22128,3.33128,-0.09832,1.56605,1.56375,0.08481,0.05418,carrier_bucket,Scenario_3A
111.2,22128,3.9397,-0.08208,1.52159,1.52105,0.0406,0.02668,carrier_bucket,Scenario_3A
111.6,22128,4.50982,-0.10765,1.42672,1.42529,-0.06393,-0.04483,carrier_bucket,Scenario_3A
112.0,22128,5.10657,-0.18424,1.50413,1.49189,-0.19146,-0.12764,carrier_bucket,Scenario_3A
112.4,22128,5.76014,-0.20629,1.63483,1.6339,-0.05512,-0.03372,carrier_bucket,Scenario_3A
112.8,22128,6.44428,-0.23044,1.71142,1.71035,-0.06037,-0.03528,carrier_bucket,Scenario_3A
113.2,22128,7.13586,-0.20236,1.73038,1.72895,0.07019,0.04057,carrier_bucket,Scenario_3A
113.6,22128,7.8007,-0.18188,1.66291,1.66212,0.0512,0.03079,carrier_bucket,Scenario_3A
114.0,22128,8.43536,-0.28052,1.60568,1.58664,-0.24659,-0.15418,carrier_bucket,Scenario_3A
114.4,22128,9.05435,-0.43336,1.59396,1.54748,-0.38212,-0.24209,carrier_bucket,Scenario_3A
114.8,22128,9.4442,-0.56071,1.02531,0.97463,-0.31837,-0.31573,carrier_bucket,Scenario_3A
115.2,22128,9.33039,-0.61288,0.313,-0.28453,-0.13043,-2.71179,carrier_bucket,Scenario_3A
115.6,22128,8.83062,-0.43748,1.32413,-1.24942,0.4385,2.80406,carrier_bucket,Scenario_3A
116.0,22128,8.30711,-0.21734,1.41978,-1.30878,0.55035,2.74353,carrier_bucket,Scenario_3A
116.4,22128,7.82539,-0.27919,1.21419,-1.2043,-0.15462,-3.0139,carrier_bucket,Scenario_3A
116.8,22128,7.27442,-0.41939,1.42132,-1.37743,-0.35049,-2.89243,carrier_bucket,Scenario_3A
25.2,22090,0.34981,-0.18422,0.0,0.0,0.0,0.0,carrier_bucket,Scenario_3A
25.6,22090,0.90494,-0.2309,1.39273,1.38783,-0.11672,-0.0839,carrier_bucket,Scenario_3A
26.0,22090,1.45736,-0.31783,1.39803,1.38104,-0.21732,-0.15608,carrier_bucket,Scenario_3A
26.4,22090,2.01032,-0.31267,1.38247,1.38241,0.01292,0.00934,carrier_bucket,Scenario_3A
26.8,22090,2.57956,-0.30622,1.42319,1.4231,0.01612,0.01133,carrier_bucket,Scenario_3A
27.2,22090,3.15523,-0.33265,1.4407,1.43919,-0.06608,-0.04588,carrier_bucket,Scenario_3A
27.6,22090,3.73192,-0.2573,1.45396,1.4417,0.18836,0.12992,carrier_bucket,Scenario_3A
28.0,22090,4.31659,-0.23843,1.46245,1.46169,0.04719,0.03228,carrier_bucket,Scenario_3A
28.4,22090,4.91981,-0.30701,1.51777,1.50805,-0.17145,-0.11321,carrier_bucket,Scenario_3A
28.8,22090,5.50497,-0.23971,1.47255,1.4629,0.16825,0.11451,carrier_bucket,Scenario_3A
29.2,22090,6.08127,-0.1836,1.44755,1.44073,0.14029,0.09706,carrier_bucket,Scenario_3A
29.6,22090,6.6236,-0.22047,1.35897,1.35584,-0.09218,-0.06788,carrier_bucket,Scenario_3A
30.0,22090,7.12954,-0.25491,1.26777,1.26484,-0.08611,-0.06797,carrier_bucket,Scenario_3A
30.4,22090,7.6357,-0.41187,1.32486,1.26541,-0.39241,-0.3007,carrier_bucket,Scenario_3A
30.8,22090,8.08594,-0.55555,1.18152,1.1256,-0.3592,-0.3089,carrier_bucket,Scenario_3A
31.2,22090,8.58559,-0.51846,1.25258,1.24914,0.09273,0.0741,carrier_bucket,Scenario_3A
31.6,22090,9.02302,-0.39968,1.13317,1.09357,0.29694,0.26514,carrier_bucket,Scenario_3A
32.0,22090,9.12214,-0.289,0.37143,0.24779,0.2767,0.84047,carrier_bucket,Scenario_3A
32.4,22090,9.0155,-0.31454,0.27413,-0.26659,-0.06384,-2.90656,carrier_bucket,Scenario_3A
32.8,22090,8.85937,-0.48853,0.58445,-0.39034,-0.435,-2.30214,carrier_bucket,Scenario_3A
0.0,22143,9.23287,0.38421,0.0,0.0,0.0,0.0,carrier_bucket,Scenario_3A
0.4,22143,9.04653,0.31352,0.49824,-0.46584,-0.17675,-2.77895,carrier_bucket,Scenario_3A
0.8,22143,8.62808,0.17341,1.10322,-1.04614,-0.35027,-2.8185,carrier_bucket,Scenario_3A
1.2,22143,8.17678,0.09515,1.14509,-1.12825,-0.19564,-2.9699,carrier_bucket,Scenario_3A
1.6,22143,7.71263,0.06583,1.16269,-1.16037,-0.07331,-3.0785,carrier_bucket,Scenario_3A
2.0,22143,7.20251,0.02731,1.27892,-1.27529,-0.0963,-3.06622,carrier_bucket,Scenario_3A
2.4,22143,6.53838,0.02323,1.66035,-1.66032,-0.01021,-3.13544,carrier_bucket,Scenario_3A
2.8,22143,5.84677,-0.01206,1.73129,-1.72905,-0.08821,-3.09062,carrier_bucket,Scenario_3A
3.2,22143,5.40188,-0.12085,1.14498,-1.1122,-0.27199,-2.90175,carrier_bucket,Scenario_3A
3.6,22143,4.99854,-0.20525,1.03019,-1.00836,-0.21099,-2.93533,carrier_bucket,Scenario_3A
4.0,22143,4.46739,-0.2509,1.33277,-1.32787,-0.11412,-3.05586,carrier_bucket,Scenario_3A
4.4,22143,3.88667,-0.22999,1.45276,-1.45182,0.05227,3.1056,carrier_bucket,Scenario_3A
4.8,22143,3.26006,-0.168,1.57416,-1.56651,0.15495,3.043,carrier_bucket,Scenario_3A
5.2,22143,2.63018,-0.09174,1.58621,-1.57471,0.19065,3.02111,carrier_bucket,Scenario_3A
5.6,22143,2.03962,0.04606,1.51605,-1.47639,0.3445,2.91235,carrier_bucket,Scenario_3A
6.0,22143,1.46316,0.14331,1.46152,-1.44116,0.24312,2.97447,carrier_bucket,Scenario_3A
6.4,22143,0.8633,0.15949,1.50019,-1.49964,0.04047,3.11461,carrier_bucket,Scenario_3A
6.8,22143,0.23669,0.11869,1.56985,-1.56653,-0.102,-3.07657,carrier_bucket,Scenario_3A
7.2,22143,-0.35862,0.05055,1.49799,-1.48827,-0.17036,-3.02762,carrier_bucket,Scenario_3A
7.6,22143,-0.92827,0.04679,1.42414,-1.42411,-0.00938,-3.13501,carrier_bucket,Scenario_3A
193.2,22166,-1.47786,-0.15953,0.0,0.0,0.0,0.0,carrier_bucket,Scenario_3A
193.6,22166,-2.05072,-0.06027,1.45351,-1.43217,0.24816,2.97002,carrier_bucket,Scenario_3A
194.0,22166,-2.64586,0.11917,1.55401,-1.48785,0.44859,2.84876,carrier_bucket,Scenario_3A
194.4,22166,-3.26789,0.28666,1.61045,-1.55506,0.41874,2.87855,carrier_bucket,Scenario_3A
194.8,22166,-3.8538,0.50686,1.56481,-1.46479,0.55048,2.78211,carrier_bucket,Scenario_3A
195.2,22166,-4.46118,0.78469,1.66978,-1.51845,0.69459,2.71258,carrier_bucket,Scenario_3A
195.6,22166,-5.06724,1.02921,1.63381,-1.51514,0.6113,2.75811,carrier_bucket,Scenario_3A
196.0,22166,-5.61655,1.27845,1.50801,-1.37327,0.62309,2.71564,carrier_bucket,Scenario_3A
196.4,22166,-6.18839,1.48244,1.51785,-1.42961,0.50999,2.79893,carrier_bucket,Scenario_3A
196.8,22166,-6.74215,1.6471,1.44429,-1.38439,0.41164,2.85257,carrier_bucket,Scenario_3A
197.2,22166,-7.27908,1.78509,1.38595,-1.34234,0.34496,2.89005,carrier_bucket,Scenario_3A
197.6,22166,-7.78184,1.86441,1.27244,-1.25689,0.1983,2.98511,carrier_bucket,Scenario_3A
198.0,22166,-8.13138,1.90624,0.8801,-0.87386,0.10459,3.02248,carrier_bucket,Scenario_3A
198.4,22166,-8.30012,1.90292,0.42193,-0.42184,-0.00831,-3.1219,carrier_bucket,Scenario_3A
198.8,22166,-8.33672,1.89065,0.0965,-0.0915,-0.03068,-2.81808,carrier_bucket,Scenario_3A
199.2,22166,-8.20709,1.87126,0.32769,0.32408,-0.04848,-0.14849,carrier_bucket,Scenario_3A
199.6,22166,-7.86767,1.85639,0.84934,0.84853,-0.03716,-0.04376,carrier_bucket,Scenario_3A
200.0,22166,-7.45117,1.81064,1.04752,1.04126,-0.11439,-0.10942,carrier_bucket,Scenario_3A
200.4,22166,-7.01189,1.67431,1.14988,1.0982,-0.34082,-0.30092,carrier_bucket,Scenario_3A
200.8,22166,-6.49595,1.51525,1.34974,1.28984,-0.39764,-0.29905,carrier_bucket,Scenario_3A
117.6,22213,7.26732,-0.52663,0.0,0.0,0.0,0.0,carrier_bucket,Scenario_3A
118.0,22213,7.72052,-0.37153,1.19752,1.13301,0.38775,0.32974,carrier_bucket,Scenario_3A
118.4,22213,8.11562,-0.23913,1.04173,0.98774,0.331,0.32335,carrier_bucket,Scenario_3A
118.8,22213,8.52461,-0.22199,1.02336,1.02246,0.04285,0.04188,carrier_bucket,Scenario_3A
119.2,22213,9.00367,-0.2408,1.19859,1.19767,-0.04703,-0.03924,carrier_bucket,Scenario_3A
119.6,22213,9.37725,-0.27936,0.9389,0.93394,-0.0964,-0.10286,carrier_bucket,Scenario_3A
120.0,22213,9.48982,-0.33028,0.30889,0.28144,-0.1273,-0.42478,carrier_bucket,Scenario_3A
120.4,22213,9.46599,-0.38547,0.15029,-0.05959,-0.13797,-1.97849,carrier_bucket,Scenario_3A
120.8,22213,9.40007,-0.42321,0.18989,-0.1648,-0.09434,-2.62165,carrier_bucket,Scenario_3A
121.2,22213,9.10835,-0.39673,0.73229,-0.72929,0.0662,3.05107,carrier_bucket,Scenario_3A
121.6,22213,8.65249,-0.31465,1.15797,-1.13964,0.2052,2.96344,carrier_bucket,Scenario_3A
122.0,22213,8.25519,-0.3365,0.99477,-0.99327,-0.05463,-3.08665,carrier_bucket,Scenario_3A
122.4,22213,7.86559,-0.41657,0.99436,-0.974,-0.2002,-2.93888,carrier_bucket,Scenario_3A
122.8,22213,7.43558,-0.39194,1.07679,-1.07503,0.06158,3.08438,carrier_bucket,Scenario_3A
123.2,22213,6.97768,-0.37432,1.1456,-1.14475,0.04405,3.10313,carrier_bucket,Scenario_3A
123.6,22213,6.51677,-0.41265,1.15625,-1.15228,-0.0958,-3.05864,carrier_bucket,Scenario_3A
124.0,22213,6.04074,-0.40106,1.19042,-1.19006,0.02897,3.11726,carrier_bucket,Scenario_3A
124.4,22213,5.53971,-0.42961,1.25462,-1.25259,-0.07137,-3.08468,carrier_bucket,Scenario_3A
124.8,22213,5.04304,-0.55662,1.28163,-1.24168,-0.31754,-2.89123,carrier_bucket,Scenario_3A
125.2,22213,4.55468,-0.62826,1.23396,-1.22089,-0.17909,-2.99594,carrier_bucket,Scenario_3A
42.0,22148,-6.70789,1.76314,0.0,0.0,0.0,0.0,carrier_bucket,Scenario_3A
42.4,22148,-6.1151,1.57705,1.5533,1.482,-0.46523,-0.30418,carrier_bucket,Scenario_3A
42.8,22148,-5.49954,1.46229,1.56542,1.5389,-0.28691,-0.18432,carrier_bucket,Scenario_3A
43.2,22148,-4.87229,1.41754,1.5721,1.56811,-0.11186,-0.07121,carrier_bucket,Scenario_3A
43.6,22148,-4.21675,1.43662,1.63954,1.63885,0.04768,0.02909,carrier_bucket,Scenario_3A
44.0,22148,-3.56403,1.50589,1.64096,1.6318,0.17318,0.10573,carrier_bucket,Scenario_3A
44.4,22148,-2.94101,1.54912,1.56131,1.55757,0.10809,0.06928,carrier_bucket,Scenario_3A
44.8,22148,-2.2716,1.65792,1.69547,1.67352,0.27199,0.16112,carrier_bucket,Scenario_3A
45.2,22148,-1.56936,1.76939,1.77759,1.75561,0.27869,0.15743,carrier_bucket,Scenario_3A
45.6,22148,-0.87554,1.84338,1.74437,1.73453,0.18498,0.10624,carrier_bucket,Scenario_3A
46.0,22148,-0.22705,1.94793,1.64217,1.62124,0.26136,0.15984,carrier_bucket,Scenario_3A
46.4,22148,0.3894,2.04645,1.56069,1.54113,0.24631,0.15849,carrier_bucket,Scenario_3A
46.8,22148,1.07282,2.15574,1.73026,1.70856,0.27322,0.15857,carrier_bucket,Scenario_3A
47.2,22148,1.76271,2.21372,1.7308,1.72472,0.14495,0.08384,carrier_bucket,Scenario_3A
47.6,22148,2.36832,2.19754,1.51457,1.51403,-0.04046,-0.02672,carrier_bucket,Scenario_3A
48.0,22148,2.95492,2.17621,1.46747,1.4665,-0.05331,-0.03634,carrier_bucket,Scenario_3A
48.4,22148,3.55862,2.03592,1.54946,1.50924,-0.35075,-0.22835,carrier_bucket,Scenario_3A
48.8,22148,4.17132,1.80291,1.63879,1.53177,-0.58251,-0.3634,carrier_bucket,Scenario_3A
49.2,22148,4.78203,1.58161,1.62393,1.52677,-0.55325,-0.34765,carrier_bucket,Scenario_3A
49.6,22148,5.36251,1.32404,1.58765,1.4512,-0.64393,-0.41762,carrier_bucket,Scenario_3A
92.4,22154,-6.83813,1.52117,0.0,0.0,0.0,0.0,carrier_bucket,Scenario_3A
92.8,22154,-7.35477,1.7862,1.45163,-1.2916,0.66258,2.66761,carrier_bucket,Scenario_3A
93.2,22154,-7.80458,2.00997,1.25601,-1.12454,0.55943,2.67997,carrier_bucket,Scenario_3A
93.6,22154,-8.12588,2.15037,0.87658,-0.80325,0.35099,2.72964,carrier_bucket,Scenario_3A
94.0,22154,-8.2583,2.1962,0.35033,-0.33105,0.1146,2.80834,carrier_bucket,Scenario_3A
94.4,22154,-8.27706,2.21574,0.06769,-0.04688,0.04883,2.33586,carrier_bucket,Scenario_3A
94.8,22154,-8.26813,2.22925,0.04049,0.02231,0.03379,0.9872,carrier_bucket,Scenario_3A
95.2,22154,-8.20563,2.24463,0.16091,0.15625,0.03844,0.24126,carrier_bucket,Scenario_3A
95.6,22154,-7.91252,2.19053,0.74514,0.73277,-0.13524,-0.18251,carrier_bucket,Scenario_3A
96.0,22154,-7.46925,2.007,1.19942,1.10819,-0.45883,-0.39255,carrier_bucket,Scenario_3A
96.4,22154,-7.04297,1.81002,1.17398,1.0657,-0.49244,-0.43285,carrier_bucket,Scenario_3A
96.8,22154,-6.57869,1.66148,1.21865,1.16069,-0.37136,-0.30965,carrier_bucket,Scenario_3A
97.2,22154,-6.00987,1.53204,1.45841,1.42206,-0.32359,-0.22374,carrier_bucket,Scenario_3A
97.6,22154,-5.37227,1.46509,1.60276,1.594,-0.16738,-0.10462,carrier_bucket,Scenario_3A
98.0,22154,-4.75577,1.40708,1.54806,1.54125,-0.14504,-0.09383,carrier_bucket,Scenario_3A
98.4,22154,-4.12697,1.38797,1.57273,1.572,-0.04777,-0.03038,carrier_bucket,Scenario_3A
98.8,22154,-3.44269,1.48963,1.72948,1.7107,0.25416,0.14749,carrier_bucket,Scenario_3A
99.2,22154,-2.7413,1.58195,1.7686,1.75348,0.23079,0.13086,carrier_bucket,Scenario_3A
99.6,22154,-2.06325,1.64976,1.70358,1.69512,0.16953,0.09968,carrier_bucket,Scenario_3A
100.0,22154,-1.40295,1.69679,1.65493,1.65075,0.11757,0.0711,carrier_bucket,Scenario_3A
33.6,22147,0.95298,-0.3602,0.0,0.0,0.0,0.0,carrier_bucket,Scenario_3A
34.0,22147,0.36593,-0.33903,1.46856,-1.46761,0.05292,3.10555,carrier_bucket,Scenario_3A
34.4,22147,-0.235,-0.2861,1.50815,-1.50233,0.13233,3.05373,carrier_bucket,Scenario_3A
34.8,22147,-0.8528,-0.20386,1.55813,-1.5445,0.20559,3.00926,carrier_bucket,Scenario_3A
35.2,22147,-1.41278,-0.13114,1.4117,-1.39994,0.18182,3.01244,carrier_bucket,Scenario_3A
35.6,22147,-1.92577,0.03552,1.34846,-1.28249,0.41664,2.82748,carrier_bucket,Scenario_3A
36.0,22147,-2.49723,0.23182,1.51059,-1.42865,0.49075,2.81071,carrier_bucket,Scenario_3A
36.4,22147,-3.12078,0.43811,1.64196,-1.55886,0.51574,2.82209,carrier_bucket,Scenario_3A
36.8,22147,-3.74306,0.68764,1.67612,-1.55571,0.62381,2.76024,carrier_bucket,Scenario_3A
37.2,22147,-4.3741,0.87222,1.64371,-1.57761,0.46145,2.85703,carrier_bucket,Scenario_3A
37.6,22147,-5.00014,1.0414,1.62125,-1.5651,0.42296,2.87765,carrier_bucket,Scenario_3A
38.0,22147,-5.60685,1.19035,1.56181,-1.51677,0.37236,2.90086,carrier_bucket,Scenario_3A
38.4,22147,-6.19291,1.32991,1.50611,-1.46514,0.34891,2.90781,carrier_bucket,Scenario_3A
38.8,22147,-6.73764,1.55611,1.47456,-1.36182,0.5655,2.74801,carrier_bucket,Scenario_3A
39.2,22147,-7.24289,1.84175,1.45102,-1.26314,0.71411,2.62704,carrier_bucket,Scenario_3A
39.6,22147,-7.72179,2.14622,1.41873,-1.19725,0.76117,2.57529,carrier_bucket,Scenario_3A
40.0,22147,-8.03692,2.35004,0.93826,-0.78784,0.50955,2.56749,carrier_bucket,Scenario_3A
40.4,22147,-8.12048,2.40992,0.257,-0.2089,0.1497,2.5198,carrier_bucket,Scenario_3A
40.8,22147,-7.99463,2.34297,0.35638,0.31463,-0.16738,-0.48892,carrier_bucket,Scenario_3A
41.2,22147,-7.68094,2.12707,0.95202,0.78422,-0.53975,-0.6028,carrier_bucket,Scenario_3A
