-8.7843,-0.07395,5.9237,0.12168,0.03114,2.2262e-06,2.2262e-06,0.0035789,0.48574,1,0.31579
-8.7843,-0.07395,2.4447,0.24187,1.3805,-0.0065897,-0.0065897,0.0042012,0.51426,1,0.31579
-8.7843,0.32605,5.1923,0.082125,4.3316,0.049372,0.049372,0.00083024,0.74927,1,0.42105
-8.7843,0.32605,3.9606,0.29287,2.0829,0.1411,0.1411,0.0098909,0.25073,1,0.42105
-8.7843,0.52605,3.6462,0.2123,2.1858,0.019563,0.019563,0.033943,1,1,0.68421
-8.7843,0.72605,2.7086,0.28878,1.9697,0.07381,0.07381,0.047485,1,1,0.34211
-8.5843,-0.67395,1.9417,0.079202,1.268,0.011468,0.011468,0.00055181,0.8,1,0.13158
-8.5843,-0.47395,2.4063,0.15036,0.80658,0.037012,0.037012,0.015204,1,1,0.36842
-8.5843,-0.27395,1.873,0.18633,1.2954,-0.14076,-0.14076,0.025686,1,1,0.26316
-8.5843,-0.07395,0.60399,0.27228,2.9282,-0.089549,-0.089549,0.021478,1,1,0.18421
-8.5843,0.32605,1.3126,0.13599,1.5945,-0.037128,-0.037128,0.015166,1,1,0.23684
-8.5843,0.52605,2.8218,0.28121,3.2344,0.051909,0.051909,0.05917,1,1,0.76316
-8.5843,0.72605,1.3929,0.23836,0.9696,-0.059561,-0.059561,0.017854,0.55833,1,0.47368
-8.5843,0.72605,3.6245,0.61433,0.055518,-0.049784,-0.049784,0.091377,0.44167,1,0.47368
-8.3843,-0.47395,2.5862,0.25732,1.0019,0.11131,0.11131,0.042745,1,1,0.34211
-8.3843,-0.27395,2.2713,0.19169,0.78708,0.0020774,0.0020774,0.019018,1,1,0.31579
-8.3843,0.52605,0.40775,0.52423,0.023816,0.0087793,0.0087793,0.049826,0.625,1,0.21053
-8.3843,0.72605,3.2891,0.81792,0.0027599,-0.0092635,-0.0092635,0.031092,0.22222,1,0.23684
-8.1843,-0.47395,3.3477,0.46622,0.03792,0.038962,0.038962,0.045614,0.83333,1,0.15789
-8.1843,-0.07395,6.1394,0.64136,0.021014,0.0041831,0.0041831,0.011965,0.8,1,0.13158
-8.1843,0.72605,1.744,0.77518,1.9038,0.25331,0.25331,0.07203,1,1,0.28947
-8.1843,0.92605,1.8166,0.73684,2.0556,0.16165,0.16165,0.038679,1,1,0.15789
-7.9843,-0.27395,6.1986,0.65633,0.041096,-0.007025,-0.007025,0.0012832,0.42857,1,0.18421
-7.9843,-0.07395,3.6904,0.7753,4.381,-0.1678,-0.1678,0.010515,1,1,0.15789
-7.9843,0.72605,0.18396,0.73211,0.009603,-0.0069302,-0.0069302,0.0050013,0.25,1,0.21053
-7.9843,0.92605,3.0463,1.2832,0.027287,0.011722,0.011722,0.0050353,0.25,1,0.21053
-7.9843,0.92605,0.5555,0.76907,0.012489,-0.0028106,-0.0028106,0.00063252,0.25,1,0.21053
-7.5843,-3.0739,4.0952,0.071464,2.1639,0.024955,0.024955,0.0012148,1,1,0.21053
-7.5843,-2.8739,2.2922,0.11351,5.2124,-0.16502,-0.16502,0.008761,1,1,0.34211
-7.5843,-2.4739,3.7666,0.34595,0.075908,0.010687,0.010687,0.0015183,0.6,1,0.13158
-7.5843,-2.274,3.7666,0.34595,0.075908,0.010687,0.010687,0.0015183,0.6,1,0.13158
-7.3843,-3.0739,1.2635,0.21166,3.8796,-0.2618,-0.2618,0.025549,1,1,0.42105
-7.3843,-2.8739,2.1669,0.21938,7.0819,0.53455,0.53455,0.062472,1,1,0.92105
-7.3843,-2.6739,1.4885,0.1614,5.4694,0.3298,0.3298,0.021299,1,1,0.36842
-7.3843,-2.4739,3.6835,0.39209,0.17515,0.063343,0.063343,0.032395,0.85714,1,0.18421
-7.3843,-2.274,3.9561,0.49023,0.0060274,0.0017673,0.0017673,0.014701,0.66667,1,0.15789
-7.1843,-3.274,2.741,0.1869,1.488,0.061291,0.061291,0.02248,1,1,0.31579
-7.1843,-3.0739,2.4791,0.11382,1.042,-0.0066511,-0.0066511,0.00060336,0.66667,1,0.47368
-7.1843,-2.8739,5.6695,0.30632,3.4067,-0.27434,-0.27434,0.073749,1,1,0.68421
-7.1843,-2.6739,1.5889,0.28206,2.341,0.23872,0.23872,0.0696,1,1,0.57895
-7.1843,-2.4739,1.5698,0.23059,1.4064,0.054107,0.054107,0.014507,1,1,0.28947
-7.1843,-2.274,3.8932,0.69824,0.020307,-0.016314,-0.016314,0.015026,0.44444,1,0.23684
-7.1843,-2.274,0.64994,0.28997,0.10906,-0.0047943,-0.0047943,0.061723,0.55556,1,0.23684
-7.1843,-1.0739,0.82817,0.07543,1.8344,0.026124,0.026124,0.0013162,0.71429,1,0.18421
-7.1843,-0.87395,2.1682,0.2958,8.7343,1.0393,1.0393,0.14324,1,1,0.21053
-7.1843,1.1261,0.22058,0.96568,0.054648,0.034937,0.034937,0.022335,0.5,1,0.10526
-7.1843,2.5261,4.5439,0.080437,1.9526,0.00010169,0.00010169,0.0018005,0.95238,1,0.55263
-7.1843,2.7261,4.0555,0.1113,1.2436,-0.024818,-0.024818,0.001369,0.63019,1,0.21053
-7.1843,2.7261,5.6108,0.083115,0.013486,0.005065,0.005065,0.0019265,0.36981,1,0.21053
-6.9843,-3.4739,4.5209,0.2158,11.536,-0.59136,-0.59136,0.032636,1,1,0.18421
-6.9843,-3.274,2.724,0.14548,0.09458,0.029235,0.029235,0.0093697,0.41066,1,0.31579
-6.9843,-3.274,5.0621,0.40819,1.5526,-0.087374,-0.087374,0.075063,0.58934,1,0.31579
-6.9843,-3.0739,6.0961,0.46935,0.07835,0.012391,0.012391,0.0028102,0.45455,1,0.28947
-6.9843,-2.8739,6.0178,0.37448,2.206,-0.11632,-0.11632,0.020564,1,1,0.28947
-6.9843,-2.6739,3.6635,0.54377,0.012483,0.01947,0.01947,0.051686,0.66667,1,0.15789
-6.9843,-2.4739,3.5812,0.31843,0.0045582,0.0020579,0.0020579,0.00092909,0.23077,1,0.34211
-6.9843,-2.4739,0.52329,0.30476,1.5467,0.0091867,0.0091867,0.038365,0.76923,1,0.34211
-6.9843,-2.274,0.34541,0.47348,0.12987,0.030041,0.030041,0.052727,0.85714,1,0.18421
-6.9843,-0.87395,2.2887,0.38655,8.8399,1.1558,1.1558,0.16174,1,1,0.21053
-6.9843,0.92605,2.5149,0.52505,0.029336,-0.018111,-0.018111,0.011338,0.5,1,0.15789
-6.9843,1.5261,2.1286,0.17148,3.7925,0.14524,0.14524,0.0081618,1,1,0.13158
-6.9843,1.9261,4.359,0.12672,1.78,-0.062817,-0.062817,0.016485,1,1,0.47368
-6.9843,2.1261,6.2434,0.16942,4.7262,0.19366,0.19366,0.012587,1,1,0.47368
-6.9843,2.3261,0.59921,0.19572,3.8156,0.15303,0.15303,0.037434,1,1,0.44737
-6.9843,2.5261,0.79388,0.16111,9.9179,0.49595,0.49595,0.031007,1,1,0.73684
-6.9843,2.7261,5.4244,0.1621,2.3226,0.1185,0.1185,0.021623,1,1,0.34211
-6.7843,-3.0739,0.61734,0.62549,1.0912,0.21505,0.21505,0.062243,1,1,0.18421
-6.7843,-2.8739,0.21757,0.54009,0.15442,0.011923,0.011923,0.021569,1,1,0.15789
-6.7843,-2.4739,3.587,0.72522,0.015804,0.011754,0.011754,0.11118,0.625,1,0.21053
-6.7843,-2.274,0.3764,0.66318,0.037058,0.017066,0.017066,0.0078588,0.5,1,0.10526
-6.7843,1.7261,5.8556,0.14014,0.012156,-0.0029532,-0.0029532,0.00071744,0.4,1,0.13158
-6.7843,1.9261,4.6731,0.15011,1.7455,0.005895,0.005895,0.017514,0.77913,1,0.71053
-6.7843,1.9261,2.7831,0.50419,0.074755,0.0032144,0.0032144,0.00085924,0.22087,1,0.71053
-6.7843,2.1261,0.13035,0.22533,5.448,0.39964,0.39964,0.040536,1,1,0.63158
-6.7843,2.3261,5.875,0.38256,2.5275,-0.51125,-0.51125,0.12376,1,1,0.28947
-6.7843,2.5261,6.2534,0.31677,1.2386,-0.19427,-0.19427,0.052585,1,1,0.34211
-6.5843,-3.0739,0.48142,0.73387,0.077995,-0.036413,-0.036413,0.019004,0.6,1,0.13158
-6.5843,1.5261,5.9525,0.68082,0.1687,0.068376,0.068376,0.046243,1,1,0.13158
-6.5843,1.7261,2.7618,0.5825,0.016398,-0.0025751,-0.0025751,0.0027861,0.57143,1,0.18421
-6.5843,1.9261,2.8374,0.52544,0.037286,-0.00024311,-0.00024311,0.0016696,0.38462,1,0.34211
-6.5843,1.9261,5.7677,0.38116,0.087806,-0.016744,-0.016744,0.042958,0.61538,1,0.34211
-6.5843,2.1261,4.3386,0.69734,1.9755,-0.28134,-0.28134,0.10315,1,1,0.10526
-6.5843,2.5261,0.15145,0.3783,0.017185,-0.003363,-0.003363,0.00065812,0.42857,1,0.18421
-6.5843,2.7261,0.15145,0.3783,0.017185,-0.003363,-0.003363,0.00065812,0.6,1,0.13158
-6.3843,-2.8739,0.63197,0.87479,0.012928,-0.020847,-0.020847,0.033619,0.33333,1,0.15789
-6.3843,-2.6739,0.68767,0.65501,0.010272,-0.016904,-0.016904,0.11219,0.8,1,0.13158
-6.3843,-2.4739,0.16488,0.82325,3.8719,0.36191,0.36191,0.0407,1,1,0.13158
-6.3843,0.12605,5.3259,1.1467,1.8652,-0.034205,-0.034205,0.0014467,1,1,0.15789
-6.3843,1.7261,5.7188,0.47099,0.0017817,-0.0030849,-0.0030849,0.0053414,0.28571,1,0.18421
-6.3843,1.9261,2.9126,0.63069,0.027718,0.0078963,0.0078963,0.0083227,0.57143,1,0.18421
-6.1843,-2.6739,0.40205,0.92028,0.10101,0.0048816,0.0048816,0.014072,0.75,1,0.21053
-6.1843,-2.4739,0.56812,0.8577,5.1739,-0.31968,-0.31968,0.032154,1,1,0.15789
-6.1843,-0.07395,0.11276,1.1155,0.0065829,0.0030097,0.0030097,0.001376,0.5,1,0.10526
-6.1843,1.7261,2.9505,0.48379,1.8573,-0.20372,-0.20372,0.039051,0.6673,1,0.23684
-6.1843,1.7261,5.7906,0.63483,0.017732,0.0093128,0.0093128,0.0056456,0.3327,1,0.23684
-6.1843,1.9261,5.3287,0.47974,4.6687,0.65208,0.65208,0.091262,0.55556,1,0.23684
-6.1843,2.5261,5.8732,0.61731,1.4408,-0.3492,-0.3492,0.11845,1,1,0.18421
-6.1843,2.7261,0.40755,0.53086,2.8799,-0.25843,-0.25843,0.080281,1,1,0.23684
-5.9843,-2.6739,0.26258,0.99463,0.029666,0.012091,0.012091,0.023076,0.8,1,0.13158
-5.9843,-0.07395,2.9547,1.0564,0.20421,-0.0055403,-0.0055403,0.00015031,0.5,1,0.10526
-5.9843,1.5261,5.565,0.59124,0.023456,0.0063406,0.0063406,0.001714,0.33333,1,0.15789
-5.9843,1.7261,3.9272,0.33168,0.17939,0.052449,0.052449,0.015527,0.27272,1,0.28947
-5.9843,1.7261,6.035,0.85259,0.15728,0.060081,0.060081,0.041399,0.54546,1,0.28947
-5.9843,1.9261,2.8205,0.55407,2.513,-0.37557,-0.37557,0.09845,1,1,0.23684
-5.9843,2.1261,3.9708,0.64454,0.88521,-0.22383,-0.22383,0.12022,1,1,0.15789
-5.9843,2.3261,4.3038,0.33969,0.0001641,-0.00090528,-0.00090528,0.0049942,0.5,1,0.10526
-5.9843,2.5261,1.2161,0.48614,1.5529,0.19313,0.19313,0.14202,1,1,0.26316
-5.9843,2.7261,1.3015,0.44577,1.4688,0.13875,0.13875,0.11432,1,1,0.34211
-5.9843,2.9261,0.85752,0.43913,1.1289,-0.054185,-0.054185,0.11451,1,1,0.28947
-5.9843,3.1261,0.93622,0.16383,1.1004,-0.0062071,-0.0062071,0.012445,1,1,0.15789
-5.7843,-2.274,0.23858,1.0962,0.01686,0.012533,0.012533,0.0093161,0.5,1,0.10526
-5.7843,-0.27395,3.2463,1.0901,0.55285,0.015949,0.015949,0.0004601,0.5,1,0.10526
-5.7843,1.5261,4.8151,0.73263,2.0391,0.23598,0.23598,0.043422,1,1,0.18421
-5.7843,2.1261,4.5157,0.66466,2.2499,-0.086055,-0.086055,0.095253,1,1,0.15789
-5.7843,2.3261,2.9767,0.79188,4.547,-0.52415,-0.52415,0.11038,1,1,0.13158
-5.7843,2.5261,3.2006,0.34779,15.27,-1.2129,-1.2129,0.1054,1,1,0.23684
-5.7843,2.7261,6.0207,0.39978,3.205,-0.32946,-0.32946,0.11731,1,1,0.44737
-5.7843,2.9261,0.37606,0.31752,1.1579,-0.10793,-0.10793,0.081068,1,1,0.26316
-5.7843,3.1261,5.8396,0.16357,0.001313,-0.0011535,-0.0011535,0.0010135,0.33333,1,0.15789
-5.5843,-2.4739,0.22127,1.0966,0.052739,0.021947,0.021947,0.012631,0.625,1,0.21053
-5.5843,-1.2739,0.43181,1.2648,0.0083613,-0.0033526,-0.0033526,0.0013443,0.5,1,0.10526
-5.5843,1.5261,6.0239,0.84503,0.01217,0.0041514,0.0041514,0.0033793,0.375,1,0.21053
-5.5843,2.3261,2.6141,0.92866,0.010052,-0.012365,-0.012365,0.015209,0.5,1,0.10526
-5.5843,2.5261,5.958,0.39679,1.9305,-0.47372,-0.47372,0.15899,0.66935,1,0.23684
-5.5843,2.5261,2.855,0.81859,0.12225,-0.060881,-0.060881,0.034116,0.33065,1,0.23684
-5.5843,2.7261,6.1831,0.5446,2.9121,-0.31114,-0.31114,0.12795,1,1,0.28947
-5.3843,-2.4739,0.14257,1.0881,0.035261,0.020026,0.020026,0.01839,0.57143,1,0.18421
-5.3843,-2.274,3.7407,1.0321,0.012838,-0.0030326,-0.0030326,0.00071637,0.22222,1,0.23684
-5.3843,-2.274,0.30221,1.1769,0.044284,0.01668,0.01668,0.0097534,0.44444,1,0.23684
-5.3843,-0.07395,4.7477,1.1704,1.4745,0.070267,0.070267,0.0033945,0.8,1,0.13158
-5.3843,1.5261,6.0335,0.87943,0.017973,0.0052279,0.0052279,0.0015206,0.33333,1,0.15789
-5.3843,1.9261,3.3628,0.76738,0.0020867,0.00094809,0.00094809,0.00043077,0.28571,1,0.18421
-5.3843,2.1261,3.0804,0.80537,0.13944,-0.017487,-0.017487,0.0027211,0.42857,1,0.18421
-5.3843,2.7261,5.9126,0.69753,1.3458,-0.080853,-0.080853,0.05211,1,1,0.21053
-5.3843,2.9261,6.2261,0.97107,0.0020048,-0.003169,-0.003169,0.0050091,0.5,1,0.10526
-5.1843,-2.0739,3.4928,1.1147,0.015186,-0.0071108,-0.0071108,0.012853,0.66667,1,0.15789
-5.1843,-1.0739,0.40994,1.285,0.021802,-0.0056847,-0.0056847,0.0014823,0.5,1,0.10526
-5.1843,2.1261,4.3903,0.92943,2.2796,-0.058128,-0.058128,0.031554,1,1,0.18421
-4.9843,-1.0739,2.4774,1.2541,2.0572,-0.044836,-0.044836,0.0091942,1,1,0.15789
-4.9843,0.92605,4.9686,1.2465,2.4123,-0.11133,-0.11133,0.011354,1,1,0.10526
-4.9843,2.1261,3.7409,0.98318,2.9688,-0.047842,-0.047842,0.014302,1,1,0.15789
-4.7843,1.7261,4.2517,1.0733,2.1124,-0.22943,-0.22943,0.044859,1,1,0.10526
-4.7843,1.9261,3.8514,1.0561,1.843,-0.15905,-0.15905,0.035771,1,1,0.15789
-4.7843,2.1261,5.0851,1.0134,6.9159,0.50731,0.50731,0.039148,1,1,0.13158
-4.5843,-0.87395,3.2557,1.211,0.028476,0.0088176,0.0088176,0.018698,0.57143,1,0.18421
-4.5843,-0.67395,6.1911,1.1949,0.40977,-0.007866,-0.007866,0.00015178,0.6,1,0.13158
-4.5843,-0.47395,0.26048,1.1885,0.24173,-0.0050543,-0.0050543,0.00010568,0.5,1,0.10526
-4.5843,1.9261,0.66645,1.0216,2.4119,0.020544,0.020544,0.02477,1,1,0.15789
-4.3843,-2.0739,5.0994,1.2474,2.861,-0.030189,-0.030189,0.0017389,1,1,0.10526
-4.3843,-0.87395,5.0675,1.2126,2.1226,0.13964,0.13964,0.011105,1,1,0.13158
-4.3843,1.3261,3.5045,1.2435,0.0026112,-0.00088403,-0.00088403,0.00029929,0.4,1,0.13158
-4.3843,1.5261,0.56393,1.0615,11.747,-0.92003,-0.92003,0.076608,1,1,0.21053
-4.3843,1.7261,4.0332,1.3303,1.1878,-0.075424,-0.075424,0.0048105,0.75,1,0.10526
-4.1843,-2.4739,0.13338,1.1404,0.0027451,0.0015238,0.0015238,0.00086265,0.6,1,0.13158
-4.1843,0.52605,6.1947,1.1793,0.14097,-0.0023116,-0.0023116,0.0015417,0.8,1,0.13158
-4.1843,1.1261,5.1147,1.1541,2.6198,-0.052548,-0.052548,0.016483,1,1,0.15789
-4.1843,1.5261,4.3087,1.1316,1.8604,-0.12278,-0.12278,0.034636,1,1,0.18421
-3.9843,-1.6739,4.7324,1.157,1.7888,-0.10881,-0.10881,0.011162,1,1,0.10526
-3.9843,-0.87395,0.01057,1.2912,0.063318,0.01396,0.01396,0.003078,0.5,1,0.10526
-3.9843,-0.07395,1.9708,1.1412,1.3291,-0.0045125,-0.0045125,0.00038013,0.8,1,0.13158
-3.9843,1.1261,4.8751,1.1121,1.92,0.020926,0.020926,0.024702,1,1,0.18421
-3.9843,1.3261,3.6955,1.1669,0.029958,0.0038018,0.0038018,0.00048246,0.4,1,0.13158
-3.7843,-2.4739,5.5277,1.2235,1.8358,-0.035579,-0.035579,0.0006951,0.75,1,0.10526
-3.7843,-0.87395,2.7749,1.0958,3.4237,-0.19337,-0.19337,0.014124,1,1,0.15789
-3.7843,0.12605,5.9821,1.2284,1.1747,-0.061635,-0.061635,0.0055906,1,1,0.15789
-3.7843,0.32605,6.1233,1.2305,0.40819,-0.014501,-0.014501,0.0028516,1,1,0.13158
-3.7843,1.1261,0.2569,1.1236,0.0065076,-0.0056699,-0.0056699,0.00494,0.5,1,0.10526
-3.7843,1.7261,3.911,1.0878,1.8772,0.043702,0.043702,0.010529,1,1,0.13158
-3.7843,2.5261,6.2454,1.1646,0.066378,0.021405,0.021405,0.0069023,0.5,1,0.10526
-3.5843,-1.6739,4.736,1.1624,1.5852,-0.12781,-0.12781,0.014404,1,1,0.10526
-3.5843,-0.67395,2.5165,1.1387,3.3519,-0.23642,-0.23642,0.021784,1,1,0.23684
-3.5843,0.32605,5.6925,1.224,2.0463,-0.073122,-0.073122,0.0030048,1,1,0.18421
-3.5843,1.1261,0.2959,1.0874,0.023365,-0.019206,-0.019206,0.015787,0.5,1,0.15789
-3.5843,1.3261,0.21447,1.1544,0.015154,-0.012447,-0.012447,0.010224,0.5,1,0.10526
-3.5843,1.7261,4.3558,1.1617,2.0199,0.15961,0.15961,0.026717,1,1,0.15789
-3.5843,2.3261,0.00156,1.174,0.088221,0.027467,0.027467,0.0085516,0.5,1,0.10526
-3.3843,-0.67395,4.2195,1.2019,1.7299,0.09988,0.09988,0.0098601,1,1,0.13158
-3.3843,1.1261,0.14911,1.1341,4.5479,-0.31166,-0.31166,0.031454,1,1,0.10526
-3.3843,1.9261,3.9211,1.2246,1.2358,0.11775,0.11775,0.027,1,1,0.13158
-3.1843,-2.4739,0.35994,1.1963,0.032736,-0.012389,-0.012389,0.0047195,0.6,1,0.13158
-3.1843,-2.274,0.23963,1.2431,0.0056806,-0.0016679,-0.0016679,0.00048974,0.33333,1,0.15789
-3.1843,1.3261,1.724,1.1176,2.1166,0.12275,0.12275,0.018509,1,1,0.10526
-3.1843,2.5261,1.1683,1.316,1.7864,-0.0092598,-0.0092598,0.00022045,0.75,1,0.10526
-2.9843,-2.274,0.84445,1.0575,2.4104,0.034127,0.034127,0.0010762,0.8,1,0.13158
-2.9843,-2.0739,0.47782,1.0494,1.2354,0.033318,0.033318,0.0032027,1,1,0.13158
-2.9843,0.12605,3.1572,1.2277,0.42515,-0.082984,-0.082984,0.0162,0.75,1,0.10526
-2.9843,1.1261,0.26872,1.3872,0.019757,0.0057053,0.0057053,0.0016475,0.33333,1,0.15789
-2.9843,1.3261,5.9931,1.2255,3.9127,-0.18048,-0.18048,0.014564,1,1,0.15789
-2.7843,-2.274,0.6892,1.1372,0.46105,-0.052979,-0.052979,0.0071761,0.66667,1,0.15789
-2.7843,-1.8739,0.76333,1.0746,2.9746,0.21663,0.21663,0.016165,1,1,0.13158
-2.7843,-0.27395,0.85584,1.3203,1.2563,0.00089265,0.00089265,0.0011491,0.75,1,0.10526
-2.7843,0.12605,5.9373,1.1905,2.0238,0.051144,0.051144,0.0089636,1,1,0.10526
-2.7843,1.3261,0.40968,1.1882,0.027151,-0.013514,-0.013514,0.0070496,0.55556,1,0.23684
-2.5843,-2.4739,6.2767,1.1665,0.12014,0.042495,0.042495,0.015231,0.5,1,0.15789
-2.5843,-2.274,0.82535,1.1043,6.4416,-0.39788,-0.39788,0.032713,1,1,0.21053
-2.5843,-2.0739,1.0561,1.0109,2.2806,0.14451,0.14451,0.013057,1,1,0.13158
-2.5843,-1.8739,0.32217,1.1012,0.0096261,-0.0042691,-0.0042691,0.013225,0.6,1,0.13158
-2.5843,-0.87395,2.4944,1.2557,0.99161,0.039344,0.039344,0.001561,0.5,1,0.10526
-2.5843,-0.47395,1.0948,1.2306,2.1076,-0.072917,-0.072917,0.0040546,1,1,0.10526
-2.5843,-0.27395,1.4297,1.2429,2.6384,-0.086572,-0.086572,0.01581,1,1,0.18421
-2.5843,-0.07395,2.1082,1.1808,1.6839,-0.099983,-0.099983,0.015252,1,1,0.13158
-2.5843,0.12605,1.5108,1.1844,1.8563,-0.017569,-0.017569,0.00025472,0.75,1,0.10526
-2.5843,1.3261,1.2269,1.1359,1.4652,0.007805,0.007805,0.00017862,0.57143,1,0.18421
-2.5843,2.5261,3.1382,1.3022,0.022612,-0.0030721,-0.0030721,0.00041739,0.33333,1,0.15789
-2.3843,-2.4739,2.4857,0.90231,0.030398,-0.0080744,-0.0080744,0.0021544,0.5,1,0.15789
-2.3843,0.92605,1.2966,1.14,1.4366,-0.019411,-0.019411,0.0028186,1,1,0.13158
-2.3843,1.5261,0.75371,1.2388,1.4467,-0.017538,-0.017538,0.025279,1,1,0.31579
-2.3843,1.7261,0.23374,1.2172,0.098177,-0.051236,-0.051236,0.030073,0.9,1,0.26316
-2.3843,1.9261,5.2734,1.2384,1.74,-0.044221,-0.044221,0.0011244,0.75,1,0.10526
-2.1843,-2.0739,5.9534,0.86359,0.12679,0.017119,0.017119,0.0032761,0.5,1,0.15789
-2.1843,-0.47395,2.7993,1.2772,4.495,-0.030851,-0.030851,0.00027435,1,1,0.10526
-2.1843,1.7261,0.49523,1.0885,0.11879,-0.035844,-0.035844,0.031287,1,1,0.15789
-1.9843,-3.274,0.91852,0.45564,1.9867,0.13623,0.13623,0.028668,1,1,0.13158
-1.9843,-3.0739,5.362,0.52607,0.022897,0.03485,0.03485,0.053967,0.66667,1,0.15789
-1.9843,-2.8739,5.4896,0.71705,0.0013798,0.0007091,0.0007091,0.00036443,0.4,1,0.13158
-1.9843,-2.0739,0.56225,0.89481,1.4093,0.0073885,0.0073885,0.00027388,0.75,1,0.10526
-1.9843,-1.2739,3.4115,1.2884,0.035846,-0.0067968,-0.0067968,0.0018323,0.6,1,0.13158
-1.9843,-1.0739,2.4698,1.2939,1.7158,-0.018732,-0.018732,0.0017927,0.83333,1,0.15789
-1.9843,-0.47395,4.647,1.2672,2.041,0.024864,0.024864,0.00080178,1,1,0.10526
-1.9843,1.1261,1.9786,1.1232,2.2784,-0.11312,-0.11312,0.0091337,1,1,0.15789
-1.9843,1.7261,0.37341,1.0924,0.0098446,0.0025144,0.0025144,0.0011919,0.66667,1,0.15789
-1.9843,1.9261,0.32785,1.0907,0.027961,-0.0094023,-0.0094023,0.01073,0.71429,1,0.18421
-1.7843,-3.8739,6.1835,0.075588,0.027456,-0.0041716,-0.0041716,0.00063534,0.5,1,0.21053
-1.7843,-3.674,0.9017,0.24388,4.0451,0.24436,0.24436,0.042734,1,1,0.36842
-1.7843,-3.4739,1.3761,0.34293,0.96656,-0.00065301,-0.00065301,0.0014148,0.66667,1,0.15789
-1.7843,-3.274,0.58883,0.52939,0.70373,0.019624,0.019624,0.045319,1,1,0.15789
-1.7843,-3.0739,5.7229,0.51217,0.029515,-0.037697,-0.037697,0.048561,0.5,1,0.21053
-1.7843,-1.8739,0.27708,1.2952,0.018665,0.0017979,0.0017979,0.00017319,0.4,1,0.13158
-1.7843,-1.0739,3.1993,1.2221,0.27666,-0.03215,-0.03215,0.0098985,1,1,0.10526
-1.7843,1.3261,0.11411,1.3085,0.11122,-0.038045,-0.038045,0.017388,0.83333,1,0.15789
-1.7843,1.7261,0.37101,1.0936,0.010195,0.0024609,0.0024609,0.0011636,0.57143,1,0.18421
-1.7843,1.9261,0.2107,1.1149,0.058191,-0.023793,-0.023793,0.013918,0.83333,1,0.15789
-1.7843,2.7261,1.6895,0.83979,2.1181,-0.40041,-0.40041,0.17875,1,1,0.15789
-1.7843,2.9261,3.4148,0.72507,4.0933,0.76215,0.76215,0.19735,1,1,0.18421
-1.5843,-3.8739,3.9898,0.1594,2.4561,-0.099162,-0.099162,0.019076,0.85715,1,0.36842
-1.5843,-3.8739,1.3816,0.09349,0.031846,0.0082767,0.0082767,0.0021511,0.14285,1,0.36842
-1.5843,-3.674,4.1097,0.21602,2.9277,0.064227,0.064227,0.022697,1,1,0.65789
-1.5843,-3.4739,1.9141,0.2518,0.10824,0.01039,0.01039,0.0072735,0.3326,1,0.47368
-1.5843,-3.4739,5.2623,0.33023,0.63413,0.015424,0.015424,0.024396,0.6674,1,0.47368
-1.5843,-3.274,5.1083,0.72462,0.19385,0.018878,0.018878,0.02943,0.35715,1,0.36842
-1.5843,-3.274,1.4611,0.51025,0.22742,-0.0061718,-0.0061718,0.050784,0.64285,1,0.36842
-1.5843,-3.0739,1.0526,0.64769,0.55661,0.024899,0.024899,0.033988,1,1,0.26316
-1.5843,-2.8739,2.3197,0.9047,2.3891,0.31997,0.31997,0.07756,1,1,0.18421
-1.5843,-2.4739,5.5526,1.3458,1.0613,-0.067323,-0.067323,0.0042706,0.5,1,0.10526
-1.5843,-1.4739,0.13442,1.2275,0.0001131,-0.00041455,-0.00041455,0.0015194,0.5,1,0.10526
-1.5843,1.3261,1.8271,1.1942,2.6363,-0.093808,-0.093808,0.012633,1,1,0.21053
-1.5843,1.7261,0.23355,1.15,0.024669,-0.0081155,-0.0081155,0.0038646,0.6,1,0.13158
-1.5843,1.9261,0.29307,1.124,0.024024,-0.011257,-0.011257,0.0075652,0.83333,1,0.15789
-1.5843,2.3261,3.0857,1.3449,0.0020209,-0.0045061,-0.0045061,0.012493,0.75,1,0.10526
-1.5843,2.7261,2.6336,0.59675,4.5559,0.82047,0.82047,0.21063,1,1,0.28947
-1.5843,2.9261,0.089492,1.2861,0.012892,-0.0040577,-0.0040577,0.001554,0.33328,1,0.23684
-1.5843,2.9261,1.6413,0.48827,2.3263,0.07094,0.07094,0.077534,0.66672,1,0.23684
-1.3843,-3.8739,4.7019,0.13551,2.2887,-0.033635,-0.033635,0.016219,1,1,0.28947
-1.3843,-3.674,5.0695,0.18901,2.653,-0.043693,-0.043693,0.035061,1,1,1
-1.3843,-3.4739,5.0598,0.38795,0.14621,-0.072639,-0.072639,0.10775,0.5498,1,0.52632
-1.3843,-3.4739,1.8825,0.29461,0.81432,-0.096257,-0.096257,0.029286,0.4502,1,0.52632
-1.3843,-3.274,2.19,0.51851,0.043688,0.027268,0.027268,0.044491,0.6,1,0.26316
-1.3843,-3.0739,0.89783,0.76357,1.5407,-0.25001,-0.25001,0.066986,1,1,0.34211
-1.3843,-2.8739,0.48703,0.8062,1.6796,-0.28393,-0.28393,0.07329,1,1,0.36842
-1.3843,-2.6739,6.0777,0.90721,1.7702,-0.21522,-0.21522,0.054754,1,1,0.18421
-1.3843,-2.4739,5.717,1.1744,1.8212,-0.1967,-0.1967,0.045909,1,1,0.10526
-1.3843,-2.274,3.9563,1.3951,0.32049,0.0090579,0.0090579,0.000256,0.5,1,0.10526
-1.3843,-1.4739,0.42542,1.1792,0.12781,0.037535,0.037535,0.014912,0.8,1,0.13158
-1.3843,-1.2739,1.7263,1.2389,2.6895,0.13847,0.13847,0.014761,1,1,0.18421
-1.3843,1.3261,0.16244,1.2914,0.091492,-0.02624,-0.02624,0.015507,0.66667,1,0.23684
-1.3843,1.5261,6.2629,1.2659,0.010797,-0.0065155,-0.0065155,0.0050635,0.57143,1,0.18421
-1.3843,1.9261,0.15783,1.1672,0.053839,-0.009379,-0.009379,0.0033291,0.83333,1,0.15789
-1.3843,2.3261,3.0857,1.3449,0.0020209,-0.0045061,-0.0045061,0.012493,0.6,1,0.13158
-1.3843,2.5261,3.2988,1.2155,0.053424,-0.024838,-0.024838,0.026836,0.83333,1,0.15789
-1.3843,2.7261,3.1623,1.0789,0.12298,0.022591,0.022591,0.0056574,0.5,1,0.21053
-1.3843,2.9261,0.0094329,0.48954,4.3759,-0.5644,-0.5644,0.073716,0.83333,1,0.15789
-1.1843,-3.8739,3.417,0.12657,7.5187,-0.2174,-0.2174,0.0071344,1,1,0.23684
-1.1843,-3.674,4.9547,0.22886,2.4598,-0.039451,-0.039451,0.059109,1,1,0.92105
-1.1843,-3.4739,0.28548,0.19536,0.45261,0.015666,0.015666,0.028442,0.35645,1,0.84211
-1.1843,-3.4739,3.7235,0.45543,0.88241,0.066882,0.066882,0.12308,0.64355,1,0.84211
-1.1843,-3.274,2.6463,0.67117,1.677,0.29775,0.29775,0.12306,1,1,0.28947
-1.1843,-3.0739,1.3501,0.6194,0.45072,-0.010967,-0.010967,0.0012845,0.625,1,0.21053
-1.1843,-2.8739,1.0255,0.76454,2.1978,0.28506,0.28506,0.049272,1,1,0.21053
-1.1843,-2.6739,0.9704,0.88403,0.021531,-0.0025362,-0.0025362,0.030882,0.875,1,0.21053
-1.1843,-1.8739,4.5295,1.2636,3.6055,0.017622,0.017622,0.0002311,0.75,1,0.10526
-1.1843,-1.6739,0.1418,1.2651,2.0467,0.0064701,0.0064701,0.00018015,0.66667,1,0.15789
-1.1843,-1.2739,0.28692,1.1778,0.0092843,-0.0062245,-0.0062245,0.0041732,0.33333,1,0.15789
-1.1843,-1.0739,0.29361,1.2885,7.353,0.15597,0.15597,0.0037718,1,1,0.18421
-1.1843,-0.87395,0.60713,1.2809,0.23109,0.014544,0.014544,0.0014076,0.6,1,0.13158
-1.1843,1.3261,3.3127,1.2008,0.012875,0.0045568,0.0045568,0.0031737,0.5,1,0.15789
-1.1843,1.5261,3.7425,1.2354,3.816,0.22727,0.22727,0.021008,1,1,0.15789
-1.1843,1.9261,0.22167,1.1262,0.0078658,-0.00011739,-0.00011739,0.00023633,0.66667,1,0.15789
-1.1843,2.7261,3.0352,1.0039,0.1039,0.0047608,0.0047608,0.00037623,0.5,1,0.15789
-1.1843,2.9261,0.070122,1.0829,0.022902,-0.0071811,-0.0071811,0.11738,1,1,0.10526
-0.98434,-3.8739,1.1871,0.19428,2.7121,-0.13526,-0.13526,0.027726,1,1,0.44737
-0.98434,-3.674,0.14078,0.29275,4.457,-0.27283,-0.27283,0.074869,1,1,1
-0.98434,-3.4739,3.5438,0.58988,0.89493,-0.035004,-0.035004,0.10992,0.69766,1,0.60526
-0.98434,-3.4739,0.27767,0.28227,0.078984,0.043437,0.043437,0.034931,0.30234,1,0.60526
-0.98434,-3.274,3.421,0.73635,1.5625,0.21952,0.21952,0.10128,1,1,0.26316
-0.98434,-3.0739,5.4365,0.40406,1.7971,0.081655,0.081655,0.074662,1,1,0.21053
-0.98434,-2.8739,5.1093,0.47855,1.555,0.15904,0.15904,0.15929,1,1,0.28947
-0.98434,-2.6739,0.85316,0.80238,0.00097128,-0.00077475,-0.00077475,0.00088708,0.6,1,0.13158
-0.98434,-2.274,1.1944,1.11,0.38225,-0.081492,-0.081492,0.040291,1,1,0.18421
-0.98434,-2.0739,1.6288,1.2018,1.1488,0.10404,0.10404,0.03064,1,1,0.13158
-0.98434,-1.0739,3.4433,1.2414,0.00046601,-5.3008e-05,-5.3008e-05,0.00082505,0.42857,1,0.18421
-0.98434,-0.87395,2.4746,1.249,2.6398,-0.040301,-0.040301,0.0021113,1,1,0.18421
-0.98434,-0.67395,3.608,1.2076,0.23191,-0.0087972,-0.0087972,0.00052127,0.6,1,0.13158
-0.98434,-0.27395,4.2034,1.2897,1.3029,0.020055,0.020055,0.0032021,1,1,0.13158
-0.98434,-0.07395,4.5223,1.2652,1.7024,0.03711,0.03711,0.0087663,1,1,0.18421
-0.98434,1.3261,0.061593,1.2343,0.015533,-0.0076145,-0.0076145,0.013994,0.66667,1,0.15789
-0.98434,1.5261,5.3733,1.1433,1.2609,-0.039777,-0.039777,0.003155,1,1,0.13158
-0.98434,1.7261,6.1327,1.1536,0.026507,0.0069634,0.0069634,0.0018293,0.5,1,0.10526
-0.98434,1.9261,0.16111,1.1609,0.018206,-0.0057409,-0.0057409,0.0022737,0.55556,1,0.23684
-0.98434,2.1261,1.8986,0.27334,0.091038,-0.015463,-0.015463,0.0064925,0.42857,1,0.18421
-0.98434,2.3261,0.46666,0.61641,0.0015551,0.0038885,0.0038885,0.0097229,0.25,1,0.21053
-0.98434,2.7261,3.8239,0.88089,4.7227,-0.65345,-0.65345,0.11584,1,1,0.21053
-0.98434,2.9261,5.4134,0.98227,1.3556,0.15777,0.15777,0.089033,1,1,0.18421
-0.78434,-3.8739,0.45992,0.13096,1.8955,-0.049488,-0.049488,0.017154,1,1,0.5
-0.78434,-3.674,0.64523,0.25345,2.8289,-0.22338,-0.22338,0.070895,1,1,0.89474
-0.78434,-3.4739,0.072758,0.39774,4.9785,-0.40201,-0.40201,0.06937,1,1,0.63158
-0.78434,-3.274,0.10093,0.43977,3.7784,-0.40818,-0.40818,0.089145,1,1,0.63158
-0.78434,-3.0739,1.5396,0.48243,6.0789,0.55561,0.55561,0.087902,1,1,0.42105
-0.78434,-2.8739,4.2751,0.10651,0.21546,0.012213,0.012213,0.0017968,0.41667,1,0.31579
-0.78434,-2.6739,1.2254,0.76069,3.3721,-0.51902,-0.51902,0.11219,1,1,0.15789
-0.78434,-2.4739,1.681,0.98749,1.3842,0.14334,0.14334,0.044974,1,1,0.15789
-0.78434,-2.274,0.76984,1.2427,0.0020008,-0.0043686,-0.0043686,0.0095385,0.5,1,0.10526
-0.78434,-2.0739,1.3671,1.2587,0.41221,-0.052413,-0.052413,0.0066643,0.5,1,0.10526
-0.78434,-1.6739,0.18076,1.306,0.0066048,0.0010764,0.0010764,0.00017543,0.5,1,0.10526
-0.78434,-0.27395,0.013283,1.2319,0.0049378,-0.0010007,-0.0010007,0.0010171,0.5,1,0.15789
-0.78434,-0.07395,4.1988,1.2228,1.4348,-0.036289,-0.036289,0.0022742,1,1,0.13158
-0.78434,1.3261,6.2715,1.3347,0.016743,-0.0076353,-0.0076353,0.011181,0.55556,1,0.23684
-0.78434,1.5261,3.2313,1.2386,4.0314,-0.16774,-0.16774,0.010611,1,1,0.26316
-0.78434,1.7261,5.7548,0.9055,4.5779,-0.638,-0.638,0.10754,1,1,0.10526
-0.78434,1.9261,5.1575,0.81901,5.3944,0.67725,0.67725,0.13447,1,1,0.26316
-0.78434,2.1261,3.7746,0.5085,7.381,0.8866,0.8866,0.1159,0.73113,1,0.28947
-0.78434,2.1261,0.24465,1.1305,0.076025,-0.020491,-0.020491,0.0066247,0.26887,1,0.28947
-0.78434,2.3261,5.6577,0.6422,4.2069,-0.80315,-0.80315,0.17577,1,1,0.28947
-0.78434,2.5261,6.0697,0.45788,2.2261,-0.3682,-0.3682,0.098218,1,1,0.26316
-0.78434,2.7261,5.2413,0.57101,2.8406,-0.45292,-0.45292,0.11717,1,1,0.26316
-0.78434,2.9261,5.007,0.90353,1.3014,0.25543,0.25543,0.11479,1,1,0.18421
-0.58434,-3.674,1.6854,0.28018,3.9378,0.25575,0.25575,0.024906,1,1,0.31579
-0.58434,-3.4739,1.6152,0.39252,3.7014,0.15078,0.15078,0.077529,1,1,0.57895
-0.58434,-3.274,0.8951,0.38194,2.9776,-0.43697,-0.43697,0.10197,1,1,0.60526
-0.58434,-3.0739,1.596,0.29519,1.21,-0.082722,-0.082722,0.054293,0.8,1,0.65789
-0.58434,-3.0739,3.7454,0.99486,0.0075511,0.0029473,0.0029473,0.027159,0.2,1,0.65789
-0.58434,-2.8739,0.58249,0.58403,0.93999,-0.13025,-0.13025,0.082061,1,1,0.34211
-0.58434,-2.6739,2.1582,0.80268,1.9423,0.23991,0.23991,0.10467,1,1,0.23684
-0.58434,-2.4739,1.3741,0.95805,5.6469,0.49903,0.49903,0.057124,1,1,0.15789
-0.58434,-1.2739,0.48611,1.1401,0.13464,0.018875,0.018875,0.014922,0.8,1,0.13158
-0.58434,-1.0739,1.4117,1.1706,1.884,0.097518,0.097518,0.01746,1,1,0.15789
-0.58434,-0.67395,3.3251,1.2437,0.018213,0.002063,0.002063,0.0021737,0.8,1,0.13158
-0.58434,1.3261,3.1112,1.2121,0.0087259,0.0022545,0.0022545,0.00070674,0.27273,1,0.28947
-0.58434,1.5261,1.3229,1.1684,2.467,-0.013458,-0.013458,0.014895,1,1,0.21053
-0.58434,1.9261,1.8166,0.64541,2.4517,-0.72539,-0.72539,0.21972,0.64563,1,0.47368
-0.58434,1.9261,2.3149,0.42576,13.344,1.5277,1.5277,0.17906,0.35437,1,0.47368
-0.58434,2.1261,6.081,0.52705,2.6712,0.40552,0.40552,0.18235,1,1,0.39474
-0.58434,2.3261,0.34246,0.54884,0.80516,0.0295,0.0295,0.062293,0.55744,1,0.23684
-0.58434,2.3261,2.6626,1.1348,0.18831,0.047409,0.047409,0.012931,0.44256,1,0.23684
-0.58434,2.5261,0.073624,0.74741,1.1427,0.05079,0.05079,0.19969,1,1,0.21053
-0.58434,3.5261,4.5747,0.18276,1.2196,-0.11833,-0.11833,0.012603,1,1,0.18421
-0.38434,-3.4739,3.8695,0.34148,0.0060636,0.00079819,0.00079819,0.00010606,0.42857,1,0.18421
-0.38434,-3.274,0.73453,0.52121,3.3879,-0.35219,-0.35219,0.071895,1,1,0.31579
-0.38434,-3.0739,0.36273,0.45532,4.1273,-0.57324,-0.57324,0.12959,1,1,0.55263
-0.38434,-2.8739,1.6959,0.69803,3.0438,0.26434,0.26434,0.086024,1,1,0.42105
-0.38434,-2.4739,3.5635,0.75321,0.00054569,0.0012902,0.0012902,0.0030504,0.5,1,0.10526
-0.38434,-1.8739,3.8992,1.355,0.17258,-0.036404,-0.036404,0.007679,0.5,1,0.10526
-0.38434,-1.0739,1.4512,1.1707,2.1667,0.12316,0.12316,0.020793,1,1,0.15789
-0.38434,-0.67395,3.6111,1.2169,2.86,0.15984,0.15984,0.012771,1,1,0.10526
-0.38434,-0.27395,2.9715,1.1849,3.4845,0.07263,0.07263,0.002009,1,1,0.13158
-0.38434,-0.07395,3.0868,1.1797,2.9714,0.057592,0.057592,0.0018047,0.85714,1,0.18421
-0.38434,1.3261,3.8068,1.2112,4.1873,0.057368,0.057368,0.010874,1,1,0.28947
-0.38434,1.5261,2.0798,0.86333,0.18431,-0.022331,-0.022331,0.0027056,0.28571,1,0.18421
-0.38434,1.7261,2.2364,0.93075,1.8145,-0.047185,-0.047185,0.046993,1,1,0.18421
-0.38434,1.9261,0.94643,0.50593,8.3269,1.1734,1.1734,0.1973,1,1,0.42105
-0.38434,2.1261,0.41758,0.53796,2.6935,0.55614,0.55614,0.18951,1,1,0.34211
-0.38434,2.3261,0.94937,0.54188,1.5848,0.43194,0.43194,0.15935,1,1,0.31579
-0.38434,2.5261,0.77923,0.74541,1.2003,-0.015016,-0.015016,0.11661,1,1,0.23684
-0.38434,2.9261,3.8468,0.62667,2.1957,0.60036,0.60036,0.23092,1,1,0.13158
-0.38434,3.3261,4.3384,0.37512,1.5296,-0.18969,-0.18969,0.082314,1,1,0.21053
-0.38434,3.5261,6.0612,0.20884,2.5031,0.15279,0.15279,0.014754,1,1,0.26316
-0.18434,-3.274,3.7035,0.69393,0.012675,0.018275,0.018275,0.088397,0.71429,1,0.18421
-0.18434,-3.0739,0.38181,0.54843,0.096785,0.031997,0.031997,0.019834,0.46154,1,0.34211
-0.18434,-3.0739,3.7617,0.88126,0.020114,0.034229,0.034229,0.0855,0.53846,1,0.34211
-0.18434,-2.8739,3.6931,1.0783,0.010052,0.0088294,0.0088294,0.0077554,0.18182,1,0.28947
-0.18434,-2.8739,0.52229,0.59291,0.12944,0.030909,0.030909,0.032422,0.63636,1,0.28947
-0.18434,-2.6739,1.6368,0.85214,2.1122,0.13593,0.13593,0.054381,1,1,0.26316
-0.18434,-1.8739,5.0697,1.2418,2.5141,-0.14383,-0.14383,0.022517,1,1,0.13158
-0.18434,-1.4739,0.15841,1.2055,0.0028903,0.0035779,0.0035779,0.032609,0.6,1,0.13158
-0.18434,-1.2739,5.0171,1.1377,1.4029,-0.087484,-0.087484,0.014906,1,1,0.13158
-0.18434,-0.27395,2.044,1.2004,3.4554,-0.046811,-0.046811,0.0011937,1,1,0.15789
-0.18434,-0.07395,3.3244,1.1849,0.074039,-0.0038373,-0.0038373,0.00028921,0.5,1,0.15789
-0.18434,0.12605,2.8754,1.1423,1.1764,0.017124,0.017124,0.0010601,0.8,1,0.13158
-0.18434,0.32605,2.0808,1.1175,1.2467,-0.0019445,-0.0019445,0.0001011,0.75,1,0.10526
-0.18434,1.3261,3.6582,1.2108,4.3197,0.16158,0.16158,0.023121,1,1,0.31579
-0.18434,1.5261,3.108,1.1379,0.024263,0.014137,0.014137,0.018229,0.625,1,0.21053
-0.18434,1.9261,3.1539,1.0892,0.00057637,-0.0006398,-0.0006398,0.00071022,0.22222,1,0.23684
-0.18434,2.1261,0.021587,1.1358,0.0026006,0.0026797,0.0026797,0.002811,0.375,1,0.21053
-0.18434,2.3261,5.7121,0.53772,1.5321,-0.21121,-0.21121,0.16474,1,1,0.28947
-0.18434,2.5261,0.50497,0.68882,1.7064,0.079883,0.079883,0.17578,1,1,0.21053
-0.18434,2.7261,1.0209,0.91011,1.6912,-0.14062,-0.14062,0.096759,1,1,0.18421
-0.18434,2.9261,3.9554,0.55156,2.2681,0.51318,0.51318,0.17192,1,1,0.28947
-0.18434,3.1261,3.2355,0.50821,2.6619,0.41708,0.41708,0.13118,1,1,0.42105
-0.18434,3.3261,5.1963,0.27269,0.80328,0.098898,0.098898,0.026173,0.40606,1,0.63158
-0.18434,3.3261,2.5418,0.28548,0.79124,0.10519,0.10519,0.035109,0.59394,1,0.63158
-0.18434,3.5261,2.8256,0.2203,1.2249,0.049456,0.049456,0.015867,0.75055,1,0.31579
-0.18434,3.5261,5.8752,0.21592,0.092691,0.014347,0.014347,0.0022513,0.24945,1,0.31579
0.01566,-2.8739,0.44039,0.57589,0.079307,-0.036788,-0.036788,0.048298,0.7,1,0.26316
0.01566,-2.6739,5.9029,0.80627,2.4143,-0.39814,-0.39814,0.10287,1,1,0.31579
0.01566,-2.4739,1.9067,0.81016,2.091,0.22876,0.22876,0.077328,1,1,0.23684
0.01566,-2.274,3.664,1.2072,0.019876,0.0063535,0.0063535,0.0027306,0.42857,1,0.18421
0.01566,-0.87395,3.2601,1.3061,0.012627,-0.0010302,-0.0010302,0.00014961,0.6,1,0.13158
0.01566,-0.47395,3.3661,1.1737,0.051896,0.0074527,0.0074527,0.0010703,0.4,1,0.13158
0.01566,-0.27395,1.0089,1.2294,15.133,-0.2539,-0.2539,0.0043625,1,1,0.13158
0.01566,1.1261,2.7538,1.2069,5.0891,0.31622,0.31622,0.023305,1,1,0.10526
0.01566,1.3261,1.1525,1.1332,2.4153,-0.17318,-0.17318,0.034453,1,1,0.18421
0.01566,1.7261,2.5908,0.98898,5.1382,0.4107,0.4107,0.038544,1,1,0.10526
0.01566,1.9261,4.5485,0.9677,8.1025,-0.40248,-0.40248,0.022953,1,1,0.13158
0.01566,2.1261,3.1033,1.2012,0.0086943,-0.006679,-0.006679,0.010002,0.6,1,0.13158
0.01566,2.3261,4.8797,0.92692,2.167,-0.464,-0.464,0.16988,1,1,0.21053
0.01566,2.5261,3.6745,0.074167,0.11163,0.0085897,0.0085897,0.00073548,0.375,1,0.21053
0.01566,2.7261,6.2449,0.85174,0.44922,-0.023576,-0.023576,0.10865,0.63741,1,0.28947
0.01566,2.7261,2.7497,0.84246,0.1756,0.017467,0.017467,0.021332,0.36259,1,0.28947
0.01566,2.9261,2.1446,0.59507,3.075,-0.2733,-0.2733,0.11995,1,1,0.44737
0.01566,3.1261,1.927,0.35151,0.76066,-0.14426,-0.14426,0.027672,0.28493,1,0.55263
0.01566,3.1261,4.8843,0.37762,3.1702,-0.3905,-0.3905,0.065113,0.71507,1,0.55263
0.01566,3.3261,1.5618,0.221,2.3999,0.032571,0.032571,0.038966,1,1,0.84211
0.01566,3.5261,1.7763,0.16897,1.9703,0.065419,0.065419,0.027221,1,1,0.39474
0.21566,-2.8739,3.7749,1.0355,0.0033881,0.00021766,0.00021766,0.018745,0.57143,1,0.18421
0.21566,-2.6739,0.50487,0.65181,0.099494,-0.055973,-0.055973,0.055147,0.625,1,0.21053
0.21566,-2.4739,5.9055,0.90168,2.0818,-0.26917,-0.26917,0.0618,1,1,0.23684
0.21566,-2.274,0.61928,0.8637,0.040265,0.0012477,0.0012477,0.0050152,0.55556,1,0.23684
0.21566,-1.6739,3.6297,1.2713,0.024483,-0.002177,-0.002177,0.0029738,0.44444,1,0.23684
0.21566,-1.6739,0.34538,1.0103,0.13084,0.0059539,0.0059539,0.00027093,0.22222,1,0.23684
0.21566,-1.4739,3.4851,1.3038,0.0069206,0.0046453,0.0046453,0.0031181,0.2,1,0.26316
0.21566,-0.67395,4.4281,1.2395,1.6608,0.060994,0.060994,0.0066149,1,1,0.15789
0.21566,-0.07395,2.1419,1.2324,1.713,-0.079574,-0.079574,0.0043528,1,1,0.13158
0.21566,0.32605,3.8222,1.1803,0.025461,0.014037,0.014037,0.0077387,0.5,1,0.10526
0.21566,1.3261,3.111,1.3159,0.029006,-0.0020082,-0.0020082,0.0010007,0.42857,1,0.18421
0.21566,1.5261,0.55971,1.0864,4.8732,-0.42957,-0.42957,0.048432,1,1,0.26316
0.21566,1.9261,6.2349,1.1314,0.0037291,0.00058637,0.00058637,0.00010776,0.375,1,0.21053
0.21566,2.1261,6.2349,1.1314,0.0037291,0.00058637,0.00058637,0.00010776,0.33333,1,0.23684
0.21566,2.3261,5.3933,0.93146,0.25213,0.04684,0.04684,0.0090681,0.375,1,0.21053
0.21566,2.5261,2.7695,0.51926,1.4822,0.0019847,0.0019847,0.18766,1,1,0.31579
0.21566,2.7261,2.9641,0.59823,1.0517,-0.15621,-0.15621,0.16871,0.76977,1,0.34211
0.21566,2.7261,5.7409,0.98627,0.1349,0.0092416,0.0092416,0.0012755,0.23023,1,0.34211
0.21566,2.9261,3.5862,0.75838,6.4288,-0.7493,-0.7493,0.095086,1,1,0.28947
0.21566,3.3261,1.1178,0.12875,1.1762,-0.0012889,-0.0012889,0.013369,0.91667,1,0.31579
0.41566,-2.6739,0.39167,0.90913,0.0076929,-0.0019718,-0.0019718,0.0011346,0.6,1,0.13158
0.41566,-2.4739,0.49396,0.84113,0.018508,-0.021178,-0.021178,0.046715,0.625,1,0.21053
0.41566,-2.274,3.7825,1.1108,0.0041091,-0.0048336,-0.0048336,0.006522,0.42857,1,0.18421
0.41566,-2.0739,3.8888,1.1032,0.067319,0.0017391,0.0017391,0.024319,0.7,1,0.26316
0.41566,-1.8739,3.684,1.21,0.04213,0.010701,0.010701,0.0031951,0.42857,1,0.18421
0.41566,-1.6739,0.52847,1.0591,2.637,-0.1488,-0.1488,0.028606,1,1,0.21053
0.41566,-1.4739,1.1521,1.1386,2.0605,0.16537,0.16537,0.038758,1,1,0.23684
0.41566,-1.2739,0.41109,1.2384,0.05518,0.0062273,0.0062273,0.00070278,0.4,1,0.13158
0.41566,-0.87395,2.0834,1.1342,1.6298,0.09698,0.09698,0.012091,1,1,0.10526
0.41566,-0.47395,3.8162,1.2304,0.018747,0.002303,0.002303,0.00028291,0.4,1,0.13158
0.41566,1.1261,0.034909,1.0491,4.5736,-0.37267,-0.37267,0.031835,0.8,1,0.13158
0.41566,1.3261,6.2365,1.214,0.01941,0.0099283,0.0099283,0.009036,0.33333,1,0.31579
0.41566,1.5261,1.44,1.0351,3.0333,-0.21211,-0.21211,0.024901,1,1,0.15789
0.41566,1.7261,1.1634,0.99678,2.5044,0.080072,0.080072,0.010321,1,1,0.15789
0.41566,1.9261,0.4715,1.0328,2.7243,-0.12399,-0.12399,0.022273,1,1,0.26316
0.41566,2.1261,3.1834,1.2021,0.032891,-0.01158,-0.01158,0.0043081,0.33333,1,0.23684
0.41566,2.3261,6.0406,1.1401,0.052385,0.019416,0.019416,0.0097595,0.22879,1,0.34211
0.41566,2.3261,2.4031,0.75477,1.9483,0.32275,0.32275,0.18064,0.77121,1,0.34211
0.41566,2.5261,2.4755,0.62421,3.1705,0.56135,0.56135,0.17099,1,1,0.21053
0.41566,3.3261,0.74006,0.40215,2.2119,0.34724,0.34724,0.10161,1,1,0.18421
0.61566,-2.6739,0.46444,0.89144,0.021656,-0.0053419,-0.0053419,0.0017903,0.66667,1,0.15789
0.61566,-2.274,0.52828,0.86155,0.015637,0.010177,0.010177,0.021999,0.44444,1,0.23684
0.61566,-2.274,3.7246,1.187,0.0020819,-0.0014611,-0.0014611,0.0011567,0.33333,1,0.23684
0.61566,-2.0739,0.60464,1.0183,0.002272,-0.0016541,-0.0016541,0.0012042,0.42857,1,0.18421
0.61566,-1.4739,3.7108,1.2608,0.027856,2.6297e-05,2.6297e-05,0.0042729,0.5,1,0.26316
0.61566,-1.2739,5.0407,1.2268,2.7861,-0.053455,-0.053455,0.0043853,1,1,0.21053
0.61566,-0.87395,0.97504,1.2015,0.1156,-0.0082739,-0.0082739,0.00059219,0.33333,1,0.15789
0.61566,-0.27395,3.5602,1.2609,0.15436,-0.0053905,-0.0053905,0.00018824,0.4,1,0.13158
0.61566,-0.07395,3.3322,1.2454,0.11332,0.0011671,0.0011671,0.0017814,0.83333,1,0.15789
0.61566,1.5261,1.8868,1.1124,2.5378,-0.13407,-0.13407,0.031654,1,1,0.18421
0.61566,1.7261,3.7063,0.62178,6.3381,-1.0571,-1.0571,0.22795,1,1,0.36842
0.61566,1.9261,0.71039,0.72262,2.5121,0.12607,0.12607,0.259,1,1,0.42105
0.61566,2.1261,6.1761,1.1352,0.011553,-0.0027449,-0.0027449,0.00090314,0.5,1,0.15789
0.61566,2.3261,3.1941,1.1797,0.019396,-0.0027244,-0.0027244,0.030199,0.5,1,0.26316
0.61566,2.5261,1.6123,0.95425,1.9716,0.12556,0.12556,0.11913,1,1,0.21053
0.61566,2.7261,0.41132,0.93519,0.89666,-0.051689,-0.051689,0.0031107,0.6,1,0.13158
0.81566,-2.6739,0.55819,0.85656,0.015515,-0.0022682,-0.0022682,0.0003316,0.5,1,0.10526
0.81566,-2.4739,0.55819,0.85656,0.015515,-0.0022682,-0.0022682,0.0003316,0.33333,1,0.15789
0.81566,-1.8739,5.3223,1.0872,2.4284,-0.048796,-0.048796,0.0024991,1,1,0.10526
0.81566,-1.6739,3.5228,1.0927,2.8995,0.23685,0.23685,0.031038,1,1,0.26316
0.81566,-1.4739,0.3565,1.0009,0.028147,-0.01865,-0.01865,0.040166,0.5,1,0.36842
0.81566,-1.4739,3.8775,1.172,0.087767,-0.019408,-0.019408,0.021992,0.5,1,0.36842
0.81566,-1.2739,4.6608,1.2264,1.9696,-0.17573,-0.17573,0.029948,0.77778,1,0.23684
0.81566,-1.2739,0.271,1.1952,0.015103,-0.0019043,-0.0019043,0.0002401,0.22222,1,0.23684
0.81566,-1.0739,0.27099,1.1952,0.015103,-0.0019043,-0.0019043,0.0002401,0.28571,1,0.18421
0.81566,-0.87395,2.5266,1.2101,2.712,0.014983,0.014983,0.00096782,0.83333,1,0.15789
0.81566,-0.67395,3.8227,1.199,3.6692,0.20897,0.20897,0.014518,1,1,0.18421
0.81566,-0.27395,4.2976,1.1865,1.7666,0.030927,0.030927,0.00054178,0.6,1,0.13158
0.81566,-0.07395,4.3793,1.2465,1.8906,0.049952,0.049952,0.0049318,1,1,0.15789
0.81566,1.3261,3.2361,1.3422,0.00028073,-0.00083674,-0.00083674,0.002494,0.28571,1,0.18421
0.81566,1.5261,0.16637,1.2565,0.0012186,-0.00095724,-0.00095724,0.011538,0.5,1,0.15789
0.81566,1.7261,0.059185,1.107,0.0095717,0.0012308,0.0012308,0.00015826,0.2,1,0.26316
0.81566,2.1261,6.2012,1.2056,0.013908,0.00027576,0.00027576,0.0066867,0.66667,1,0.15789
0.81566,2.5261,3.0368,1.0378,0.01181,-0.011952,-0.011952,0.01234,0.5,1,0.15789
1.0157,-2.274,0.36384,0.83718,0.0041056,-0.0016531,-0.0016531,0.00066564,0.33333,1,0.15789
1.0157,-1.8739,0.50094,0.97652,0.033699,0.0092594,0.0092594,0.011365,0.8,1,0.13158
1.0157,-1.6739,3.2226,1.071,5.315,0.47078,0.47078,0.050458,1,1,0.15789
1.0157,-1.4739,4.0572,1.1067,0.050994,0.0069365,0.0069365,0.0082056,0.44444,1,0.23684
1.0157,-1.4739,0.33844,0.95866,0.012782,-0.0076898,-0.0076898,0.030766,0.55556,1,0.23684
1.0157,-1.2739,3.9236,1.1532,0.0059255,0.0031805,0.0031805,0.0017122,0.33333,1,0.23684
1.0157,-1.0739,4.8943,1.2742,1.8369,-0.036327,-0.036327,0.0089096,1,1,0.15789
1.0157,-0.87395,3.1473,1.1942,4.6018,0.1766,0.1766,0.012818,1,1,0.21053
1.0157,-0.27395,4.0797,1.2716,1.1676,-0.030695,-0.030695,0.0075032,1,1,0.15789
1.0157,-0.07395,3.3932,1.2609,0.016354,-0.011434,-0.011434,0.010281,0.71429,1,0.18421
1.0157,0.52605,4.4715,1.2216,1.5807,0.14722,0.14722,0.024021,1,1,0.13158
1.0157,1.7261,3.809,0.65061,3.6049,-0.45141,-0.45141,0.12159,1,1,0.23684
1.0157,1.9261,4.625,0.69546,2.5454,-0.29415,-0.29415,0.1626,1,1,0.26316
1.0157,2.1261,3.2124,1.1241,0.013889,0.00011882,0.00011882,0.014226,0.42857,1,0.18421
1.0157,2.3261,3.1086,1.0412,0.017758,0.0059229,0.0059229,0.019879,0.375,1,0.21053
1.0157,2.5261,2.9602,1.1145,0.00010671,-0.00030458,-0.00030458,0.00086937,0.22222,1,0.23684
1.2157,-2.274,0.5325,0.88723,0.024002,0.0013135,0.0013135,0.0084921,0.71429,1,0.18421
1.2157,-2.0739,0.41353,0.90848,0.023469,0.011189,0.011189,0.0055749,0.625,1,0.21053
1.2157,-1.8739,3.9125,1.2511,0.083845,-0.00048249,-0.00048249,0.002852,0.625,1,0.21053
1.2157,-1.6739,3.6911,1.1897,3.414,0.34196,0.34196,0.03895,0.66669,1,0.23684
1.2157,-1.6739,0.49254,1.0956,0.00044082,-0.0010372,-0.0010372,0.002678,0.33331,1,0.23684
1.2157,-1.4739,4.6056,1.0987,3.9001,-0.2766,-0.2766,0.028262,1,1,0.26316
1.2157,-1.2739,4.8545,1.1025,1.7984,-0.14687,-0.14687,0.026295,1,1,0.28947
1.2157,-1.0739,4.7475,1.17,1.7216,-0.079452,-0.079452,0.026876,1,1,0.26316
1.2157,-0.87395,0.2135,1.3084,0.026089,-0.0057945,-0.0057945,0.001287,0.16667,1,0.31579
1.2157,-0.87395,4.8008,1.185,1.6613,-0.082954,-0.082954,0.019443,0.83333,1,0.31579
1.2157,-0.67395,3.4741,1.2371,0.043882,0.021189,0.021189,0.011342,0.44444,1,0.23684
1.2157,-0.67395,0.56625,1.1624,0.0016561,0.0017483,0.0017483,0.0018456,0.22222,1,0.23684
1.2157,-0.27395,4.3062,1.2644,1.4213,-0.0020246,-0.0020246,0.0079764,1,1,0.23684
1.2157,-0.07395,4.0344,1.2653,1.2118,0.014808,0.014808,0.010487,1,1,0.21053
1.2157,0.12605,3.2714,1.2066,0.016097,-0.0091033,-0.0091033,0.0051481,0.5,1,0.10526
1.2157,0.32605,4.3995,1.1817,1.957,0.18496,0.18496,0.027433,1,1,0.10526
1.2157,0.52605,4.4703,1.2165,1.5856,0.15782,0.15782,0.026789,1,1,0.13158
1.2157,0.92605,2.8753,0.95841,0.0076983,-0.0060176,-0.0060176,0.0047039,0.4,1,0.13158
1.2157,1.1261,4.09,1.0496,1.6419,0.041764,0.041764,0.0090758,1,1,0.13158
1.2157,1.7261,0.021546,1.1883,0.013484,-0.00020264,-0.00020264,0.0024151,0.45455,1,0.28947
1.2157,1.9261,6.2413,1.2118,0.012145,-0.0036243,-0.0036243,0.0019657,0.5,1,0.31579
1.2157,2.5261,3.086,1.0632,0.012526,0.014148,0.014148,0.048225,0.5,1,0.21053
1.2157,2.5261,5.8313,0.94386,0.17896,0.083179,0.083179,0.081329,0.5,1,0.21053
1.4157,-2.274,0.67464,1.0893,0.0013872,0.0025036,0.0025036,0.0045185,0.28571,1,0.18421
1.4157,-2.0739,0.50419,0.87518,0.026074,-0.0050805,-0.0050805,0.0043637,0.5,1,0.21053
1.4157,-1.6739,0.49255,1.0956,0.00044084,-0.0010372,-0.0010372,0.002678,0.375,1,0.21053
1.4157,-1.2739,0.30755,0.87616,0.039677,-0.0075982,-0.0075982,0.0016285,0.6,1,0.13158
1.4157,-1.0739,3.7334,1.1797,0.045436,-0.0054057,-0.0054057,0.017805,0.625,1,0.21053
1.4157,-0.87395,4.461,1.1807,1.5613,-0.071414,-0.071414,0.027975,1,1,0.31579
1.4157,-0.47395,0.43495,1.2234,2.3391,-0.088238,-0.088238,0.0050397,1,1,0.13158
1.4157,-0.07395,3.3813,1.159,0.00093916,-0.00098583,-0.00098583,0.0010586,0.6,1,0.13158
1.4157,1.9261,6.1558,1.2208,0.0040609,-0.0033395,-0.0033395,0.0027463,0.28571,1,0.18421
1.4157,2.1261,6.1879,1.2977,0.0062821,0.002248,0.002248,0.00098368,0.42857,1,0.18421
1.4157,2.3261,3.0908,1.1609,0.00079428,0.0018825,0.0018825,0.013478,0.5,1,0.15789
1.4157,2.5261,3.1168,1.0813,0.0036165,0.0072451,0.0072451,0.04394,0.75,1,0.21053
1.6157,-2.0739,0.50725,0.97206,0.012745,0.0007824,0.0007824,0.0065435,0.5,1,0.15789
1.6157,-1.8739,3.631,1.1402,0.004143,-0.0068021,-0.0068021,0.031737,0.57143,1,0.18421
1.6157,-1.6739,0.43648,0.92876,0.013476,0.0019816,0.0019816,0.00029138,0.5,1,0.10526
1.6157,-1.4739,0.38641,0.94638,0.031829,0.012057,0.012057,0.042009,0.6,1,0.26316
1.6157,-1.2739,0.22192,0.83862,0.026042,-0.014158,-0.014158,0.007767,0.44444,1,0.23684
1.6157,-1.0739,3.6943,1.0919,0.042817,-0.016178,-0.016178,0.012489,0.5,1,0.21053
1.6157,-0.87395,3.1537,1.1635,3.7583,0.19788,0.19788,0.030686,1,1,0.28947
1.6157,-0.67395,3.7298,1.2414,0.043357,-0.0062503,-0.0062503,0.01107,0.77778,1,0.23684
1.6157,-0.47395,3.6532,1.2087,0.051688,0.006931,0.006931,0.013954,0.625,1,0.21053
1.6157,-0.27395,3.447,1.2672,0.052818,0.0049928,0.0049928,0.0049867,1,1,0.13158
1.6157,-0.07395,3.3263,1.2901,0.011939,-0.0016172,-0.0016172,0.012423,0.85714,1,0.18421
1.6157,0.92605,2.7795,0.93003,0.0026005,-0.0040686,-0.0040686,0.0063656,0.5,1,0.10526
1.6157,1.7261,0.1173,1.2123,0.015662,-0.0066361,-0.0066361,0.0092602,0.57143,1,0.18421
1.6157,2.1261,0.03675,1.2137,0.016844,-0.0075422,-0.0075422,0.0064469,0.75,1,0.21053
1.6157,2.3261,6.2337,1.1964,0.005876,0.00076496,0.00076496,0.023123,0.6,1,0.26316
1.8157,-2.0739,0.44361,1.0336,0.026016,0.015277,0.015277,0.0089709,0.5,1,0.10526
1.8157,-1.8739,3.6827,1.2054,0.0013636,-0.00044978,-0.00044978,0.039766,0.55556,1,0.23684
1.8157,-1.8739,0.43449,0.96876,0.022574,0.0031839,0.0031839,0.0032981,0.44444,1,0.23684
1.8157,-1.6739,0.40923,0.87766,0.024462,0.0097884,0.0097884,0.0059864,0.5,1,0.21053
1.8157,-1.4739,0.36856,1.1115,0.030432,0.019163,0.019163,0.097884,0.55556,1,0.23684
1.8157,-1.2739,0.32212,1.0466,0.040539,0.015552,0.015552,0.088202,0.83333,1,0.15789
1.8157,-0.87395,3.6584,1.2861,0.086387,-0.015841,-0.015841,0.0047699,0.71429,1,0.18421
1.8157,-0.67395,4.0566,1.1985,3.4318,0.30069,0.30069,0.042773,1,1,0.21053
1.8157,-0.47395,3.6651,1.1574,0.043781,0.0027208,0.0027208,0.024823,0.66667,1,0.23684
1.8157,-0.07395,3.2382,1.2485,0.049576,0.0068446,0.0068446,0.018621,0.85714,1,0.18421
1.8157,1.7261,0.12767,1.2192,0.015793,-0.0010596,-0.0010596,0.00028487,0.57143,1,0.18421
1.8157,2.3261,6.1043,1.0675,0.015283,0.0046582,0.0046582,0.0029346,0.5,1,0.15789
1.8157,2.5261,3.1378,1.1405,0.0011178,0.00064557,0.00064557,0.013348,0.57143,1,0.18421
1.8157,2.7261,3.0661,1.181,0.0079088,0.0068223,0.0068223,0.0059177,0.5,1,0.15789
2.0157,-1.8739,0.39519,0.92625,0.015132,-0.001707,-0.001707,0.00019257,0.5,1,0.15789
2.0157,-1.6739,0.2561,0.86332,0.090436,0.03531,0.03531,0.019823,0.625,1,0.21053
2.0157,-1.4739,0.17012,0.95999,0.00038187,-0.0032214,-0.0032214,0.066225,0.42857,1,0.18421
2.0157,-1.2739,0.29141,0.95118,0.016036,0.015875,0.015875,0.015775,0.33333,1,0.23684
2.0157,-1.2739,3.668,1.2244,0.028467,0.0086632,0.0086632,0.021815,0.55556,1,0.23684
2.0157,-1.0739,5.0638,1.1829,2.4692,-0.17637,-0.17637,0.045946,1,1,0.26316
2.0157,-0.67395,3.5425,1.1537,0.015027,-0.017859,-0.017859,0.028887,0.66667,1,0.15789
2.0157,-0.27395,3.8735,1.224,0.0024837,-0.00038387,-0.00038387,0.00034823,0.42857,1,0.18421
2.0157,-0.07395,3.4789,1.1952,0.1169,-0.0011634,-0.0011634,0.01322,1,1,0.18421
2.0157,2.1261,0.049932,1.2466,0.028499,-0.012264,-0.012264,0.02,0.71429,1,0.18421
2.0157,2.3261,0.016273,1.2601,0.023262,-0.0094267,-0.0094267,0.017743,0.58333,1,0.31579
2.0157,2.3261,3.0372,1.0507,0.02059,0.013731,0.013731,0.017512,0.41667,1,0.31579
2.2157,-1.6739,0.23573,0.90954,0.13723,0.078069,0.078069,0.05262,0.6,1,0.26316
2.2157,-1.6739,3.7316,1.1674,0.0017846,0.0018736,0.0018736,0.0019669,0.2,1,0.26316
2.2157,-1.2739,0.20604,0.99918,0.034598,0.040112,0.040112,0.05796,0.625,1,0.21053
2.2157,-1.0739,3.7142,1.2903,0.038272,0.0026617,0.0026617,0.013479,0.36364,1,0.28947
2.2157,-1.0739,0.36101,1.2326,0.021942,0.0064259,0.0064259,0.0018818,0.18182,1,0.28947
2.2157,-0.87395,3.4548,1.1381,4.3913,0.20159,0.20159,0.016022,1,1,0.21053
2.2157,-0.67395,4.962,1.1277,2.1932,-0.16056,-0.16056,0.031862,1,1,0.21053
2.2157,-0.47395,4.1095,1.1806,3.353,0.22987,0.22987,0.027076,1,1,0.26316
2.2157,-0.27395,4.2454,1.2232,2.0258,0.12193,0.12193,0.01198,1,1,0.23684
2.2157,-0.07395,3.3752,1.2532,0.099232,-0.0031134,-0.0031134,0.01449,0.75,1,0.31579
2.2157,0.12605,3.3963,1.2472,0.030403,-0.0070971,-0.0070971,0.019241,0.88889,1,0.23684
2.2157,0.72605,2.8381,1.1052,0.023561,0.0035117,0.0035117,0.0022056,0.6,1,0.13158
2.2157,1.7261,3.3412,1.2367,0.0029611,-0.001776,-0.001776,0.0028806,0.3,1,0.26316
2.2157,1.7261,0.16384,1.2604,0.010299,-0.00021648,-0.00021648,0.012314,0.6,1,0.26316
2.2157,1.9261,0.13462,1.2864,0.01152,0.00062744,0.00062744,0.0042444,0.63636,1,0.28947
2.2157,1.9261,3.2368,1.2057,0.018163,0.0083332,0.0083332,0.007246,0.36364,1,0.28947
2.2157,2.1261,0.078637,1.265,0.018347,-0.013574,-0.013574,0.014974,0.85714,1,0.18421
2.2157,2.3261,0.033204,1.2466,0.020468,-0.011069,-0.011069,0.022154,0.7,1,0.26316
2.2157,2.5261,6.2018,1.2767,0.00032401,0.0013114,0.0013114,0.010458,0.44444,1,0.23684
2.2157,2.5261,3.1345,1.1688,0.00036556,-4.4706e-05,-4.4706e-05,0.0095333,0.33333,1,0.23684
2.4157,-1.4739,0.30453,1.0475,0.041375,0.01195,0.01195,0.020262,0.71429,1,0.18421
2.4157,-1.2739,3.5015,1.1947,0.013742,-0.0011336,-0.0011336,0.0016749,0.44444,1,0.23684
2.4157,-1.0739,0.39795,1.133,0.05491,0.041029,0.041029,0.066123,0.71429,1,0.18421
2.4157,-0.87395,0.39567,1.1737,0.020458,-0.011767,-0.011767,0.016306,0.44444,1,0.23684
2.4157,-0.87395,3.5369,1.2795,0.099403,-3.2821e-05,-3.2821e-05,0.011267,0.55556,1,0.23684
2.4157,-0.67395,3.4599,1.215,0.00070627,-0.0021505,-0.0021505,0.0090504,0.5,1,0.15789
2.4157,-0.47395,0.14051,1.2828,0.083595,0.027603,0.027603,0.009228,0.42857,1,0.18421
2.4157,-0.07395,3.9747,1.1685,2.1804,0.030603,0.030603,0.0063729,1,1,0.21053
2.4157,0.12605,3.5271,1.1675,0.012021,-0.0084116,-0.0084116,0.021812,0.85714,1,0.18421
2.4157,0.52605,2.9152,1.1258,0.0089744,-0.0013029,-0.0013029,0.0024034,0.6,1,0.13158
2.4157,1.7261,0.40221,1.2601,0.034641,-0.02484,-0.02484,0.017812,0.28571,1,0.18421
2.4157,1.9261,0.10705,1.197,0.016999,-0.00050543,-0.00050543,0.010551,0.57143,1,0.18421
2.4157,2.3261,3.0538,1.1206,0.02105,0.0062422,0.0062422,0.011541,0.625,1,0.21053
2.4157,2.5261,3.122,1.1815,0.0032348,-0.0027847,-0.0027847,0.0081226,0.66667,1,0.23684
2.6157,-1.4739,3.5915,1.2527,0.011872,0.0025732,0.0025732,0.0073443,0.5,1,0.21053
2.6157,-0.87395,0.265,1.233,0.018691,-0.0032174,-0.0032174,0.013362,0.5,1,0.21053
2.6157,-0.87395,3.4433,1.3139,0.08048,0.016075,0.016075,0.0081506,0.5,1,0.21053
2.6157,-0.67395,3.6064,1.2491,0.032633,0.0064704,0.0064704,0.015095,0.83333,1,0.15789
2.6157,-0.47395,3.1177,1.085,3.3496,0.29499,0.29499,0.045354,1,1,0.18421
2.6157,-0.27395,3.3646,1.2157,0.011862,0.0048511,0.0048511,0.0020444,0.42857,1,0.18421
2.6157,-0.07395,3.4197,1.2074,0.035263,-0.0010156,-0.0010156,0.007074,0.66667,1,0.23684
2.6157,0.12605,3.4036,1.2405,0.01354,-0.0047929,-0.0047929,0.0016966,0.18182,1,0.28947
2.6157,0.32605,3.3211,1.3188,0.0011441,0.0012546,0.0012546,0.0013757,0.4,1,0.13158
2.6157,1.7261,2.947,1.1747,3.8049,0.16699,0.16699,0.010997,1,1,0.18421
2.6157,1.9261,0.080757,1.2782,0.016225,0.00027804,0.00027804,0.0018633,0.6,1,0.26316
2.6157,2.1261,6.2683,1.3031,0.021966,-0.011632,-0.011632,0.01044,0.55556,1,0.23684
2.6157,2.1261,3.1484,1.1559,0.0014575,-0.00049745,-0.00049745,0.00016978,0.22222,1,0.23684
2.6157,2.3261,0.00107,1.2731,0.034386,-0.021569,-0.021569,0.022063,0.7,1,0.26316
2.8157,-1.2739,0.4282,1.1376,0.022982,-0.018283,-0.018283,0.017911,0.42857,1,0.18421
2.8157,-1.0739,3.5454,1.2799,0.029236,-0.009876,-0.009876,0.012383,0.5,1,0.21053
2.8157,-0.67395,0.31813,1.2467,0.065712,0.0095857,0.0095857,0.018224,0.75,1,0.21053
2.8157,-0.27395,3.3646,1.2157,0.011862,0.0048511,0.0048511,0.0020444,0.375,1,0.21053
2.8157,-0.07395,3.3779,1.1545,0.013343,-0.014661,-0.014661,0.029628,0.5,1,0.21053
2.8157,-0.07395,0.42929,1.2992,0.00027011,-0.00039428,-0.00039428,0.00057552,0.25,1,0.21053
2.8157,0.12605,0.045378,1.2486,0.14418,0.00070659,0.00070659,0.0044135,0.38462,1,0.34211
2.8157,0.12605,3.4462,1.2234,0.033511,-0.0079801,-0.0079801,0.019148,0.61538,1,0.34211
2.8157,0.32605,3.4657,1.2357,0.0384,-0.0044302,-0.0044302,0.013595,0.66667,1,0.23684
2.8157,1.9261,0.12027,1.2252,0.010073,-0.0072829,-0.0072829,0.016763,0.66667,1,0.31579
2.8157,2.1261,6.2416,1.3453,0.0092067,-0.0052467,-0.0052467,0.008517,0.6,1,0.26316
2.8157,2.3261,6.2418,1.2316,0.019523,-0.027329,-0.027329,0.052758,0.55556,1,0.23684
2.8157,2.5261,3.0953,1.122,0.010804,0.015103,0.015103,0.033341,0.57143,1,0.18421
3.0157,-1.2739,3.5017,1.2645,0.010804,0.003437,0.003437,0.0031759,0.5,1,0.21053
3.0157,-1.0739,4.9266,1.0708,2.195,-0.282,-0.282,0.10536,1,1,0.21053
3.0157,-0.87395,4.8069,1.2244,2.5061,-0.13833,-0.13833,0.018121,1,1,0.18421
3.0157,-0.67395,3.3642,1.2896,0.0023518,0.0019051,0.0019051,0.0025278,0.5,1,0.15789
3.0157,-0.47395,3.615,1.1949,0.038729,-0.0056665,-0.0056665,0.013181,1,1,0.10526
3.0157,-0.07395,3.2692,1.2018,0.0047135,0.0028135,0.0028135,0.0016794,0.33333,1,0.15789
3.0157,0.32605,3.3511,1.1451,0.054376,-0.0066597,-0.0066597,0.014739,0.72727,1,0.28947
3.0157,1.9261,0.00015333,1.2596,0.0133,0.00012862,0.00012862,0.00053677,0.33333,1,0.23684
3.0157,2.1261,6.2477,1.3324,0.011055,-0.0008273,-0.0008273,0.0049019,0.4,1,0.26316
3.0157,2.3261,6.2534,1.3075,0.004333,-0.0041496,-0.0041496,0.0057563,0.42857,1,0.18421
3.0157,2.5261,3.0933,1.2567,0.00040401,-0.00021587,-0.00021587,0.00011535,0.25,1,0.21053
3.2157,-1.4739,0.1925,0.81263,0.031618,0.010221,0.010221,0.014498,1,1,0.10526
3.2157,-1.0739,5.0309,1.2643,2.4661,-0.0402,-0.0402,0.0042359,1,1,0.15789
3.2157,-0.67395,5.3831,1.1854,2.0221,-0.084982,-0.084982,0.010684,1,1,0.13158
3.2157,-0.47395,0.20261,1.2149,0.024232,-0.0033385,-0.0033385,0.00064546,0.42857,1,0.18421
3.2157,-0.27395,3.0743,1.2346,0.015955,-0.0093118,-0.0093118,0.0054346,0.33333,1,0.15789
3.2157,-0.07395,3.3509,1.1283,0.0068474,-0.015129,-0.015129,0.035901,0.5,1,0.21053
3.2157,0.12605,0.0032175,1.2778,0.10105,0.00024801,0.00024801,0.0012701,0.44444,1,0.23684
3.2157,0.32605,0.27883,1.0989,0.14215,-0.09956,-0.09956,0.11756,0.4,1,0.39474
3.2157,0.32605,3.3966,1.1718,0.028475,0.0059585,0.0059585,0.028271,0.6,1,0.39474
3.2157,0.52605,3.3827,1.1419,0.042451,0.0087941,0.0087941,0.013773,1,1,0.15789
3.2157,1.9261,0.092772,1.2185,0.013097,-0.0051417,-0.0051417,0.013682,0.6,1,0.39474
3.2157,1.9261,3.251,1.1764,0.036605,0.012909,0.012909,0.0065675,0.4,1,0.39474
3.2157,2.1261,0.015733,1.3136,0.016625,-0.0057968,-0.0057968,0.00665,0.6,1,0.39474
3.2157,2.3261,6.163,1.1586,0.018837,0.026083,0.026083,0.086884,0.77778,1,0.23684
3.4157,-1.0739,3.521,1.2956,0.003875,-0.0015956,-0.0015956,0.0011328,0.5,1,0.21053
3.4157,-0.87395,3.437,1.1987,0.022121,0.0075213,0.0075213,0.0025573,0.28571,1,0.18421
3.4157,-0.67395,5.0807,1.1944,2.5483,-0.15896,-0.15896,0.015022,1,1,0.21053
3.4157,-0.47395,0.38504,1.1877,0.044523,0.0037453,0.0037453,0.019574,0.7,1,0.26316
3.4157,-0.07395,3.6389,1.1392,0.0086091,0.016195,0.016195,0.030464,0.4,1,0.13158
3.4157,0.12605,3.7914,0.97899,0.01788,0.014378,0.014378,0.011563,0.16667,1,0.31579
3.4157,0.32605,3.4079,1.1639,0.022824,0.001553,0.001553,0.035557,0.63636,1,0.28947
3.4157,0.52605,3.3696,1.141,0.031925,0.010458,0.010458,0.036066,0.88889,1,0.23684
3.4157,1.9261,3.0978,1.1226,0.013563,0.0088958,0.0088958,0.0079094,0.44444,1,0.23684
3.4157,2.1261,2.0536,1.1696,3.4472,-0.30532,-0.30532,0.035836,1,1,0.31579
3.4157,2.3261,3.1768,1.1793,0.01711,0.013621,0.013621,0.018624,0.66667,1,0.23684
3.6157,-1.0739,1.9203,1.2021,2.7014,0.076077,0.076077,0.016772,1,1,0.15789
3.6157,-0.87395,0.38611,1.2499,0.034433,-0.0024092,-0.0024092,0.00036781,0.5,1,0.21053
3.6157,-0.47395,3.4674,1.2383,0.029043,-0.013645,-0.013645,0.0067178,0.5,1,0.21053
3.6157,-0.27395,3.2566,1.2614,0.0097079,0.0076054,0.0076054,0.0091671,0.42857,1,0.18421
3.6157,-0.07395,3.3901,1.1965,0.045186,0.003167,0.003167,0.042351,0.66667,1,0.23684
3.6157,0.12605,3.4323,1.1735,0.035042,-0.024243,-0.024243,0.058071,0.6,1,0.26316
3.6157,0.52605,3.3467,1.0884,0.018745,-0.021877,-0.021877,0.031021,0.54545,1,0.28947
3.6157,2.1261,0.096772,1.1926,0.027366,0.0027418,0.0027418,0.024253,0.76923,1,0.34211
3.6157,2.3261,0.052052,1.1457,0.016659,0.016353,0.016353,0.03518,0.625,1,0.21053
3.6157,2.5261,1.549,1.1861,2.958,-0.096442,-0.096442,0.014994,1,1,0.21053
3.6157,2.7261,3.1006,1.2235,4.9352,0.18066,0.18066,0.0068149,1,1,0.10526
3.8157,-0.67395,0.08289,1.2332,4.2055,-0.076381,-0.076381,0.002042,1,1,0.10526
3.8157,-0.47395,0.35897,1.1524,0.036928,-0.0066791,-0.0066791,0.015458,0.66667,1,0.23684
3.8157,-0.27395,0.46121,1.1925,0.013443,0.0029195,0.0029195,0.0266,0.75,1,0.21053
3.8157,-0.07395,6.0651,1.3329,0.010173,-0.0012673,-0.0012673,0.00015788,0.2,1,0.26316
3.8157,-0.07395,3.2993,1.3924,0.0091276,0.0085249,0.0085249,0.008442,0.4,1,0.26316
3.8157,0.12605,3.5553,1.1459,0.0237,-0.034004,-0.034004,0.085088,0.42857,1,0.36842
3.8157,0.12605,6.042,0.92135,0.11758,0.085944,0.085944,0.16483,0.57143,1,0.36842
3.8157,0.32605,4.5365,1.0593,2.1367,-0.068213,-0.068213,0.066908,1,1,0.26316
3.8157,0.52605,3.4152,1.0292,0.0085909,-0.0012094,-0.0012094,0.00051354,0.4,1,0.26316
3.8157,0.72605,3.4849,1.1444,0.0078402,0.0083688,0.0083688,0.0089331,0.5,1,0.10526
3.8157,1.9261,3.0147,1.1001,0.010895,0.0086504,0.0086504,0.012405,0.58333,1,0.31579
3.8157,1.9261,0.11339,1.2363,0.027474,-0.014323,-0.014323,0.012109,0.41667,1,0.31579
3.8157,2.1261,3.0678,1.1602,0.0026611,0.005079,0.005079,0.013547,0.35714,1,0.36842
3.8157,2.1261,0.057162,1.2173,0.037388,-0.0035453,-0.0035453,0.029397,0.64286,1,0.36842
3.8157,2.3261,0.10399,1.1676,0.02039,0.018532,0.018532,0.036192,0.71429,1,0.18421
3.8157,2.5261,3.1782,1.2608,0.018334,0.0040066,0.0040066,0.00087557,0.25,1,0.21053
4.0157,-0.87395,3.3358,1.2489,0.002417,-0.0017257,-0.0017257,0.0013762,0.5,1,0.15789
4.0157,-0.47395,3.3369,1.2894,0.00034056,-0.00070339,-0.00070339,0.0016719,0.5,1,0.15789
4.0157,-0.27395,3.3369,1.2894,0.00034056,-0.00070339,-0.00070339,0.0016719,0.375,1,0.21053
4.0157,-0.07395,2.5001,0.94522,4.6145,0.61364,0.61364,0.10104,1,1,0.21053
4.0157,0.12605,6.0613,0.99193,0.019283,0.057146,0.057146,0.16959,0.27273,1,0.28947
4.0157,0.12605,3.4617,1.1401,0.030819,-0.025907,-0.025907,0.052887,0.54545,1,0.28947
4.0157,0.52605,3.4231,0.96933,0.12324,0.011716,0.011716,0.004356,0.66667,1,0.23684
4.0157,0.72605,3.2955,0.97118,0.10501,0.0054474,0.0054474,0.0064612,0.71429,1,0.18421
4.0157,1.9261,6.2603,1.2167,0.0027698,-0.0024507,-0.0024507,0.011892,0.55556,1,0.23684
4.0157,1.9261,2.8695,1.0025,0.00081282,-0.00038446,-0.00038446,0.00018185,0.22222,1,0.23684
4.0157,2.1261,6.2246,1.2227,0.0076373,-0.00864,-0.00864,0.013829,0.83333,1,0.15789
4.0157,2.3261,3.3042,1.2336,0.01249,-0.0012066,-0.0012066,0.00051886,0.42857,1,0.18421
4.0157,2.5261,3.1984,1.2179,0.015002,0.0063082,0.0063082,0.01467,0.5,1,0.31579
4.2157,-0.87395,3.4143,1.263,0.018618,-0.00084659,-0.00084659,0.00027873,0.44444,1,0.23684
4.2157,-0.87395,0.32865,1.1545,0.017681,-0.0042834,-0.0042834,0.020164,0.55556,1,0.23684
4.2157,-0.27395,6.2692,1.3302,0.10952,-0.0099429,-0.0099429,0.0032035,0.57143,1,0.18421
4.2157,-0.07395,0.81753,1.0858,1.9756,0.24044,0.24044,0.11098,1,1,0.23684
4.2157,0.12605,0.32412,1.0988,0.17012,0.0615,0.0615,0.10876,0.54545,1,0.28947
4.2157,0.12605,3.448,1.2471,0.028493,-0.022326,-0.022326,0.023715,0.45455,1,0.28947
4.2157,0.32605,0.30736,1.3405,0.048485,0.0089804,0.0089804,0.001665,0.23072,1,0.34211
4.2157,0.32605,2.8751,1.0718,1.362,0.09103,0.09103,0.059538,0.76928,1,0.34211
4.2157,0.52605,3.72,1.0357,2.048,0.063589,0.063589,0.044511,1,1,0.39474
4.2157,0.72605,3.5917,1.0866,0.038391,-0.017261,-0.017261,0.020384,0.77778,1,0.23684
4.2157,1.9261,3.0896,1.0912,0.025148,0.015191,0.015191,0.012136,0.57143,1,0.36842
4.2157,1.9261,6.1708,1.1908,0.025802,-0.001199,-0.001199,0.018537,0.42857,1,0.36842
4.2157,2.1261,6.2668,1.1924,0.01445,0.0088605,0.0088605,0.01465,0.53846,1,0.34211
4.2157,2.1261,3.1196,1.1392,0.018839,0.0060933,0.0060933,0.0094559,0.46154,1,0.34211
4.2157,2.5261,0.08063,1.2382,0.012881,0.012516,0.012516,0.014665,0.66667,1,0.23684
4.4157,-0.27395,3.3109,1.2588,0.00029878,-0.0013556,-0.0013556,0.029,0.66667,1,0.15789
4.4157,0.12605,0.16021,1.3113,0.073836,0.018078,0.018078,0.0070052,0.44444,1,0.23684
4.4157,0.32605,2.6973,1.1035,2.134,0.14923,0.14923,0.041526,1,1,0.23684
4.4157,0.52605,3.6649,1.0818,0.052639,-0.044727,-0.044727,0.044112,0.55556,1,0.23684
4.4157,0.72605,3.7347,1.026,0.064246,-0.040886,-0.040886,0.036054,0.8,1,0.26316
4.4157,1.7261,2.878,1.0793,0.028895,-0.0025352,-0.0025352,0.0090346,0.66667,1,0.15789
4.4157,1.9261,6.1649,1.1305,0.022113,0.0013172,0.0013172,0.037959,0.53846,1,0.34211
4.4157,2.1261,3.0674,1.1104,0.026594,0.011159,0.011159,0.017785,0.55556,1,0.23684
4.4157,2.1261,6.2609,1.1174,0.010114,0.0045436,0.0045436,0.0079599,0.44444,1,0.23684
4.4157,2.3261,3.106,1.166,0.040499,0.011333,0.011333,0.0060506,0.5,1,0.21053
4.4157,2.5261,3.3018,1.3071,0.00021598,-0.0010004,-0.0010004,0.0051791,0.5,1,0.15789
4.6157,-0.67395,3.2892,1.2239,0.042073,0.0080877,0.0080877,0.002126,0.5,1,0.26316
4.6157,-0.47395,5.2557,1.2819,2.7227,-0.0015973,-0.0015973,0.0058777,1,1,0.26316
4.6157,-0.27395,4.1467,1.2623,1.435,0.026395,0.026395,0.0004893,0.6,1,0.13158
4.6157,0.12605,0.20049,1.2922,0.022316,-0.00066585,-0.00066585,0.0025282,0.66667,1,0.15789
4.6157,0.32605,2.5261,1.1758,1.9074,-0.076174,-0.076174,0.013664,1,1,0.21053
4.6157,0.52605,3.4712,1.1811,0.076538,-0.024252,-0.024252,0.015312,0.5,1,0.15789
4.6157,0.72605,3.7232,1.0746,0.061112,-0.030266,-0.030266,0.023806,0.6,1,0.26316
4.6157,0.92605,3.8157,1.0028,0.082617,-0.035131,-0.035131,0.018805,0.66667,1,0.31579
4.6157,1.7261,2.8438,1.0069,0.014184,-0.015888,-0.015888,0.018206,0.57143,1,0.18421
4.6157,1.9261,3.0108,1.0643,0.043223,0.0057032,0.0057032,0.021441,0.58333,1,0.31579
4.6157,2.1261,0.080673,1.2057,0.00011987,0.0011554,0.0011554,0.011814,0.27273,1,0.28947
4.6157,2.1261,3.0783,1.0883,0.017099,0.0058836,0.0058836,0.015515,0.54545,1,0.28947
4.6157,2.3261,3.3039,1.2292,0.00014593,0.00036469,0.00036469,0.0015278,0.375,1,0.21053
4.6157,2.5261,0.14094,1.2879,0.011951,0.0037762,0.0037762,0.0012856,0.375,1,0.21053
4.8157,-0.67395,3.3385,1.1982,0.0053195,-0.0037022,-0.0037022,0.0025766,0.28571,1,0.18421
4.8157,-0.47395,0.14288,1.2237,3.8867,-0.085559,-0.085559,0.0042363,1,1,0.13158
4.8157,-0.07395,2.9301,0.97102,0.1358,0.008111,0.008111,0.00048444,0.33333,1,0.15789
4.8157,0.12605,0.16154,1.2709,0.034447,0.010496,0.010496,0.0079081,0.5,1,0.26316
4.8157,0.32605,3.2489,1.2036,0.15184,0.01571,0.01571,0.012085,0.63636,1,0.28947
4.8157,0.32605,0.14232,1.2768,0.028296,0.010394,0.010394,0.0094564,0.36364,1,0.28947
4.8157,0.72605,3.5217,1.1605,0.00021848,-0.0010829,-0.0010829,0.01455,0.5,1,0.15789
4.8157,0.92605,3.9211,1.0049,0.0011463,0.00079322,0.00079322,0.0028891,0.33333,1,0.23684
4.8157,1.1261,3.9761,0.94762,0.034468,-0.011538,-0.011538,0.0081315,0.71429,1,0.18421
4.8157,1.9261,3.1006,1.0687,0.054627,0.027689,0.027689,0.026552,0.6,1,0.26316
4.8157,2.1261,3.1417,1.1134,0.017234,-0.0015038,-0.0015038,0.015235,0.54545,1,0.28947
4.8157,2.3261,0.15631,1.209,0.0056728,0.0031202,0.0031202,0.012761,0.625,1,0.21053
4.8157,2.5261,0.18828,1.177,0.006697,0.0013162,0.0013162,0.013658,0.55556,1,0.23684
4.8157,2.5261,3.343,1.1173,0.010856,0.010304,0.010304,0.010814,0.33333,1,0.23684
5.0157,-0.27395,3.3865,1.2884,0.017576,-0.00075631,-0.00075631,0.0019227,0.57143,1,0.18421
5.0157,-0.07395,3.1897,1.1993,0.10633,0.044065,0.044065,0.02903,0.55556,1,0.23684
5.0157,0.12605,0.15789,1.2254,0.056443,0.0086917,0.0086917,0.0098347,0.5,1,0.26316
5.0157,0.12605,3.1226,1.2619,0.00010588,0.00051615,0.00051615,0.002516,0.2,1,0.26316
5.0157,0.32605,3.1865,1.2903,0.0076829,0.0039147,0.0039147,0.0028796,0.5,1,0.21053
5.0157,0.92605,4.0673,1.188,4.3161,0.34495,0.34495,0.033855,1,1,0.15789
5.0157,1.3261,3.7512,0.95114,0.056168,-0.024094,-0.024094,0.019084,0.8,1,0.13158
5.0157,1.5261,3.1469,1.0304,0.17243,-0.031283,-0.031283,0.0091597,0.83333,1,0.15789
5.0157,1.7261,2.7431,1.1404,0.0072463,-0.003336,-0.003336,0.0015359,0.33333,1,0.15789
5.0157,1.9261,6.2225,0.92931,4.0738,-0.2234,-0.2234,0.012807,1,1,0.10526
5.0157,2.5261,3.2966,1.2234,0.012519,0.0018082,0.0018082,0.026651,0.625,1,0.21053
5.0157,2.7261,0.13843,1.1589,0.011539,-0.0002052,-0.0002052,0.0030792,0.57143,1,0.18421
5.2157,-0.67395,5.0249,1.2103,2.4635,0.098354,0.098354,0.0058432,1,1,0.18421
5.2157,-0.27395,2.7687,1.3062,1.331,-0.0074414,-0.0074414,0.0012383,0.66667,1,0.15789
5.2157,-0.07395,3.1134,1.1651,0.12716,0.035631,0.035631,0.021109,0.5,1,0.21053
5.2157,-0.07395,0.19377,1.1512,0.00093514,-0.0018804,-0.0018804,0.003781,0.25,1,0.21053
5.2157,0.12605,0.17706,1.2337,0.00019238,0.00029141,0.00029141,0.00044142,0.22222,1,0.23684
5.2157,0.32605,0.2798,1.2838,0.037588,0.0058704,0.0058704,0.0076736,0.75,1,0.21053
5.2157,0.72605,3.6805,1.1949,0.028607,-0.01819,-0.01819,0.01458,0.83333,1,0.15789
5.2157,0.92605,3.655,1.1403,0.036635,-0.013607,-0.013607,0.010583,0.57143,1,0.18421
5.2157,1.3261,3.9547,1.0242,2.5021,-0.18636,-0.18636,0.018746,1,1,0.13158
5.2157,1.5261,3.2389,0.97788,0.22552,0.0022026,0.0022026,0.0070666,1,1,0.15789
5.2157,1.9261,3.1821,1.1105,0.023535,-0.0012319,-0.0012319,0.013474,0.6,1,0.26316
5.2157,2.1261,3.194,1.0906,0.016009,-0.0046147,-0.0046147,0.023422,0.54545,1,0.28947
5.2157,2.1261,0.1241,1.2242,0.012129,-0.0061023,-0.0061023,0.031023,0.45455,1,0.28947
5.2157,2.5261,0.2475,1.2048,0.0093153,0.001771,0.001771,0.0016789,0.55556,1,0.23684
5.2157,2.7261,0.22184,1.205,0.010971,0.0013682,0.0013682,0.0016853,0.625,1,0.21053
5.4157,-0.67395,0.034017,1.1534,0.029834,-0.0039787,-0.0039787,0.0021162,0.5,1,0.15789
5.4157,-0.27395,0.9929,1.1184,1.7973,-0.013734,-0.013734,0.036837,1,1,0.15789
5.4157,-0.07395,0.018315,1.1137,0.04245,-0.0049407,-0.0049407,0.00057504,0.25,1,0.21053
5.4157,0.12605,3.2772,1.2951,0.026213,0.0061483,0.0061483,0.0035297,0.66667,1,0.15789
5.4157,0.92605,3.7983,1.0688,0.01814,-0.003762,-0.003762,0.0011938,0.75,1,0.10526
5.4157,1.3261,4.1535,1.0324,2.4611,-0.2115,-0.2115,0.023419,1,1,0.23684
5.4157,1.5261,2.8048,0.98554,0.90778,0.1016,0.1016,0.022381,1,1,0.18421
5.4157,1.9261,3.3571,1.1551,0.071739,-0.019363,-0.019363,0.0074092,0.57143,1,0.18421
5.4157,2.1261,0.1631,1.0681,0.0030113,-0.0033911,-0.0033911,0.0054431,0.33333,1,0.23684
5.4157,2.5261,0.27282,1.2042,0.0084389,0.0022888,0.0022888,0.0020969,0.4,1,0.26316
5.4157,2.7261,0.12565,1.1941,0.013663,0.0075951,0.0075951,0.0054018,0.5,1,0.15789
5.6157,-0.27395,3.2737,1.2042,0.13037,0.040097,0.040097,0.017276,0.83333,1,0.15789
5.6157,-0.07395,0.18966,1.1199,0.12482,0.044429,0.044429,0.031954,0.6,1,0.26316
5.6157,0.12605,0.20739,1.2065,0.1182,0.010798,0.010798,0.0023168,0.57143,1,0.18421
5.6157,0.32605,3.1459,1.3072,0.009014,0.0027704,0.0027704,0.0039509,0.5,1,0.21053
5.6157,0.52605,0.3595,1.3302,0.028852,-0.001081,-0.001081,0.0043712,0.71429,1,0.18421
5.6157,0.92605,3.6544,1.2093,0.0041799,-0.0060891,-0.0060891,0.011769,0.71429,1,0.18421
5.6157,1.1261,2.3312,1.2472,2.63,-0.18528,-0.18528,0.015923,1,1,0.21053
5.6157,1.3261,3.259,1.0384,2.8264,0.32592,0.32592,0.043495,1,1,0.18421
5.6157,1.5261,3.3988,1.0419,0.14862,0.010508,0.010508,0.00082658,0.5,1,0.15789
5.6157,1.9261,3.7108,1.0997,1.0395,0.073423,0.073423,0.019442,1,1,0.21053
5.6157,2.1261,3.3769,1.0477,0.10478,-0.0037606,-0.0037606,0.02287,0.63636,1,0.28947
5.6157,2.3261,0.22591,1.1085,0.036404,-0.02122,-0.02122,0.033366,0.75,1,0.21053
5.6157,2.5261,0.14989,1.0949,0.0054221,-0.0076918,-0.0076918,0.025885,0.66667,1,0.23684
5.6157,2.7261,0.14092,1.1,0.0075892,-0.0052846,-0.0052846,0.023245,0.63636,1,0.28947
5.6157,2.7261,3.221,0.96915,0.00040469,-0.0035944,-0.0035944,0.068135,0.27273,1,0.28947
5.8157,-0.67395,0.15218,1.186,0.00041392,0.0004009,0.0004009,0.00038829,0.5,1,0.10526
5.8157,-0.27395,3.3386,1.2049,0.078791,0.024207,0.024207,0.0074373,0.5,1,0.10526
5.8157,-0.07395,0.21072,1.052,0.12133,0.029322,0.029322,0.021442,0.8,1,0.13158
5.8157,0.12605,0.27886,1.2424,0.11499,0.018917,0.018917,0.0070251,0.625,1,0.21053
5.8157,0.32605,3.1551,1.3197,0.037455,0.0075304,0.0075304,0.0039827,0.5,1,0.26316
5.8157,0.92605,3.3332,1.2789,0.11623,0.021851,0.021851,0.004169,0.42857,1,0.18421
5.8157,1.1261,4.1078,1.1909,2.1703,0.21467,0.21467,0.037907,1,1,0.21053
5.8157,1.3261,3.725,1.0648,1.9738,0.24067,0.24067,0.032833,1,1,0.15789
5.8157,1.5261,2.7759,0.98588,1.2359,0.16091,0.16091,0.026091,1,1,0.18421
5.8157,1.9261,3.5699,1.07,0.019344,0.001424,0.001424,0.00012609,0.5,1,0.15789
5.8157,2.1261,3.4654,1.0567,0.083961,-0.010313,-0.010313,0.013099,0.61538,1,0.34211
5.8157,2.3261,0.21564,1.0406,0.048086,-0.039008,-0.039008,0.032059,0.44444,1,0.23684
5.8157,2.5261,0.17719,1.1787,0.014079,0.0093966,0.0093966,0.0090628,0.44444,1,0.23684
5.8157,2.7261,0.16868,1.1702,0.0013482,5.8352e-05,5.8352e-05,0.0017017,0.5,1,0.21053
6.0157,-0.67395,0.003896,1.1729,0.019834,0.0045436,0.0045436,0.0030352,0.625,1,0.21053
6.0157,-0.07395,6.2619,1.1785,0.019168,-0.0065487,-0.0065487,0.011638,0.57143,1,0.18421
6.0157,0.12605,3.2359,1.2258,0.030359,0.0051888,0.0051888,0.00088685,0.25,1,0.21053
6.0157,0.32605,3.2881,1.2955,0.0557,0.0019251,0.0019251,0.0042007,0.6,1,0.26316
6.0157,0.92605,5.0051,1.1855,3.358,0.14686,0.14686,0.029799,1,1,0.15789
6.0157,1.1261,3.6709,1.1994,0.01295,-0.0030096,-0.0030096,0.0084696,0.71429,1,0.18421
6.0157,1.3261,3.638,1.1335,0.025132,0.010695,0.010695,0.011539,0.83333,1,0.15789
6.0157,1.5261,3.4822,1.1386,0.067099,0.01318,0.01318,0.010635,0.83333,1,0.15789
6.0157,2.1261,3.3341,0.91645,0.031246,-0.020227,-0.020227,0.029358,0.75,1,0.21053
6.0157,2.3261,3.7224,1.0768,0.011984,-0.0015999,-0.0015999,0.0002136,0.22222,1,0.23684
6.0157,2.3261,0.21907,1.1153,0.034686,-0.0021453,-0.0021453,0.00049161,0.33333,1,0.23684
6.0157,2.5261,3.4311,1.1625,0.033051,-0.012914,-0.012914,0.005046,0.25,1,0.21053
6.2157,-0.67395,0.11888,1.139,0.045509,-0.017016,-0.017016,0.0093161,0.5,1,0.15789
6.2157,-0.07395,0.01559,1.1176,0.020105,0.00026682,0.00026682,0.00066677,0.42857,1,0.18421
6.2157,0.12605,0.010732,1.1549,0.015149,-0.00034295,-0.00034295,0.0046665,0.4,1,0.26316
6.2157,0.12605,3.2029,1.2232,0.022413,0.0036278,0.0036278,0.00060431,0.3,1,0.26316
6.2157,0.32605,0.20521,1.2172,0.10868,0.0023892,0.0023892,0.0016049,0.57143,1,0.18421
6.2157,0.52605,0.40253,1.3029,0.057979,-0.0024134,-0.0024134,0.0045065,0.71429,1,0.18421
6.2157,0.92605,0.10441,1.2025,3.9841,-0.23555,-0.23555,0.030917,1,1,0.21053
6.2157,1.1261,3.6211,1.2431,0.0030013,-0.0011756,-0.0011756,0.017744,0.4415,1,0.23684
6.2157,1.1261,0.71544,1.2289,1.3958,-0.040675,-0.040675,0.011349,0.5585,1,0.23684
6.2157,1.7261,3.5504,1.0304,0.10777,-0.035299,-0.035299,0.03876,0.71429,1,0.18421
6.2157,2.1261,3.4222,0.88352,0.042123,-0.018075,-0.018075,0.057526,0.7,1,0.26316
6.2157,2.3261,3.4774,0.66786,0.01037,0.020557,0.020557,0.11213,0.66667,1,0.23684
6.2157,2.5261,0.13687,1.0151,0.0047727,0.0051707,0.0051707,0.0056018,0.28571,1,0.18421
6.2157,2.7261,0.23994,1.1032,0.035408,-0.0085819,-0.0085819,0.024365,0.58333,1,0.31579
6.2157,2.7261,3.6166,1.0938,0.039816,-0.023775,-0.023775,0.014197,0.16667,1,0.31579
6.4157,-0.47395,0.22289,1.171,0.020096,-0.014004,-0.014004,0.012216,0.5,1,0.15789
6.4157,0.32605,3.3729,1.3258,0.064373,-0.011079,-0.011079,0.0091909,0.83333,1,0.15789
6.4157,0.92605,1.1748,1.1347,1.8453,-0.13943,-0.13943,0.024905,1,1,0.13158
6.4157,1.1261,0.41053,1.2788,0.057289,-0.017513,-0.017513,0.0084178,0.66667,1,0.15789
6.4157,1.3261,3.5854,1.1586,0.0091621,0.0066928,0.0066928,0.013668,1,1,0.13158
6.4157,1.5261,3.5256,1.0529,0.070545,0.04714,0.04714,0.049847,1,1,0.18421
6.4157,1.9261,3.4581,1.061,0.12087,-0.037346,-0.037346,0.013839,0.66667,1,0.15789
6.4157,2.1261,3.5015,0.97567,0.016608,0.0085259,0.0085259,0.00698,0.5,1,0.15789
6.4157,2.3261,3.4816,0.97037,0.013652,0.0067119,0.0067119,0.0053192,0.66667,1,0.15789
6.4157,2.5261,0.30738,1.0132,0.026836,0.013287,0.013287,0.039633,0.71429,1,0.18421
6.4157,2.7261,0.04966,0.94409,0.010036,-0.010733,-0.010733,0.011602,0.33333,1,0.23684
6.6157,-0.27395,6.1853,1.234,0.012303,0.013103,0.013103,0.018673,0.5,1,0.15789
6.6157,0.12605,3.3068,1.2169,0.091047,0.015046,0.015046,0.0042476,0.66667,1,0.15789
6.6157,0.32605,3.3871,1.205,0.0082692,-0.0018705,-0.0018705,0.00042312,0.25,1,0.21053
6.6157,0.72605,2.4308,1.1018,11.755,-0.43258,-0.43258,0.016308,1,1,0.13158
6.6157,0.92605,1.035,1.1393,1.6122,-0.14342,-0.14342,0.021956,1,1,0.15789
6.6157,1.3261,3.5962,1.1931,0.0082362,0.0069314,0.0069314,0.024628,0.71429,1,0.18421
6.6157,1.7261,3.2336,1.0194,0.00075049,-0.0044607,-0.0044607,0.026514,0.4,1,0.13158
6.6157,2.1261,0.019375,1.1645,0.0035076,0.0034285,0.0034285,0.0033513,0.5,1,0.10526
6.6157,2.3261,3.4785,0.96126,0.023212,0.0061748,0.0061748,0.0041824,0.57143,1,0.18421
6.6157,2.5261,0.03347,0.86142,0.011837,-0.0059068,-0.0059068,0.0034289,0.33333,1,0.23684
6.6157,2.5261,3.7137,1.1002,0.00058661,-0.0020074,-0.0020074,0.0068691,0.22222,1,0.23684
6.6157,2.7261,3.5773,1.0297,0.0078576,0.010142,0.010142,0.013275,0.3,1,0.26316
6.6157,2.7261,0.1676,1.031,0.036455,0.020292,0.020292,0.036102,0.6,1,0.26316
6.8157,-0.87395,0.02273,0.66907,0.031381,-0.038869,-0.038869,0.088847,0.83333,1,0.15789
6.8157,-0.27395,0.28267,0.68823,0.016147,0.0014219,0.0014219,0.00012522,0.4,1,0.13158
6.8157,0.12605,2.9963,1.1436,0.15466,0.062523,0.062523,0.035149,0.6,1,0.26316
6.8157,0.52605,3.7837,1.0418,2.5458,0.30414,0.30414,0.085826,1,1,0.21053
6.8157,0.72605,5.4972,1.2121,5.1074,0.29853,0.29853,0.025812,1,1,0.21053
6.8157,1.5261,3.6222,1.1329,0.014431,0.0046684,0.0046684,0.010354,0.625,1,0.21053
6.8157,2.7261,0.1537,0.92828,0.033785,0.014989,0.014989,0.056262,0.7,1,0.26316
6.8157,2.9261,0.13288,1.1858,0.0017571,0.0017423,0.0017423,0.0083092,0.23077,1,0.34211
6.8157,3.1261,3.1765,0.35146,0.0088375,0.030728,0.030728,0.10802,0.7,1,0.26316
7.0157,-0.87395,0.020255,0.51845,0.042898,-0.031412,-0.031412,0.089442,0.8,1,0.13158
7.0157,-0.07395,0.3535,0.71966,0.0031629,-0.0011383,-0.0011383,0.00040966,0.33333,1,0.15789
7.0157,0.32605,3.6883,1.038,2.5398,0.14466,0.14466,0.029682,1,1,0.21053
7.0157,0.52605,4.015,1.1811,1.4983,0.024271,0.024271,0.01455,1,1,0.21053
7.0157,0.72605,3.3008,1.2154,0.12206,0.031376,0.031376,0.018714,0.8,1,0.13158
7.0157,1.5261,3.6222,1.1329,0.014431,0.0046684,0.0046684,0.010354,0.625,1,0.21053
7.0157,1.7261,3.7925,1.0966,0.00016752,0.0005306,0.0005306,0.029531,0.6,1,0.13158
7.0157,2.5261,0.21685,0.89551,0.010342,0.0137,0.0137,0.053899,0.625,1,0.21053
7.0157,2.7261,3.4519,1.0789,0.016977,-0.0065983,-0.0065983,0.0080662,0.36364,1,0.28947
7.0157,2.9261,0.20451,1.1813,0.014295,0.0061566,0.0061566,0.0052527,0.25,1,0.42105
7.0157,3.1261,3.1752,0.36397,0.0068386,0.026045,0.026045,0.099217,0.5,1,0.31579
7.2157,-0.87395,6.0777,0.70772,0.013592,0.015495,0.015495,0.076556,0.66667,1,0.15789
7.2157,-0.47395,4.7138,1.1762,2.5772,0.13477,0.13477,0.02544,1,1,0.10526
7.2157,-0.27395,2.7913,0.93188,0.042632,0.00027033,0.00027033,0.0028628,0.5,1,0.15789
7.2157,0.12605,0.0089367,1.123,0.00033436,0.0011344,0.0011344,0.00415,0.42857,1,0.18421
7.2157,0.32605,1.9313,1.133,2.3866,0.05673,0.05673,0.01236,1,1,0.18421
7.2157,1.5261,0.62905,1.1776,0.032341,-0.010358,-0.010358,0.0033172,0.5,1,0.10526
7.2157,1.7261,3.5989,0.90799,0.036066,0.017269,0.017269,0.092914,0.75,1,0.21053
7.2157,1.9261,3.6088,0.87039,0.010128,0.040866,0.040866,0.16639,0.5,1,0.15789
7.2157,2.1261,4.5905,1.1977,1.5376,0.04456,0.04456,0.0019992,0.75,1,0.10526
7.2157,2.3261,3.7072,0.96018,0.0039939,0.0042362,0.0042362,0.013864,0.8,1,0.13158
7.2157,2.7261,0.22875,0.8229,0.023944,0.024134,0.024134,0.10412,0.58333,1,0.31579
7.2157,2.7261,3.2563,0.94535,0.012543,-0.00082844,-0.00082844,0.00011466,0.25,1,0.31579
7.2157,2.9261,0.34705,0.82066,0.002128,-0.0056339,-0.0056339,0.014916,0.15385,1,0.34211
7.2157,2.9261,3.2234,0.75073,0.10529,0.097316,0.097316,0.15999,0.61538,1,0.34211
7.2157,3.1261,3.0077,0.089193,0.1683,0.0066498,0.0066498,0.0015651,0.5,1,0.15789
7.4157,0.12605,2.9944,1.085,0.038342,-0.0067332,-0.0067332,0.0086628,0.66667,1,0.15789
7.4157,0.52605,3.7203,1.0631,3.2701,0.15052,0.15052,0.0086032,1,1,0.18421
7.4157,0.72605,4.1508,1.1598,1.4885,0.07122,0.07122,0.018011,1,1,0.18421
7.4157,1.5261,2.0985,1.1408,2.6711,-0.05399,-0.05399,0.0132,1,1,0.15789
7.4157,1.7261,0.66016,1.1255,0.012817,-0.0059524,-0.0059524,0.010328,0.57143,1,0.18421
7.4157,1.9261,3.5516,0.99781,0.04225,0.0084205,0.0084205,0.019728,0.75,1,0.21053
7.4157,2.1261,3.5873,1.0098,0.018164,0.012805,0.012805,0.024776,0.71429,1,0.18421
7.4157,2.7261,0.05015,0.46031,0.0021499,0.00451,0.00451,0.009461,0.26667,1,0.39474
7.4157,2.7261,3.5417,0.54503,0.10223,-0.068953,-0.068953,0.099109,0.46667,1,0.39474
7.4157,2.9261,3.2732,0.91937,0.020753,-0.0045361,-0.0045361,0.0017219,0.44444,1,0.23684
7.4157,3.1261,3.4382,0.70955,0.023613,-0.02565,-0.02565,0.04765,0.8,1,0.13158
7.6157,-1.0739,6.1863,0.65492,0.011194,-0.01555,-0.01555,0.082821,1,1,0.13158
7.6157,-0.27395,2.8294,0.9014,0.031102,-0.011526,-0.011526,0.0050081,0.5,1,0.15789
7.6157,0.12605,3.0405,1.0639,0.036669,-0.0040233,-0.0040233,0.0024058,0.625,1,0.21053
7.6157,0.72605,2.8146,1.0284,1.3158,0.06416,0.06416,0.025526,1,1,0.13158
7.6157,1.9261,3.5452,0.82354,0.038434,0.013179,0.013179,0.0052699,0.5,1,0.21053
7.6157,2.1261,3.5491,0.98754,0.041255,0.021267,0.021267,0.018427,0.5,1,0.21053
7.6157,2.5261,3.7776,0.52286,0.024432,-0.020206,-0.020206,0.14596,0.83333,1,0.15789
7.6157,2.7261,0.077642,0.72302,0.011348,0.026208,0.026208,0.11216,0.57143,1,0.36842
7.6157,2.7261,3.2887,0.60256,0.0086975,0.012897,0.012897,0.019797,0.28571,1,0.36842
7.6157,2.9261,2.1513,0.79485,3.4778,-0.38411,-0.38411,0.081087,1,1,0.34211
7.6157,3.1261,2.6206,0.38609,1.5015,-0.28031,-0.28031,0.13736,1,1,0.28947
7.6157,3.3261,2.2562,0.28602,8.4486,-0.86808,-0.86808,0.10762,1,1,0.34211
7.8157,-1.0739,6.1152,0.63967,0.0089131,0.0043319,0.0043319,0.10479,0.66667,1,0.15789
7.8157,-0.47395,2.9048,0.88555,0.019115,0.011419,0.011419,0.017266,0.57143,1,0.18421
7.8157,0.12605,3.0282,0.97406,0.00050805,-0.0037079,-0.0037079,0.027062,0.28571,1,0.18421
7.8157,1.7261,3.6134,1.0743,0.010703,0.0055447,0.0055447,0.0028724,0.5,1,0.10526
7.8157,1.9261,3.6848,0.8695,0.051795,-0.012045,-0.012045,0.033928,0.7,1,0.26316
7.8157,2.1261,3.7118,0.86283,0.056181,-0.010979,-0.010979,0.037613,0.5,1,0.31579
7.8157,2.7261,3.4227,0.37782,0.048928,-0.019026,-0.019026,0.0074941,0.5,1,0.21053
7.8157,2.9261,3.3028,0.6161,0.0077485,0.011079,0.011079,0.016571,0.5,1,0.26316
7.8157,3.1261,5.0126,0.33014,2.4772,0.26748,0.26748,0.13432,1,1,0.39474
8.0157,-0.87395,2.9759,0.83523,0.019335,0.0041766,0.0041766,0.00091355,0.5,1,0.15789
8.0157,-0.47395,2.8813,0.7238,0.0066203,-0.012439,-0.012439,0.034359,0.71429,1,0.18421
8.0157,-0.27395,0.03982,1.076,0.00070756,-0.0023216,-0.0023216,0.0076178,0.5,1,0.10526
8.0157,0.12605,3.6649,0.90264,4.4527,0.10139,0.10139,0.0049451,1,1,0.15789
8.0157,0.32605,3.0024,0.81372,0.036348,-0.0007523,-0.0007523,0.0039106,0.66667,1,0.15789
8.0157,1.9261,3.7685,0.81312,0.023584,0.0049525,0.0049525,0.022227,0.5,1,0.15789
8.0157,2.1261,3.8618,0.72522,0.080927,-0.039331,-0.039331,0.039076,0.6,1,0.26316
8.0157,2.3261,3.8233,0.68088,0.10227,-0.049662,-0.049662,0.05647,0.44444,1,0.23684
8.0157,2.3261,0.94853,0.47331,0.022623,-0.0016455,-0.0016455,0.00011968,0.22222,1,0.23684
8.0157,2.5261,0.64285,0.50275,3.1393,0.41368,0.41368,0.10269,1,1,0.31579
8.0157,2.7261,1.0018,0.51971,15,-1.1804,-1.1804,0.10349,1,1,0.31579
8.0157,2.9261,2.9902,0.43774,3.964,-0.56228,-0.56228,0.11156,1,1,0.42105
8.0157,3.1261,0.14821,0.92464,0.015494,0.0076115,0.0076115,0.0038698,0.33333,1,0.23684
8.2157,-1.0739,0.22861,0.80986,4.3488,-0.33942,-0.33942,0.032224,1,1,0.10526
8.2157,-0.87395,3.4448,0.48275,0.020567,0.031917,0.031917,0.066898,0.625,1,0.21053
8.2157,-0.67395,2.9628,0.55471,0.0035964,-0.0080744,-0.0080744,0.018128,0.2,1,0.26316
8.2157,-0.67395,6.17,0.74956,0.0014927,-0.0028271,-0.0028271,0.012693,0.3,1,0.26316
8.2157,0.12605,6.1519,0.89255,0.011295,-0.003174,-0.003174,0.0059291,0.5,1,0.26316
8.2157,2.1261,0.057307,0.17634,0.0031374,0.0010897,0.0010897,0.00037849,0.23077,1,0.34211
8.2157,2.1261,3.673,0.6971,0.11482,-0.022472,-0.022472,0.03841,0.46154,1,0.34211
8.2157,2.3261,3.4337,0.67085,1.9094,-0.38012,-0.38012,0.11414,1,1,0.18421
8.2157,2.5261,0.92201,0.32471,0.037034,0.027809,0.027809,0.023103,0.42857,1,0.18421
8.2157,2.9261,2.8085,0.27316,3.1171,-0.25564,-0.25564,0.064944,1,1,0.57895
8.4157,-1.0739,3.3058,0.1596,0.036022,0.0093362,0.0093362,0.0027745,0.55556,1,0.23684
8.4157,-0.87395,3.2317,0.29481,0.10876,0.035636,0.035636,0.056026,0.6875,1,0.42105
8.4157,-0.67395,1.5362,0.43807,2.5548,-0.16733,-0.16733,0.024247,1,1,0.23684
8.4157,-0.47395,0.28249,0.63639,0.33991,-0.2318,-0.2318,0.21546,0.83333,1,0.15789
8.4157,-0.07395,4.7307,0.70138,2.1476,0.29199,0.29199,0.085887,1,1,0.21053
8.4157,0.12605,6.0585,0.83596,0.007867,0.0026987,0.0026987,0.010862,0.41667,1,0.31579
8.4157,0.12605,2.9346,0.51994,0.10049,0.030191,0.030191,0.0092029,0.33333,1,0.31579
8.4157,0.32605,2.9576,0.52863,0.13187,0.039455,0.039455,0.011968,0.6,1,0.13158
8.4157,1.1261,3.6382,0.64425,0.038785,0.034059,0.034059,0.032779,0.66667,1,0.15789
8.4157,1.3261,3.752,0.27977,0.00067003,-0.00080308,-0.00080308,0.00096255,0.4,1,0.13158
8.4157,2.1261,5.2913,0.35593,1.9131,0.086987,0.086987,0.12566,1,1,0.42105
8.4157,2.7261,3.2952,0.52552,0.017542,0.011516,0.011516,0.0075604,0.5,1,0.15789
8.6157,-1.0739,3.7107,0.11843,1.4997,0.034537,0.034537,0.0065257,0.94737,1,0.5
8.6157,-0.87395,3.9758,0.21573,2.6789,0.21158,0.21158,0.056808,1,1,0.65789
8.6157,-0.67395,5.8902,0.15643,1.4344,0.037723,0.037723,0.010617,0.62887,1,0.42105
8.6157,-0.67395,2.3055,0.43229,1.136,-0.038746,-0.038746,0.0028124,0.37113,1,0.42105
8.6157,-0.47395,6.108,0.20824,2.5068,0.18949,0.18949,0.021411,0.81818,1,0.28947
8.6157,-0.27395,1.6341,0.8775,4.1519,-0.55176,-0.55176,0.083579,1,1,0.21053
8.6157,0.12605,2.5234,0.41861,0.0045758,0.0029979,0.0029979,0.02427,0.29412,1,0.44737
8.6157,0.12605,5.9703,0.73938,0.0057836,-0.0032683,-0.0032683,0.0039749,0.35294,1,0.44737
8.6157,0.32605,2.765,0.53489,0.11078,0.019318,0.019318,0.014115,0.66667,1,0.23684
8.6157,1.1261,3.4378,0.52526,0.0081903,0.010604,0.010604,0.01373,0.5,1,0.10526
8.6157,1.3261,3.5486,0.34101,0.13591,-0.00028642,-0.00028642,0.039008,1,1,0.23684
8.6157,2.1261,5.6643,0.12366,0.60792,0.037162,0.037162,0.0022717,0.55556,1,0.23684
8.6157,2.7261,1.8272,0.9484,1.0789,0.042197,0.042197,0.0016504,0.33333,1,0.15789
8.6157,2.9261,0.067753,0.14071,0.017098,-0.005602,-0.005602,0.0018354,0.53846,1,0.34211
8.8157,-0.87395,4.208,0.25198,3.5107,0.23049,0.23049,0.078434,1,1,0.5
8.8157,-0.67395,3.9397,0.34742,4.1446,-0.61909,-0.61909,0.11989,1,1,0.42105
8.8157,-0.47395,3.4423,0.34134,3.528,-0.42508,-0.42508,0.061526,1,1,0.21053
8.8157,-0.27395,1.6785,0.51741,3.0553,-0.29216,-0.29216,0.078458,1,1,0.36842
8.8157,-0.07395,0.5577,0.53579,1.7134,-0.023755,-0.023755,0.053174,1,1,0.39474
8.8157,0.12605,0.80733,0.28237,1.6059,0.12485,0.12485,0.064183,1,1,0.47368
8.8157,0.32605,4.2759,0.3255,4.8506,-0.64644,-0.64644,0.097984,1,1,0.42105
8.8157,1.3261,3.1012,0.21542,1.5718,-0.0073028,-0.0073028,0.043254,1,1,0.52632
8.8157,1.5261,3.795,0.048003,0.14951,-0.00058831,-0.00058831,0.00049256,0.4348,1,0.47368
8.8157,1.5261,1.3592,0.21136,2.2561,0.040276,0.040276,0.011023,0.5652,1,0.47368
8.8157,2.3261,0.35129,0.85043,0.029618,-0.013631,-0.013631,0.016627,0.6,1,0.13158
8.8157,2.5261,2.2197,0.33175,2.0553,-0.19768,-0.19768,0.11419,1,1,0.36842
8.8157,2.7261,4.5768,0.32401,4.2301,0.52458,0.52458,0.1023,1,1,0.28947
8.8157,2.9261,0.36558,0.20641,2.3504,-0.11188,-0.11188,0.020322,1,1,0.26316
9.0157,-0.67395,2.3094,0.27291,10.598,1.1374,1.1374,0.12594,1,1,0.42105
9.0157,-0.47395,4.1449,0.32855,1.2489,0.17283,0.17283,0.12274,1,1,0.34211
9.0157,-0.27395,4.6834,0.29633,2.1991,0.20019,0.20019,0.064378,1,1,0.84211
9.0157,-0.07395,5.4877,0.27299,2.3626,0.16519,0.16519,0.065421,1,1,0.65789
9.0157,0.12605,6.0638,0.23185,0.033501,-0.016643,-0.016643,0.057671,0.78571,1,0.36842
9.0157,1.3261,3.7073,0.048843,0.25102,-0.0084678,-0.0084678,0.0017099,0.41769,1,0.36842
9.0157,1.3261,1.7769,0.30592,2.1555,0.17856,0.17856,0.03242,0.58231,1,0.36842
9.0157,1.5261,1.1942,0.29165,5.0844,-0.24777,-0.24777,0.015693,1,1,0.23684
9.0157,2.3261,3.1097,0.20035,10.092,-0.68565,-0.68565,0.055084,1,1,0.36842
9.0157,2.5261,0.64392,0.70839,1.4764,0.049526,0.049526,0.057503,0.1425,1,0.76316
9.0157,2.5261,4.1989,0.1127,5.9885,0.1135,0.1135,0.0042326,0.8575,1,0.76316
9.0157,2.7261,1.7687,0.18436,2.9191,-0.19153,-0.19153,0.025901,1,1,0.36842
9.2157,-0.67395,1.6858,0.19176,3.5239,0.36406,0.36406,0.054116,1,1,0.31579
9.2157,-0.47395,3.4182,0.08978,0.089205,-0.011594,-0.011594,0.001507,0.28571,1,0.18421
9.2157,-0.27395,4.7041,0.18292,1.9398,0.09713,0.09713,0.032978,1,1,0.57895
9.2157,-0.07395,5.9694,0.12173,0.00017043,-0.00017481,-0.00017481,0.00017929,0.125,1,0.42105
9.2157,2.3261,5.0951,0.15136,2.9695,0.064583,0.064583,0.014069,1,1,0.39474
9.2157,2.5261,5.9341,0.17366,0.59173,0.024144,0.024144,0.023045,0.76061,1,0.65789
9.2157,2.5261,2.5673,0.11714,0.17934,0.017909,0.017909,0.0033181,0.23939,1,0.65789
9.4157,-0.67395,2.0157,0.14143,1.0056,-0.054708,-0.054708,0.0044589,0.8,1,0.13158
9.4157,2.3261,5.4547,0.13708,1.9118,0.022914,0.022914,0.0020246,1,1,0.15789
