-7.5,531,3.0781,4.1105,1.3531,-0.90061,-0.90061,3.1557,1,1,0.15748
-7.5,551,5.1,3.0945,10.802,6.9774,6.9774,4.6238,0.96667,1,0.23622
-7.5,571,5.9322,3.6899,8.4758,5.5198,5.5198,3.7164,0.93333,1,0.23622
-7.5,591,6.1046,3.8266,8.3746,5.326,5.326,3.5104,0.73789,1,0.31496
-7.5,591,0.069613,6.5876,0.0093072,0.077249,0.077249,0.79009,0.26211,1,0.31496
-7.5,611,0.053888,6.3461,0.0059226,0.054298,0.054298,0.59245,0.775,1,0.31496
-7.5,631,0.045199,6.2611,0.0073925,0.063598,0.063598,0.59701,1,1,0.23622
-7.5,651,0.012791,5.959,0.0069738,0.058638,0.058638,0.53451,0.84792,1,0.23622
-7.5,651,0.1355,7.2085,0.00053111,0.0066166,0.0066166,0.085401,0.15208,1,0.23622
-7.5,671,0.041635,6.404,0.0058912,0.020301,0.020301,0.50609,1,1,0.15748
12.5,511,0.12926,6.9646,0.030707,-0.17375,-0.17375,8.9901,0.52381,1,0.16535
12.5,511,3.0811,3.8988,0.0043277,-0.042461,-0.042461,1.2918,0.47619,1,0.16535
12.5,531,3.119,3.9243,0.006839,-0.037479,-0.037479,1.8611,0.65625,1,0.25197
12.5,551,3.1953,3.7948,2.1895,-1.6589,-1.6589,4.486,1,1,0.25197
12.5,571,5.3671,3.2952,11.746,7.4973,7.4973,4.9074,1,1,0.29921
12.5,591,2.1613,5.1819,6.3367,-3.3416,-3.3416,2.7257,1,1,0.23622
12.5,611,0.066857,6.4181,0.0079164,0.072887,0.072887,0.74556,0.67403,1,0.24409
12.5,611,0.44885,4.1922,6.083,3.7631,3.7631,2.5168,0.32597,1,0.24409
12.5,631,0.040487,6.2042,0.0069207,0.063973,0.063973,0.64391,0.94444,1,0.28346
12.5,651,0.031243,6.2485,0.0080594,0.053743,0.053743,0.72595,1,1,0.25197
12.5,671,0.043738,6.3134,0.0085643,0.035213,0.035213,0.65072,1,1,0.23622
12.5,691,0.046044,6.6203,0.0045606,-0.024197,-0.024197,0.32215,1,1,0.07874
32.5,491,0.14218,7.311,0.03194,-0.24038,-0.24038,8.5688,1,1,0.07874
32.5,511,0.16608,6.6101,0.040597,-0.19218,-0.19218,7.7106,0.71429,1,0.27559
32.5,511,3.1452,3.7854,0.0065426,-0.052809,-0.052809,2.3263,0.28571,1,0.27559
32.5,531,3.1132,3.8421,0.0064623,-0.049452,-0.049452,1.8123,0.55556,1,0.28346
32.5,531,0.12943,6.5764,0.031429,-0.12782,-0.12782,7.1701,0.44444,1,0.28346
32.5,551,3.1482,3.9333,0.0062268,-0.060105,-0.060105,2.3418,0.66667,1,0.35433
32.5,571,3.7881,5.047,1.5687,1.2991,1.2991,5.9726,1,1,0.14173
32.5,591,3.8579,5.5439,1.0911,0.6146,0.6146,7.6516,1,1,0.22047
32.5,611,0.087516,6.5912,0.0064232,0.069061,0.069061,0.79466,0.63158,1,0.14961
32.5,631,0.023576,8.3364,0.10065,-0.26113,-0.26113,21.373,1,1,0.13386
32.5,651,0.049246,6.1762,0.01083,0.024908,0.024908,0.51142,0.93023,1,0.33858
32.5,671,0.030849,6.3855,0.0092146,-0.0059617,-0.0059617,0.25949,1,1,0.24409
32.5,691,0.048947,5.9645,0.0055071,-0.012253,-0.012253,0.06866,0.7,1,0.07874
32.5,691,0.114,7.025,0.0055207,-0.018144,-0.018144,0.062376,0.3,1,0.07874
52.5,491,5.3645,6.5984,0.00062605,-0.0054107,-0.0054107,0.046772,0.5,1,0.15748
52.5,511,6.2666,7.3906,0.14239,-0.14853,-0.14853,7.1074,1,1,0.25197
52.5,531,0.19438,6.8521,0.043374,-0.25463,-0.25463,8.1754,0.42857,1,0.27559
52.5,531,3.159,3.7123,0.0056546,-0.066442,-0.066442,2.2749,0.57143,1,0.27559
52.5,551,3.143,4.6836,0.005667,-0.16254,-0.16254,6.098,0.70833,1,0.18898
52.5,571,3.5145,5.8107,0.8357,0.58369,0.58369,6.4025,1,1,0.33858
52.5,591,3.9781,6.5239,0.31555,0.33033,0.33033,10.339,0.48002,1,0.19685
52.5,591,0.025162,11.25,0.014014,-0.061857,-0.061857,2.7194,0.51998,1,0.19685
52.5,611,5.1079,8.3706,1.574,2.4232,2.4232,10.922,0.90477,1,0.16535
52.5,611,3.847,6.237,0.008464,0.18299,0.18299,3.9562,0.095234,1,0.16535
52.5,631,0.074074,7.8326,0.026768,-0.090615,-0.090615,10.65,1,1,0.24409
52.5,651,0.021316,8.534,0.014562,-0.15523,-0.15523,36.548,1,1,0.28346
52.5,671,0.020594,6.6881,0.013586,-0.052461,-0.052461,2.4925,0.95349,1,0.33858
52.5,691,6.2643,6.2922,0.013392,-0.00027814,-0.00027814,0.090027,1,1,0.07874
52.5,811,3.0893,10.049,0.0026014,-0.0027466,-0.0027466,0.0033787,0.78571,1,0.11024
52.5,831,3.0529,10.067,0.0030939,-0.0031396,-0.0031396,0.0035576,0.90909,1,0.086614
72.5,491,5.3459,6.5729,0.0019447,0.012114,0.012114,0.23134,0.73333,1,0.23622
72.5,511,5.9293,7.5386,0.26401,0.2039,0.2039,5.5676,1,1,0.25197
72.5,531,5.8773,8.4714,0.13096,0.6509,0.6509,4.4559,0.85714,1,0.16535
72.5,551,3.0285,5.4626,0.040899,-0.21211,-0.21211,6.3406,0.85714,1,0.27559
72.5,571,2.8615,6.8595,0.020485,0.042522,0.042522,5.8644,0.58333,1,0.18898
72.5,571,0.032707,11.425,0.017972,-0.086141,-0.086141,3.1357,0.41667,1,0.18898
72.5,591,0.037463,11.175,0.014981,-0.06946,-0.06946,2.5985,0.31817,1,0.34646
72.5,591,3.3855,6.2592,0.47622,0.1684,0.1684,4.8845,0.68183,1,0.34646
72.5,611,0.057396,11.051,0.016179,-0.10837,-0.10837,3.3212,1,1,0.12598
72.5,631,0.10151,10.757,0.014761,-0.19194,-0.19194,45.578,1,1,0.1811
72.5,651,0.015094,10.091,0.020389,-0.24123,-0.24123,56.955,1,1,0.29134
72.5,671,6.277,10.777,0.015826,-0.0048804,-0.0048804,59.255,1,1,0.24409
72.5,691,6.2327,11.679,0.020414,-0.35667,-0.35667,66.66,1,1,0.07874
72.5,771,3.088,10.04,0.014859,-0.014491,-0.014491,0.014335,1,1,0.07874
72.5,791,3.0798,10.052,0.0071732,-0.0069091,-0.0069091,0.0070671,1,1,0.25197
72.5,811,3.078,10.051,0.0067334,-0.0065186,-0.0065186,0.0067448,0.89189,1,0.29134
72.5,831,3.0714,10.057,0.0029556,-0.0031208,-0.0031208,0.0039451,0.90909,1,0.25984
92.5,371,0.038857,10.477,0.0081127,0.05302,0.05302,1.5703,1,1,0.094488
92.5,391,0.0027224,10.409,0.012786,0.086262,0.086262,2.5766,1,1,0.11024
92.5,411,0.0881,11.051,0.0021173,0.025523,0.025523,0.84909,1,1,0.07874
92.5,511,5.5996,7.4269,0.11178,0.3892,0.3892,2.0739,1,1,0.20472
92.5,531,5.3593,7.4518,1.2684,1.7902,1.7902,3.8609,1,1,0.12598
92.5,551,3.6213,5.8471,0.95811,0.73313,0.73313,1.8432,0.8,1,0.15748
92.5,551,6.1512,7.7366,0.052286,0.10434,0.10434,0.20821,0.2,1,0.15748
92.5,571,3.1018,6.4308,0.21547,0.054405,0.054405,2.7678,1,1,0.2126
92.5,591,3.3389,5.6385,0.20021,-0.097134,-0.097134,0.95835,0.55556,1,0.28346
92.5,591,0.021649,11.491,0.01585,-0.22596,-0.22596,16.585,0.44444,1,0.28346
92.5,611,0.04935,8.5495,0.0073063,0.081355,0.081355,0.90588,0.25,1,0.12598
92.5,611,3.1874,6.5346,0.34316,0.10395,0.10395,0.24806,0.625,1,0.12598
92.5,631,0.071009,10.535,0.048211,-0.35671,-0.35671,21.906,1,1,0.15748
92.5,651,0.032937,14.698,0.0113,0.0062649,0.0062649,78.584,1,1,0.29134
92.5,671,0.0045864,11.487,0.012505,-0.053305,-0.053305,79.404,1,1,0.23622
92.5,691,0.060026,14.433,0.0078736,0.076033,0.076033,82.595,1,1,0.07874
92.5,791,3.0756,10.055,0.0077281,-0.0072555,-0.0072555,0.0070988,1,1,0.25197
92.5,811,3.0769,10.054,0.0054876,-0.00484,-0.00484,0.0049521,0.93617,1,0.37008
92.5,831,3.0839,10.045,0.0038154,-0.0036317,-0.0036317,0.0040315,0.90909,1,0.25984
112.5,351,0.065163,10.958,0.0038654,-0.011076,-0.011076,0.49264,1,1,0.07874
112.5,371,0.064022,11.011,0.0054278,0.0095224,0.0095224,0.83122,1,1,0.25197
112.5,391,0.053404,10.929,0.005942,0.023597,0.023597,1.1666,0.97143,1,0.27559
112.5,411,0.058509,11.181,0.0040943,0.00088253,0.00088253,0.73114,0.96774,1,0.24409
112.5,431,0.0881,11.051,0.0021173,0.025523,0.025523,0.84909,0.5,1,0.15748
112.5,431,5.059,8.413,0.0088514,-0.039835,-0.039835,0.89409,0.5,1,0.15748
112.5,451,5.3634,6.608,0.00058224,-0.0049932,-0.0049932,0.042824,0.5,1,0.15748
112.5,451,5.039,9.1544,0.000314,-0.0068246,-0.0068246,0.16804,0.2,1,0.15748
112.5,511,5.3653,6.5925,0.00038467,-0.0033431,-0.0033431,0.029057,0.73684,1,0.14961
112.5,531,6.096,8.0479,0.052296,0.011799,0.011799,0.017062,0.46667,1,0.11811
112.5,551,3.3201,5.3625,0.072425,0.17223,0.17223,1.2085,0.8,1,0.19685
112.5,591,3.7788,6.2838,1.1505,1.2649,1.2649,3.2743,0.92308,1,0.20472
112.5,611,0.064353,7.6604,0.1244,-0.48277,-0.48277,2.1097,0.55556,1,0.2126
112.5,631,0.036959,13.729,0.036417,-0.31371,-0.31371,58.571,1,1,0.24409
112.5,651,0.020609,13.211,0.0074353,0.096377,0.096377,76.144,1,1,0.28346
112.5,671,0.053927,13.838,0.017167,-0.026427,-0.026427,89.775,1,1,0.32283
112.5,691,0.0042259,8.3493,0.0031189,-0.033135,-0.033135,70.397,1,1,0.07874
112.5,791,3.0693,10.05,0.0058828,-0.0034443,-0.0034443,0.046577,1,1,0.33071
112.5,811,3.0878,10.046,0.0069153,-0.005617,-0.005617,0.0049332,0.91667,1,0.28346
112.5,831,3.0942,9.9353,0.0059932,-0.011823,-0.011823,0.25262,0.92857,1,0.33071
132.5,351,0.092863,11.141,0.0052766,0.03529,0.03529,0.42682,0.5,1,0.15748
132.5,351,5.0659,8.2156,0.0051317,0.0096562,0.0096562,0.10512,0.5,1,0.15748
132.5,371,0.079013,11.05,0.0047629,0.013374,0.013374,0.4681,0.66667,1,0.23622
132.5,371,5.0581,8.3011,0.0092113,0.0015495,0.0015495,0.088568,0.33333,1,0.23622
132.5,391,0.058017,11.299,0.0048669,0.0037741,0.0037741,0.7986,0.97778,1,0.35433
132.5,411,0.068367,11.057,0.003086,0.007134,0.007134,0.78315,0.67742,1,0.24409
132.5,411,5.059,8.413,0.0088514,-0.039835,-0.039835,0.89409,0.32258,1,0.24409
132.5,431,5.0365,8.4357,0.010254,-0.020185,-0.020185,0.80775,0.67742,1,0.24409
132.5,431,0.040581,11.157,0.0025536,-4.631e-05,-4.631e-05,0.69618,0.32258,1,0.24409
132.5,451,5.1417,7.8526,0.031378,-0.15095,-0.15095,1.2995,1,1,0.25984
132.5,471,5.3685,6.5636,0.00043825,-0.0037724,-0.0037724,0.032475,0.45454,1,0.34646
132.5,471,5.0471,8.4234,0.0097167,-0.00053829,-0.00053829,0.93614,0.54546,1,0.34646
132.5,511,6.0178,8.7026,0.084454,0.24807,0.24807,0.87534,1,1,0.13386
132.5,531,6.1533,8.8004,0.0079134,0.036817,0.036817,0.50796,0.61538,1,0.20472
132.5,531,3.2956,5.4465,0.06569,0.13772,0.13772,0.96491,0.38462,1,0.20472
132.5,551,3.3086,5.2447,0.064539,0.1108,0.1108,1.0169,0.46154,1,0.20472
132.5,551,6.2493,9.3746,0.010006,0.031392,0.031392,0.66006,0.53846,1,0.20472
132.5,571,3.3025,5.1506,0.062538,0.032512,0.032512,1.1389,0.75758,1,0.25984
132.5,571,5.7877,9.1404,0.0021384,0.0042775,0.0042775,2.6221,0.24242,1,0.25984
132.5,591,6.0471,8.3255,0.17405,-0.53265,-0.53265,3.4289,0.475,1,0.31496
132.5,591,3.3463,4.8671,0.03984,-0.058485,-0.058485,0.29752,0.5,1,0.31496
132.5,611,6.1552,8.3396,0.16648,-0.65746,-0.65746,3.4226,0.71429,1,0.16535
132.5,611,3.362,5.4898,0.001898,0.0054605,0.0054605,0.01682,0.14286,1,0.16535
132.5,631,0.060444,11.201,0.036131,-0.26203,-0.26203,23.575,1,1,0.30709
132.5,651,0.093439,13.706,0.031128,-0.57386,-0.57386,68.333,1,1,0.38583
132.5,671,0.13981,10.526,0.035655,-0.32303,-0.32303,59.569,1,1,0.27559
132.5,691,0.13336,14.301,0.035879,-0.6731,-0.6731,78.752,0.90909,1,0.086614
132.5,771,3.0721,10.012,0.0025365,0.0039201,0.0039201,0.17726,1,1,0.07874
132.5,791,3.0805,9.8237,0.0039245,-0.013991,-0.013991,0.37706,1,1,0.25984
132.5,811,3.0905,9.6657,0.0065976,-0.024316,-0.024316,0.54219,0.93617,1,0.37008
132.5,831,3.1118,9.6711,0.0040664,-0.017035,-0.017035,0.66442,0.90909,1,0.25984
152.5,111,1.692,8.3314,0.0001,0.0007085,0.0007085,0.0050197,0.19999,1,0.07874
152.5,111,1.713,9.1485,0.011861,0.034706,0.034706,1.6007,0.80001,1,0.07874
152.5,131,1.6453,8.9511,0.010673,0.041096,0.041096,1.3485,1,1,0.07874
152.5,151,1.654,9.7223,0.00018067,0.0069254,0.0069254,0.35616,0.3,1,0.07874
152.5,211,1.6456,9.5756,0.020286,0.15238,0.15238,6.6487,1,1,0.07874
152.5,231,1.6056,6.9779,0.01769,0.062208,0.062208,0.43003,0.6243,1,0.07874
152.5,231,1.6615,7.9316,0.0041512,-0.0084023,-0.0084023,0.019286,0.3757,1,0.07874
152.5,251,1.7123,9.1074,0.023383,0.094533,0.094533,0.70472,1,1,0.07874
152.5,271,1.6928,9.1354,0.025504,0.077767,0.077767,0.83298,0.92308,1,0.10236
152.5,331,5.0659,8.2156,0.0051317,0.0096562,0.0096562,0.10512,0.76923,1,0.10236
152.5,351,5.0726,8.2338,0.0065128,0.0049645,0.0049645,0.089391,0.90909,1,0.25984
152.5,371,5.062,8.2583,0.0071867,0.0054359,0.0054359,0.098674,0.47619,1,0.33071
152.5,371,0.068222,11.399,0.004649,0.014105,0.014105,0.86763,0.47619,1,0.33071
152.5,391,0.078296,11.367,0.0051298,-0.020813,-0.020813,1.2679,0.51852,1,0.2126
152.5,391,5.0571,8.2371,0.010736,0.0018984,0.0018984,0.090998,0.48148,1,0.2126
152.5,411,5.0949,8.1547,0.018782,-0.016209,-0.016209,0.12616,0.14815,1,0.2126
152.5,411,0.058829,11.33,0.0042555,-0.0061015,-0.0061015,1.0238,0.85185,1,0.2126
152.5,431,5.0656,8.5714,0.012093,0.0022047,0.0022047,0.66366,1,1,0.18898
152.5,451,5.0489,8.4247,0.0092618,0.011432,0.011432,0.9211,1,1,0.27559
152.5,471,5.2096,7.4899,0.026597,-0.12637,-0.12637,1.2956,1,1,0.33858
152.5,491,5.2117,7.497,0.025973,-0.13793,-0.13793,1.5795,0.66667,1,0.23622
152.5,491,6.1495,9.1092,0.0092305,0.034412,0.034412,0.16194,0.33333,1,0.23622
152.5,511,5.9146,8.3104,0.13548,0.43955,0.43955,1.6162,1,1,0.25984
152.5,531,6.1834,9.2523,0.011223,0.050991,0.050991,0.47405,1,1,0.27559
152.5,551,6.1432,9.255,0.030347,0.059986,0.059986,0.88075,0.46667,1,0.47244
152.5,551,3.2082,4.8454,0.047621,0.075497,0.075497,1.1549,0.53333,1,0.47244
152.5,571,3.1916,4.7821,0.029076,0.0024311,0.0024311,0.94586,0.55769,1,0.40945
152.5,571,5.9881,9.1506,0.069838,0.1354,0.1354,2.4831,0.44231,1,0.40945
152.5,591,3.2022,4.5284,0.03525,0.024034,0.024034,0.75583,0.62745,1,0.40157
152.5,591,5.7442,9.0335,0.011453,-0.060703,-0.060703,3.2062,0.35294,1,0.40157
152.5,611,6.1728,9.212,0.11153,-0.1627,-0.1627,14.175,0.8,1,0.3937
152.5,611,3.2351,4.9952,0.030552,-0.049673,-0.049673,0.45923,0.2,1,0.3937
152.5,631,6.2526,11.97,0.056303,-0.064912,-0.064912,30.946,0.8913,1,0.3622
152.5,631,3.362,5.4898,0.001898,0.0054605,0.0054605,0.01682,0.065217,1,0.3622
152.5,651,0.10278,11.739,0.031984,-0.42599,-0.42599,36.796,1,1,0.35433
152.5,671,0.12257,11.507,0.036637,-0.47008,-0.47008,57.128,0.85106,1,0.37008
152.5,671,2.258,9.4764,0.0010151,-0.012138,-0.012138,0.14515,0.12766,1,0.37008
152.5,691,0.19398,10.85,0.023305,-0.042901,-0.042901,28.33,0.76923,1,0.10236
152.5,771,3.1104,9.5159,0.0026438,-0.016016,-0.016016,0.5232,1,1,0.07874
152.5,791,3.0917,9.6706,0.0044899,-0.016725,-0.016725,0.61433,1,1,0.25197
152.5,811,3.1055,9.5376,0.004377,-0.017186,-0.017186,0.73683,0.97059,1,0.26772
152.5,831,3.1055,9.3979,0.0049066,-0.027652,-0.027652,0.73392,0.96774,1,0.24409
172.5,31,1.5273,7.617,0.016429,0.055898,0.055898,0.81824,1,1,0.07874
172.5,51,1.6192,8.4801,0.0011338,-0.014316,-0.014316,0.18493,0.37823,1,0.07874
172.5,51,1.501,7.7158,0.020224,0.068163,0.068163,0.46786,0.62177,1,0.07874
172.5,71,1.7415,9.6142,0.0011076,0.024927,0.024927,0.63714,0.6,1,0.07874
172.5,91,1.7373,9.7138,0.0061045,0.011529,0.011529,2.4315,1,1,0.15748
172.5,111,1.681,9.2844,0.015956,0.066563,0.066563,1.5065,1,1,0.23622
172.5,131,1.6755,9.2429,0.016062,0.09822,0.09822,1.6928,1,1,0.25197
172.5,151,1.6242,9.1314,0.024724,0.17749,0.17749,1.8662,1,1,0.24409
172.5,171,1.5771,8.9179,0.036692,0.27876,0.27876,2.2776,1,1,0.24409
172.5,191,1.5566,8.8189,0.030483,0.2229,0.2229,3.0812,1,1,0.31496
172.5,211,1.5905,8.4004,0.02859,0.1714,0.1714,3.9173,1,1,0.23622
172.5,231,1.6669,8.7502,0.019522,0.11599,0.11599,3.4502,1,1,0.25197
172.5,251,1.6638,8.6237,0.017632,0.094076,0.094076,1.5197,0.97059,1,0.26772
172.5,271,1.6805,8.9534,0.018876,0.07125,0.07125,0.74755,0.97059,1,0.26772
172.5,291,1.681,9.5915,0.025625,0.062137,0.062137,1.0714,0.875,1,0.18898
172.5,291,4.6525,6.6293,0.00070225,0.0080015,0.0080015,0.091171,0.083333,1,0.18898
172.5,311,1.6564,10.537,0.023179,-0.0045643,-0.0045643,0.81869,1,1,0.10236
172.5,331,1.6133,10.24,0.0098823,0.0053008,0.0053008,1.0789,0.6,1,0.19685
172.5,331,5.0937,8.1846,0.0044952,0.00558,0.00558,0.0672,0.4,1,0.19685
172.5,351,5.0821,8.2241,0.0095249,0.010969,0.010969,0.17319,0.91892,1,0.29134
172.5,371,5.0945,8.2654,0.0091389,0.0049706,0.0049706,0.088714,0.97222,1,0.28346
172.5,391,5.1004,8.2578,0.016818,0.029305,0.029305,0.18397,0.53571,1,0.22047
172.5,391,0.065175,11.406,0.0047687,-0.022171,-0.022171,1.2933,0.42857,1,0.22047
172.5,411,5.0791,8.3916,0.01878,-0.0014467,-0.0014467,0.29203,0.85714,1,0.22047
172.5,431,5.0705,8.5495,0.01369,0.019661,0.019661,0.47203,1,1,0.17323
172.5,451,5.0671,8.4458,0.010911,0.027911,0.027911,0.60403,0.75,1,0.31496
172.5,471,5.0625,8.3333,0.0068441,0.021284,0.021284,0.93443,1,1,0.23622
172.5,491,5.2161,7.3866,0.026716,-0.11144,-0.11144,1.0398,1,1,0.15748
172.5,511,6.1553,9.2742,0.0094857,0.031858,0.031858,0.27267,1,1,0.094488
172.5,531,6.1632,9.2496,0.0080173,0.061655,0.061655,1.1431,0.58333,1,0.18898
172.5,531,3.1018,3.9679,0.0032696,-0.0021033,-0.0021033,0.011019,0.41667,1,0.18898
172.5,551,3.1323,3.9643,0.017787,0.001667,0.001667,0.027666,0.54762,1,0.33071
172.5,551,6.2493,9.7675,0.010006,0.044701,0.044701,0.72922,0.33333,1,0.33071
172.5,571,3.1214,3.9555,0.0033761,-0.0042646,-0.0042646,0.021579,0.70175,1,0.44882
172.5,571,5.794,8.2313,0.001662,0.015157,0.015157,0.20932,0.052632,1,0.44882
172.5,591,3.1119,4.235,0.0043542,-0.0035196,-0.0035196,0.25005,0.5641,1,0.30709
172.5,591,6.0834,9.2991,0.078979,-0.074856,-0.074856,46.035,0.4359,1,0.30709
172.5,611,6.087,9.4636,0.071427,-0.24219,-0.24219,48.041,0.39024,1,0.32283
172.5,611,3.1301,4.1518,0.022248,0.02456,0.02456,0.32306,0.60976,1,0.32283
172.5,631,6.2783,10.804,0.013514,-0.027284,-0.027284,35.823,1,1,0.30709
172.5,651,0.021396,11.93,0.021314,-0.35087,-0.35087,60.432,0.83721,1,0.33858
172.5,651,2.2472,9.6064,0.00114,-0.013629,-0.013629,0.16293,0.13953,1,0.33858
172.5,671,0.059925,10.658,0.026601,0.08596,0.08596,43.766,0.78378,1,0.29134
172.5,691,6.2608,11.34,0.017011,-0.14335,-0.14335,82.468,0.53846,1,0.10236
172.5,791,3.1084,9.7252,0.0025373,-0.021049,-0.021049,0.75427,1,1,0.094488
172.5,811,3.1048,9.656,0.0049523,-0.022367,-0.022367,1.1221,1,1,0.10236
172.5,831,3.1124,9.5398,0.002945,-0.010937,-0.010937,0.78965,1,1,0.07874
192.5,11,1.5313,7.5609,0.015092,0.048599,0.048599,0.77531,1,1,0.086614
192.5,31,1.5605,7.8137,0.017401,0.056694,0.056694,0.63697,1,1,0.25984
192.5,51,1.5926,8.308,0.020605,0.11022,0.11022,1.1736,1,1,0.26772
192.5,71,1.673,9.2051,0.018849,0.10425,0.10425,1.9488,1,1,0.27559
192.5,91,1.7301,9.6814,0.01431,0.039601,0.039601,1.7052,1,1,0.28346
192.5,111,1.7209,9.5433,0.013314,0.029758,0.029758,2.032,1,1,0.29921
192.5,131,1.6733,9.3545,0.017955,0.078948,0.078948,1.4176,0.96774,1,0.24409
192.5,151,1.6736,9.7354,0.028247,0.22283,0.22283,1.9451,0.92593,1,0.2126
192.5,171,1.5713,8.9354,0.028502,0.20574,0.20574,1.5702,0.93939,1,0.25984
192.5,191,1.5404,8.6938,0.025916,0.13134,0.13134,2.8346,0.90909,1,0.25984
192.5,211,1.5882,9.0362,0.023077,0.10483,0.10483,4.7277,0.90909,1,0.25984
192.5,231,1.6303,7.7741,0.014433,0.069123,0.069123,2.305,0.86364,1,0.17323
192.5,251,1.6699,8.8915,0.013984,0.064991,0.064991,0.81186,0.93333,1,0.23622
192.5,271,1.6375,9.1452,0.01381,0.054716,0.054716,1.1107,0.84615,1,0.30709
192.5,271,4.7147,6.6486,0.0043997,-0.019558,-0.019558,1.5974,0.15385,1,0.30709
192.5,291,1.6548,9.6412,0.017866,0.044473,0.044473,1.1044,0.88571,1,0.27559
192.5,311,1.6611,10.073,0.021146,0.047227,0.047227,0.44659,0.91892,1,0.29134
192.5,311,4.6525,6.6293,0.00070225,0.0080015,0.0080015,0.091171,0.054054,1,0.29134
192.5,331,1.6624,9.8874,0.019458,0.033951,0.033951,0.43576,0.71053,1,0.29921
192.5,331,5.0702,8.2026,0.016947,0.017094,0.017094,0.32493,0.28947,1,0.29921
192.5,351,5.1014,8.2407,0.011382,0.011153,0.011153,0.16964,0.57627,1,0.46457
192.5,351,1.6248,9.7942,0.021025,0.053743,0.053743,0.65832,0.42373,1,0.46457
192.5,371,5.1058,8.2862,0.015745,0.014513,0.014513,0.13441,0.94286,1,0.27559
192.5,391,5.1074,8.2205,0.017788,0.0070589,0.0070589,0.14618,1,1,0.23622
192.5,411,5.0953,8.1947,0.02098,0.0050832,0.0050832,0.17139,0.58824,1,0.26772
192.5,431,0.71905,7.5984,0.00042356,-0.0037045,-0.0037045,0.032403,0.35294,1,0.26772
192.5,431,5.0759,8.4389,0.018719,0.0024052,0.0024052,0.31174,0.58824,1,0.26772
192.5,451,0.699,7.9051,0.0024672,-0.035049,-0.035049,0.51235,0.4,1,0.23622
192.5,451,5.0689,8.3636,0.011018,0.0176,0.0176,0.65266,0.33333,1,0.23622
192.5,471,5.077,8.5247,0.002785,-0.012252,-0.012252,0.11317,0.3,1,0.15748
192.5,511,3.1151,4.7668,0.056516,0.14464,0.14464,0.84843,0.90909,1,0.086614
192.5,531,3.1069,4.4463,0.027099,0.0036872,0.0036872,0.46788,0.90909,1,0.17323
192.5,551,3.1677,3.9678,0.025564,0.0050684,0.0050684,0.027323,0.79545,1,0.34646
192.5,551,6.2624,10.149,0.018466,0.10931,0.10931,2.3752,0.13636,1,0.34646
192.5,571,3.1657,3.9911,0.033956,0.0083947,0.0083947,0.037396,0.8,1,0.27559
192.5,591,3.0743,3.9597,0.0071706,-0.0070335,-0.0070335,0.03729,0.87097,1,0.24409
192.5,611,3.0967,4.521,0.012248,-0.02279,-0.02279,1.2675,0.55556,1,0.28346
192.5,611,6.2684,6.7878,0.0075193,-0.15727,-0.15727,15.376,0.33333,1,0.28346
192.5,631,0.0063363,11.585,0.022616,-0.12532,-0.12532,49.38,0.57576,1,0.25984
192.5,651,0.0066143,11.075,0.023218,0.059774,0.059774,52.434,0.82759,1,0.22835
192.5,651,2.2283,9.834,0.00088703,-0.01066,-0.01066,0.12812,0.13793,1,0.22835
192.5,671,6.2422,10.992,0.022886,0.049157,0.049157,58.966,0.85294,1,0.26772
192.5,691,0.011494,9.6775,0.013365,0.40896,0.40896,43.606,0.9,1,0.07874
212.5,11,1.7945,6.3001,0.058045,-0.30976,-0.30976,2.8559,0.95652,1,0.1811
212.5,31,1.5884,7.9309,0.022425,0.092967,0.092967,1.158,0.93023,1,0.33858
212.5,51,1.5792,8.0442,0.017842,0.057277,0.057277,0.58578,0.86486,1,0.29134
212.5,71,1.7154,9.3387,0.014641,0.065565,0.065565,0.84886,0.77778,1,0.2126
212.5,91,1.7697,10.253,0.0008075,-0.039776,-0.039776,1.9708,0.69231,1,0.20472
212.5,111,1.7995,9.8924,0.047417,0.033663,0.033663,1.4478,0.81481,1,0.2126
212.5,131,1.8603,10.248,0.059192,0.1095,0.1095,1.3731,0.82143,1,0.22047
212.5,151,1.7654,10.433,0.038634,0.15051,0.15051,1.1632,0.85185,1,0.2126
212.5,171,4.7961,6.6943,0.03118,-0.055483,-0.055483,1.1796,0.22222,1,0.2126
212.5,171,1.6843,9.6142,0.016421,0.098956,0.098956,1.766,0.77778,1,0.2126
212.5,191,1.5854,8.7287,0.017766,0.023932,0.023932,1.603,0.82857,1,0.27559
212.5,211,1.6823,9.6224,0.027439,-0.059868,-0.059868,1.4804,0.5,1,0.11024
212.5,231,1.683,9.0871,0.017883,0.042053,0.042053,1.7018,0.5625,1,0.12598
212.5,251,1.6817,9.6114,0.011293,0.073038,0.073038,1.8629,0.75,1,0.18898
212.5,271,1.6546,9.1998,0.011951,0.036091,0.036091,0.94404,0.73913,1,0.1811
212.5,291,1.6742,10.308,0.030065,0.089357,0.089357,0.54461,0.60606,1,0.25984
212.5,291,4.6668,6.3961,0.012795,-0.010312,-0.010312,1.3082,0.39394,1,0.25984
212.5,311,1.661,10.327,0.020768,0.017995,0.017995,0.23777,0.84848,1,0.25984
212.5,331,1.6771,10.152,0.01716,0.010053,0.010053,0.24324,0.88372,1,0.33858
212.5,351,1.6473,10.042,0.019351,0.010896,0.010896,0.2596,0.62162,1,0.29134
212.5,351,4.9244,8.65,0.073211,-0.09204,-0.09204,0.45956,0.37838,1,0.29134
212.5,371,4.9663,8.7044,0.078378,-0.15814,-0.15814,0.72961,0.56,1,0.19685
212.5,371,1.642,10.115,0.02245,0.0042313,0.0042313,0.30365,0.44,1,0.19685
212.5,391,5.7021,8.1174,0.89428,-0.26242,-0.26242,1.1037,1,1,0.19685
212.5,411,0.55467,7.9389,0.0012532,0.046741,0.046741,1.7435,0.56757,1,0.29134
212.5,411,4.9595,8.0079,0.04549,0.0080647,0.0080647,0.4298,0.40541,1,0.29134
212.5,431,0.55582,7.9756,0.0011287,0.042009,0.042009,1.5637,0.82051,1,0.30709
212.5,451,0.6221,8.208,0.0062335,0.0033329,0.0033329,1.4351,0.94118,1,0.26772
212.5,491,3.1151,4.7668,0.056516,0.14464,0.14464,0.84843,1,1,0.07874
212.5,511,3.0727,4.9239,0.029636,0.091968,0.091968,0.79109,1,1,0.23622
212.5,531,3.1225,4.5806,0.03584,0.048152,0.048152,0.65346,0.90323,1,0.24409
212.5,551,3.1305,4.209,0.023197,-0.003882,-0.003882,0.5061,0.86957,1,0.3622
212.5,551,0.028443,11.101,0.0075934,-0.043473,-0.043473,0.69921,0.1087,1,0.3622
212.5,571,6.0963,9.1848,0.018511,0.26126,0.26126,5.0604,0.18182,1,0.25984
212.5,571,3.1904,3.9719,0.023666,0.015221,0.015221,0.048264,0.66667,1,0.25984
212.5,591,3.1481,4.9624,0.01236,-0.078866,-0.078866,1.5677,0.76,1,0.19685
212.5,611,3.094,4.5877,0.012119,-0.032798,-0.032798,1.313,0.70588,1,0.26772
212.5,611,0.086382,6.7746,0.018249,-0.076867,-0.076867,1.0044,0.14706,1,0.26772
212.5,631,6.2493,12.031,0.023472,-0.035273,-0.035273,62.515,0.54839,1,0.24409
212.5,631,3.1539,5.0978,0.011409,-0.10101,-0.10101,1.8045,0.32258,1,0.24409
212.5,651,6.2198,13.161,0.027198,0.080402,0.080402,74.818,1,1,0.17323
212.5,671,6.2507,12.81,0.017217,-0.0052015,-0.0052015,71.138,0.96774,1,0.24409
212.5,691,6.2217,12.032,0.033815,-0.062632,-0.062632,70.925,1,1,0.07874
232.5,11,1.9931,4.9351,0.035725,-0.29135,-0.29135,2.3856,0.74194,1,0.24409
232.5,31,1.7358,7.1984,0.048542,-0.2168,-0.2168,3.3304,0.97436,1,0.30709
232.5,51,1.6541,8.8668,0.022846,0.11588,0.11588,1.433,0.96875,1,0.25197
232.5,71,1.7668,10.322,0.0002093,-0.01047,-0.01047,0.52551,0.57143,1,0.055118
232.5,91,1.9957,9.5869,0.040859,-0.083536,-0.083536,2.4867,1,1,0.094488
232.5,111,1.9572,10.19,0.089845,-0.025343,-0.025343,2.1623,1,1,0.23622
232.5,131,1.8427,10.064,0.066225,0.0461,0.0461,1.7518,1,1,0.28346
232.5,151,1.7527,10.138,0.049459,0.14513,0.14513,1.6068,0.97143,1,0.27559
232.5,171,1.6735,9.6568,0.025336,0.064003,0.064003,1.6179,0.97297,1,0.29134
232.5,191,1.6738,9.2575,0.018444,0.0076242,0.0076242,1.1196,0.97222,1,0.28346
232.5,211,1.7107,8.9024,0.013058,0.024295,0.024295,0.7929,0.78381,1,0.2126
232.5,211,1.5616,10.688,0.00046198,-0.0036212,-0.0036212,0.16444,0.21619,1,0.2126
232.5,231,1.7314,9.368,0.0071521,0.078407,0.078407,2.7995,1,1,0.22047
232.5,251,1.7261,9.8408,0.0063366,0.042305,0.042305,2.1211,1,1,0.2126
232.5,271,1.6672,10.001,0.015592,0.03624,0.03624,1.0474,0.85714,1,0.27559
232.5,271,4.6468,6.1956,0.013588,0.032008,0.032008,0.82162,0.14286,1,0.27559
232.5,291,4.6468,6.1956,0.013588,0.032008,0.032008,0.82162,0.14706,1,0.26772
232.5,291,1.6435,10.322,0.019974,0.050148,0.050148,0.30313,0.85294,1,0.26772
232.5,311,1.6645,10.384,0.019876,0.039538,0.039538,0.20847,0.84848,1,0.25984
232.5,311,4.6468,6.1956,0.013588,0.032008,0.032008,0.82162,0.15152,1,0.25984
232.5,331,1.6561,10.211,0.014947,0.022754,0.022754,0.24752,1,1,0.25984
232.5,351,1.6697,10.148,0.016994,0.015603,0.015603,0.25439,0.91429,1,0.27559
232.5,371,1.6478,9.8992,0.017481,0.032605,0.032605,0.1339,0.76923,1,0.10236
232.5,431,0.56753,8.4178,0.0012192,0.045458,0.045458,1.6951,0.83784,1,0.29134
232.5,451,0.5649,8.3152,0.0012238,0.045594,0.045594,1.6989,0.90909,1,0.25984
232.5,491,3.0493,5.1121,0.017044,0.092429,0.092429,0.95597,1,1,0.07874
232.5,511,3.0777,4.9297,0.031753,0.081767,0.081767,0.87468,1,1,0.23622
232.5,531,3.0427,5.1375,0.014979,0.054355,0.054355,0.66685,0.94444,1,0.28346
232.5,551,6.0706,8.6584,0.032763,0.34531,0.34531,5.1344,0.3125,1,0.25197
232.5,551,3.1548,4.4703,0.019126,-0.0068209,-0.0068209,0.90515,0.59375,1,0.25197
232.5,571,1.9014,10.342,0.0051431,0.027181,0.027181,0.85599,0.19048,1,0.16535
232.5,571,3.2125,4.0095,0.022477,0.024232,0.024232,0.048716,0.47619,1,0.16535
232.5,591,2.872,6.4639,0.23372,-1.033,-1.033,5.5678,0.9375,1,0.12598
232.5,611,0.073417,7.3479,0.015883,-0.10436,-0.10436,1.6516,0.29167,1,0.18898
232.5,611,3.1166,5.4916,0.024412,-0.046071,-0.046071,2.0408,0.66667,1,0.18898
232.5,631,0.015511,12.801,0.016312,-0.31363,-0.31363,57.617,0.94444,1,0.14173
232.5,651,6.262,15.977,0.006205,-0.11429,-0.11429,71.735,1,1,0.24409
232.5,671,6.2508,14.7,0.012366,-0.074871,-0.074871,94.425,1,1,0.23622
232.5,691,6.2534,16.471,0.00146,-0.23785,-0.23785,80.364,1,1,0.07874
252.5,31,2.0803,4.2317,0.0074317,-0.06265,-0.06265,0.53345,0.35931,1,0.28346
252.5,31,1.72,8.8052,0.049296,-0.045249,-0.045249,2.2007,0.64069,1,0.28346
252.5,51,1.8879,7.5199,0.050871,-0.22507,-0.22507,6.2845,1,1,0.2126
252.5,71,1.8869,9.458,0.071572,0.014013,0.014013,1.2635,1,1,0.22047
252.5,91,2.0126,9.6671,0.061095,-0.07088,-0.07088,3.0378,1,1,0.2126
252.5,111,1.9686,9.6267,0.065954,-0.039463,-0.039463,2.0552,1,1,0.24409
252.5,131,1.9394,9.9458,0.084607,-0.0088315,-0.0088315,2.3474,1,1,0.23622
252.5,151,1.8245,9.8552,0.054307,-0.0026096,-0.0026096,1.8396,1,1,0.16535
252.5,171,1.7061,9.4262,0.020546,0.044015,0.044015,1.0608,0.95238,1,0.16535
252.5,191,1.6769,9.2684,0.018511,-0.021497,-0.021497,0.84744,1,1,0.25197
252.5,211,1.7281,9.2088,0.015243,0.028908,0.028908,1.6122,1,1,0.23622
252.5,231,1.7361,9.339,0.0073205,0.042987,0.042987,2.6805,1,1,0.23622
252.5,251,1.7094,9.6102,0.0076574,0.037265,0.037265,2.5815,1,1,0.31496
252.5,271,1.6808,9.9609,0.0092094,0.0075139,0.0075139,1.4076,1,1,0.23622
252.5,291,1.6508,10.158,0.01544,0.028238,0.028238,0.44543,0.83333,1,0.23622
252.5,291,4.6468,6.1956,0.013588,0.032008,0.032008,0.82162,0.16667,1,0.23622
252.5,311,1.6387,10.28,0.012457,0.019457,0.019457,0.23126,1,1,0.15748
252.5,331,1.6825,10.112,0.0016403,-0.0048886,-0.0048886,0.01457,0.2,1,0.07874
252.5,351,1.6478,9.8992,0.017481,0.032605,0.032605,0.1339,1,1,0.07874
252.5,491,3.0686,4.9103,0.019411,0.019324,0.019324,0.75948,1,1,0.07874
252.5,511,3.0464,5.1526,0.016171,0.041063,0.041063,0.71896,0.75,1,0.31496
252.5,511,6.2274,10.136,0.016263,-0.001671,-0.001671,0.0066815,0.25,1,0.31496
252.5,531,3.1578,5.4692,1.039,-0.7152,-0.7152,2.2653,1,1,0.27559
252.5,551,3.925,6.23,3.4738,3.3114,3.3114,5.2878,1,1,0.25197
252.5,571,3.2884,4.7306,2.8121,1.9515,1.9515,1.7942,1,1,0.20472
252.5,591,2.706,5.1178,1.5965,1.1814,1.1814,2.2804,0.96429,1,0.22047
252.5,611,6.2819,7.9827,0.0089737,-0.10185,-0.10185,2.2843,0.24043,1,0.22047
252.5,611,2.6965,5.9692,2.976,3.5532,3.5532,6.2866,0.75957,1,0.22047
252.5,631,3.3628,9.2221,0.0005662,-0.023222,-0.023222,0.95241,0.0625,1,0.25197
252.5,651,6.2724,16.856,0.00049774,-0.10203,-0.10203,97.874,0.93333,1,0.23622
252.5,671,6.2463,15.944,0.017309,-0.080873,-0.080873,114.42,1,1,0.31496
272.5,11,1.8885,5.6852,0.33417,-0.21913,-0.21913,4.2424,1,1,0.25984
272.5,31,2.0438,4.5592,0.0068811,-0.058967,-0.058967,0.51153,0.82143,1,0.22047
272.5,51,1.8331,7.982,0.24333,-0.030471,-0.030471,4.8054,1,1,0.34646
272.5,71,2.0303,8.1199,0.035037,-0.12832,-0.12832,6.9497,1,1,0.26772
272.5,91,1.982,9.541,0.039285,-0.1163,-0.1163,2.1096,1,1,0.23622
272.5,111,1.9857,9.6554,0.054593,-0.072117,-0.072117,2.7192,1,1,0.23622
272.5,131,1.932,9.4001,0.036004,-0.059492,-0.059492,1.6813,1,1,0.15748
272.5,191,1.7351,9.3162,0.026748,0.02927,0.02927,0.29331,1,1,0.07874
272.5,211,1.7302,8.8921,0.00057447,0.009037,0.009037,0.27157,0.6,1,0.07874
272.5,231,1.7522,9.1469,0.0083943,0.13813,0.13813,4.1202,0.80001,1,0.07874
272.5,231,1.7245,7.7604,0.00060025,-0.0050479,-0.0050479,0.04245,0.19999,1,0.07874
272.5,251,1.7592,9.7069,0.0022568,0.059905,0.059905,3.3126,1,1,0.07874
272.5,271,1.6298,10.06,0.0054744,-0.023645,-0.023645,0.53392,1,1,0.07874
272.5,291,1.6533,10.115,0.010393,0.01552,0.01552,0.27786,1,1,0.07874
272.5,491,6.2274,10.136,0.016263,-0.001671,-0.001671,0.0066815,1,1,0.07874
272.5,511,6.247,10.13,0.014333,-0.0016034,-0.0016034,0.0069212,0.5,1,0.31496
272.5,511,3.6384,5.1033,1.2234,0.12463,0.12463,1.2935,0.5,1,0.31496
272.5,531,3.2221,5.8489,1.5191,-1.0816,-1.0816,2.804,0.68597,1,0.27559
272.5,531,6.2323,10.123,0.015008,-0.0021506,-0.0021506,0.0075968,0.31403,1,0.27559
272.5,551,4.6659,5.5986,4.64,-4.4531,-4.4531,6.0519,1,1,0.24409
272.5,571,2.5055,4.7262,2.6045,1.5888,1.5888,2.7148,1,1,0.26772
272.5,591,2.842,5.527,2.2876,2.125,2.125,3.9555,0.975,1,0.31496
272.5,611,5.7634,6.5887,2.4115,-1.6995,-1.6995,7.6443,0.96154,1,0.20472
272.5,631,6.2163,12.771,0.0089317,0.021021,0.021021,65.629,0.49016,1,0.27559
272.5,631,3.5872,7.4046,3.378,4.0667,4.0667,7.35,0.50984,1,0.27559
272.5,651,6.1967,16.226,0.054168,0.19694,0.19694,120.52,1,1,0.24409
272.5,671,6.1598,13.395,0.073389,0.24557,0.24557,129.12,0.9,1,0.23622
272.5,691,6.1847,14.866,0.061524,-0.037269,-0.037269,200.07,1,1,0.07874
292.5,11,1.5287,6.9957,0.585,0.018121,0.018121,3.8458,1,1,0.25984
292.5,31,1.459,8.207,0.76056,0.61154,0.61154,1.231,1,1,0.26772
292.5,51,2.0425,4.5797,0.0067134,-0.058458,-0.058458,0.51633,0.31239,1,0.25197
292.5,51,1.4744,8.0663,0.6179,0.4377,0.4377,1.3971,0.59651,1,0.25197
292.5,51,2.4362,8.2388,0.0012399,0.0091361,0.0091361,0.076294,0.091096,1,0.25197
292.5,71,1.734,8.7615,0.44811,0.27849,0.27849,1.6485,1,1,0.15748
292.5,91,1.978,9.4997,0.016942,-0.13758,-0.13758,4.2123,1,1,0.07874
292.5,111,1.9561,9.5058,0.021319,-0.035022,-0.035022,1.1529,1,1,0.07874
292.5,491,6.2666,10.125,0.011634,-0.0013251,-0.0013251,0.007103,1,1,0.07874
292.5,511,6.2681,10.108,0.014255,-0.0018969,-0.0018969,0.0074589,1,1,0.23622
292.5,531,6.2703,10.127,0.014968,-0.00099857,-0.00099857,0.0074853,0.48074,1,0.2126
292.5,531,4.1179,6.1209,3.8478,-3.3633,-3.3633,4.9092,0.51926,1,0.2126
292.5,551,3.1949,7.0222,0.0034638,0.0016544,0.0016544,0.00084826,0.26667,1,0.11811
292.5,551,6.0722,5.9681,0.016101,0.042276,0.042276,5.5321,0.66667,1,0.11811
292.5,571,3.0644,5.716,0.01894,0.081078,0.081078,1.7198,0.77778,1,0.14173
292.5,571,6.0388,5.1596,0.0022118,-0.0028484,-0.0028484,0.0036681,0.11111,1,0.14173
292.5,591,3.0653,7.1206,0.016702,0.025043,0.025043,5.4033,0.96429,1,0.22047
292.5,611,5.882,10.682,1.1908,1.4288,1.4288,84.862,1,1,0.17323
292.5,631,6.1858,12.383,0.068768,-0.13788,-0.13788,59.747,0.78261,1,0.1811
292.5,631,3.8008,7.6105,0.0025319,0.014212,0.014212,0.079773,0.13043,1,0.1811
292.5,651,3.7152,7.2068,0.0070265,0.031678,0.031678,0.14438,0.3125,1,0.25197
292.5,651,6.1303,7.3891,0.20739,-0.71838,-0.71838,2.9873,0.59375,1,0.25197
292.5,671,5.4408,10.014,1.1813,1.9117,1.9117,79.48,1,1,0.23622
292.5,691,5.9567,8.1466,0.13299,-0.4444,-0.4444,1.8962,0.7,1,0.07874
292.5,791,3.2801,10.584,0.021823,-0.073077,-0.073077,1.8859,1,1,0.10236
292.5,811,3.2933,10.523,0.012621,-0.074119,-0.074119,2.0426,1,1,0.10236
292.5,831,3.5255,8.5886,0.0027112,-0.0096955,-0.0096955,0.14581,0.39983,1,0.07874
292.5,831,3.2497,9.9021,0.010563,0.017674,0.017674,0.1702,0.60017,1,0.07874
312.5,11,1.3698,8.1863,0.71997,0.84348,0.84348,1.5226,1,1,0.23622
312.5,31,1.3731,7.9966,0.71731,0.65422,0.65422,1.2892,1,1,0.23622
312.5,51,1.5634,8.2176,0.77516,0.40554,0.40554,0.87396,0.88129,1,0.23622
312.5,51,0.9324,6.7207,0.11701,-0.12531,-0.12531,0.13661,0.11871,1,0.23622
312.5,71,1.9308,8.0285,0.73407,0.63146,0.63146,0.5663,0.5,1,0.07874
312.5,71,0.871,6.895,0.036864,-0.012652,-0.012652,0.0043422,0.2,1,0.07874
312.5,491,0.027244,10.064,0.011414,0.00034034,0.00034034,0.0055646,1,1,0.07874
312.5,511,0.0053073,10.094,0.012005,-0.0011654,-0.0011654,0.0072752,0.66667,1,0.23622
312.5,511,5.8163,5.9806,0.091529,-0.30787,-0.30787,1.1958,0.33333,1,0.23622
312.5,531,0.020104,10.075,0.014071,0.00052552,0.00052552,0.0062801,0.66667,1,0.18898
312.5,551,5.9807,5.5546,0.0069515,0.006543,0.006543,0.18248,0.35,1,0.15748
312.5,551,3.1216,6.2662,0.01334,0.010603,0.010603,0.8461,0.45,1,0.15748
312.5,571,3.0513,6.7689,0.013464,0.063294,0.063294,5.3259,1,1,0.15748
312.5,591,3.0747,7.5783,0.012596,-0.076057,-0.076057,6.5635,0.96,1,0.19685
312.5,611,6.1867,8.1178,0.015368,-0.128,-0.128,1.7506,0.43478,1,0.1811
312.5,611,3.0213,8.4891,0.015479,0.070546,0.070546,6.8101,0.47826,1,0.1811
312.5,631,0.0060418,8.2778,0.082175,-0.31408,-0.31408,4.4903,0.64706,1,0.26772
312.5,631,6.1477,27.758,0.00024314,-0.00052134,-0.00052134,6.8717,0.11765,1,0.26772
312.5,631,3.755,7.374,0.0062921,0.028836,0.028836,0.13374,0.17647,1,0.26772
312.5,651,6.254,7.4878,0.14521,-0.42444,-0.42444,4.0733,0.53333,1,0.23622
312.5,651,3.735,7.3031,0.0084854,0.039461,0.039461,0.18498,0.33333,1,0.23622
312.5,671,6.0852,7.4486,0.17138,-0.61328,-0.61328,2.8422,0.45,1,0.31496
312.5,771,3.3094,9.7937,0.030412,-0.081677,-0.081677,0.31947,0.80001,1,0.07874
312.5,771,3.17,10.438,0.001681,0.0020719,0.0020719,0.0025538,0.19999,1,0.07874
312.5,791,3.2979,9.8876,0.017033,-0.051147,-0.051147,0.4465,1,1,0.25984
312.5,811,3.3087,9.8119,0.022881,-0.077731,-0.077731,0.634,1,1,0.25984
312.5,831,3.384,9.5429,0.021182,-0.086432,-0.086432,0.51027,0.8739,1,0.23622
312.5,831,3.2483,9.1021,0.024011,-0.086848,-0.086848,0.31532,0.1261,1,0.23622
332.5,11,1.1099,7.7757,0.4972,0.81874,0.81874,1.6358,1,1,0.07874
332.5,31,1.3854,8.3261,0.87094,0.7401,0.7401,1.1912,1,1,0.07874
332.5,51,1.9308,8.0285,0.73407,0.63146,0.63146,0.5663,0.5,1,0.07874
332.5,51,0.871,6.895,0.036864,-0.012652,-0.012652,0.0043422,0.2,1,0.07874
332.5,491,5.8071,7.6269,0.087424,-0.11917,-0.11917,3.5175,1,1,0.15748
332.5,511,6.022,7.8091,0.16927,0.25538,0.25538,4.3668,0.875,1,0.25197
332.5,511,2.8817,4.1783,0.045957,-0.16179,-0.16179,0.78791,0.125,1,0.25197
332.5,531,5.8211,6.0105,0.1031,-0.37485,-0.37485,1.5431,0.74074,1,0.2126
332.5,551,3.2176,6.5492,4.6225,-3.2106,-3.2106,4.4661,1,1,0.1811
332.5,571,3.0137,6.7186,0.022646,-0.11997,-0.11997,5.378,1,1,0.11024
332.5,591,3.0268,7.8846,0.017939,-0.059,-0.059,5.932,1,1,0.18898
332.5,611,6.2148,7.5119,0.0091881,-0.042094,-0.042094,0.46214,0.90476,1,0.16535
332.5,631,6.2509,13.597,0.0094225,-0.27782,-0.27782,75.778,1,1,0.16535
332.5,651,3.1304,10.094,0.010682,-0.0021406,-0.0021406,0.0071654,0.41131,1,0.26772
332.5,651,5.7043,7.9369,1.2859,0.10968,0.10968,5.4244,0.50046,1,0.26772
332.5,651,6.2114,30.801,0.0037085,0.039374,0.039374,0.73118,0.088235,1,0.26772
332.5,671,3.0584,10.108,0.0092814,-0.0042615,-0.0042615,0.0048849,0.6875,1,0.25197
332.5,671,6.111,6.7899,0.021609,0.047688,0.047688,0.10524,0.0625,1,0.25197
332.5,691,3.1261,10.092,0.0071261,-0.0030063,-0.0030063,0.0061008,1,1,0.07874
332.5,771,3.3241,9.6267,0.0091625,-0.014645,-0.014645,0.12953,1,1,0.07874
332.5,791,3.4117,9.775,0.045328,-0.019634,-0.019634,0.4399,1,1,0.25197
332.5,811,3.3526,9.5639,0.018911,-0.059589,-0.059589,0.35609,1,1,0.26772
332.5,831,3.4741,9.5469,0.045875,0.041532,0.041532,0.62863,1,1,0.23622
352.5,471,5.7071,9.1258,0.063293,-0.0187,-0.0187,0.015916,0.7,1,0.07874
352.5,491,5.9156,8.7837,0.1438,0.027082,0.027082,2.6473,0.86667,1,0.23622
352.5,491,2.8817,4.1783,0.045957,-0.16179,-0.16179,0.78791,0.13333,1,0.23622
352.5,511,5.8352,7.6432,0.14119,-0.1159,-0.1159,3.3842,0.88235,1,0.26772
352.5,511,2.8817,4.1783,0.045957,-0.16179,-0.16179,0.78791,0.11765,1,0.26772
352.5,531,6.0786,7.3288,0.20981,0.049419,0.049419,3.2937,0.68966,1,0.22835
352.5,531,2.9276,4.6591,0.049913,-0.13516,-0.13516,1.3471,0.31034,1,0.22835
352.5,551,2.5079,5.8667,3.3728,-1.4579,-1.4579,1.9677,1,1,0.25197
352.5,571,3.0553,7.3682,0.014217,-0.1671,-0.1671,7.2387,1,1,0.13386
352.5,591,2.9947,7.3838,0.020351,-0.20039,-0.20039,6.0123,0.57692,1,0.20472
352.5,591,6.2253,7.6502,0.00699,-0.059048,-0.059048,0.96665,0.42308,1,0.20472
352.5,611,6.227,7.7125,0.0077994,-0.043144,-0.043144,1.0784,0.57576,1,0.25984
352.5,611,6.1619,25.537,0.00057004,-0.077991,-0.077991,12.247,0.090911,1,0.25984
352.5,611,3.1398,5.8999,0.01447,-0.10872,-0.10872,6.6766,0.30303,1,0.25984
352.5,631,6.2663,7.9213,0.0025905,-0.0010574,-0.0010574,3.2687,0.86667,1,0.23622
352.5,631,6.1757,23.139,0.00028375,-0.017654,-0.017654,1.0984,0.066667,1,0.23622
352.5,651,2.9732,10.147,0.00028502,-0.00050731,-0.00050731,0.00090323,0.48,1,0.19685
352.5,671,3.0394,10.063,0.0090125,2.6253e-05,2.6253e-05,0.044987,0.74194,1,0.24409
352.5,671,6.2212,6.9891,0.014783,-0.0049461,-0.0049461,0.92127,0.25806,1,0.24409
352.5,771,3.666,10.304,0.000121,0.019377,0.019377,3.1032,0.2,1,0.07874
352.5,771,3.6428,9.6722,0.032738,0.02726,0.02726,0.20803,0.8,1,0.07874
352.5,791,3.5337,9.6991,0.039908,0.019669,0.019669,0.62198,1,1,0.25197
352.5,811,3.6235,9.7507,0.030639,0.068184,0.068184,0.65754,1,1,0.27559
352.5,831,3.5798,9.8512,0.035759,0.065078,0.065078,0.74005,1,1,0.25197
372.5,471,5.7169,8.7642,0.098474,0.19613,0.19613,1.2855,1,1,0.15748
372.5,491,5.7446,8.8967,0.087353,0.16703,0.16703,1.189,1,1,0.26772
372.5,511,6.0009,8.6328,0.14492,-0.014352,-0.014352,2.439,0.88889,1,0.28346
372.5,511,2.8818,4.1783,0.045957,-0.16179,-0.16179,0.78791,0.11111,1,0.28346
372.5,531,0.11669,7.7598,0.069375,0.23384,0.23384,0.79813,0.35166,1,0.19685
372.5,531,2.5547,5.8191,1.8939,-1.6342,-1.6342,2.3364,0.64834,1,0.19685
372.5,551,2.7197,5.4091,0.52873,-0.54874,-0.54874,1.4042,0.75961,1,0.22835
372.5,551,0.14914,7.3991,0.043836,0.19048,0.19048,3.2282,0.24039,1,0.22835
372.5,571,2.9997,13,0.020134,0.070947,0.070947,0.25,0.071429,1,0.22047
372.5,571,2.5022,5.858,1.0435,-0.091658,-0.091658,1.5384,0.89286,1,0.22047
372.5,591,3.0692,7.7726,0.016342,-0.081151,-0.081151,11.721,0.97222,1,0.28346
372.5,611,3.1398,5.8999,0.01447,-0.10872,-0.10872,6.6766,0.30303,1,0.25984
372.5,611,6.2339,7.9393,0.0059807,-0.031667,-0.031667,1.9111,0.57576,1,0.25984
372.5,631,6.197,12.767,0.035511,-0.029709,-0.029709,76.068,0.65789,1,0.29921
372.5,631,3.1145,6.7115,0.014748,-0.14182,-0.14182,7.5207,0.34211,1,0.29921
372.5,651,6.2321,6.8586,0.013171,0.0042191,0.0042191,0.85983,0.66667,1,0.18898
372.5,671,6.2212,6.9891,0.014783,-0.0049461,-0.0049461,0.92127,0.26667,1,0.23622
372.5,671,3.0373,9.6139,0.016847,-0.058353,-0.058353,0.56021,0.73333,1,0.23622
372.5,691,6.2212,6.9891,0.014783,-0.0049461,-0.0049461,0.92127,0.8,1,0.07874
372.5,771,3.6067,9.7677,0.025595,0.019823,0.019823,0.89652,1,1,0.07874
372.5,791,3.6015,10.749,0.00055225,-0.011481,-0.011481,0.23868,0.066641,1,0.23622
372.5,791,3.6262,9.6007,0.022404,0.030275,0.030275,0.62462,0.93336,1,0.23622
372.5,811,3.6345,9.8375,0.014603,0.012334,0.012334,0.69243,1,1,0.25984
372.5,831,3.6353,9.9211,0.024491,0.053794,0.053794,0.63436,1,1,0.25197
392.5,491,5.7506,8.5322,0.10396,0.089607,0.089607,0.93324,1,1,0.35433
392.5,511,5.7113,8.2703,0.090297,0.018405,0.018405,0.4718,1,1,0.25984
392.5,531,0.040614,8.1647,0.08945,-0.046079,-0.046079,0.82413,0.85294,1,0.26772
392.5,551,0.11239,7.5114,0.029315,0.1097,0.1097,2.2526,0.29385,1,0.26772
392.5,551,2.78,5.9868,0.51478,-0.26527,-0.26527,2.078,0.70615,1,0.26772
392.5,571,3.1004,8.1707,0.011888,-0.074865,-0.074865,11.163,1,1,0.24409
392.5,591,3.0896,8.3126,0.011791,-0.082504,-0.082504,10.301,0.9697,1,0.25984
392.5,611,6.2019,8.9638,0.015562,-0.070239,-0.070239,12.042,0.37838,1,0.29134
392.5,611,0.031493,30.721,0.013469,0.03358,0.03358,1.1321,0.081081,1,0.29134
392.5,611,3.0864,7.9027,0.01555,-0.10897,-0.10897,11.557,0.54054,1,0.29134
392.5,631,5.8391,10.776,0.948,1.2138,1.2138,67.618,1,1,0.23622
392.5,651,3.1391,9.3289,0.023001,-0.042568,-0.042568,0.23839,0.43478,1,0.1811
392.5,671,3.09,9.1712,0.024597,-0.055352,-0.055352,0.59543,0.4,1,0.23622
392.5,671,5.8848,4.238,0.22796,0.77099,0.77099,6.6298,0.6,1,0.23622
392.5,691,3.1119,9.1188,0.026636,-0.059668,-0.059668,0.68996,1,1,0.07874
392.5,791,3.6067,9.7677,0.025595,0.019823,0.019823,0.89652,1,1,0.07874
392.5,811,3.6344,9.5809,0.011526,0.026119,0.026119,0.21108,0.80002,1,0.07874
392.5,811,3.56,9.0031,0.000441,-0.0033381,-0.0033381,0.025267,0.19998,1,0.07874
392.5,831,3.6587,10.175,0.0091812,-0.019421,-0.019421,0.63764,1,1,0.07874
412.5,511,0.016018,7.8998,0.90983,-1.0589,-1.0589,2.6157,1,1,0.31496
412.5,531,5.7078,7.6729,1.1525,0.39843,0.39843,0.73279,1,1,0.23622
412.5,551,0.1843,7.9125,0.019235,0.068725,0.068725,0.50121,0.52941,1,0.26772
412.5,551,3.1512,6.7064,0.017304,0.02763,0.02763,2.4618,0.47059,1,0.26772
412.5,571,3.1336,7.0079,0.0095912,-0.1025,-0.1025,6.8356,0.97059,1,0.26772
412.5,591,3.092,7.7689,0.010257,-0.12889,-0.12889,8.8556,0.91176,1,0.26772
412.5,611,5.1617,7.6523,2.0264,1.8822,1.8822,34.136,1,1,0.28346
412.5,631,5.7643,7.5876,0.68707,1.9992,1.9992,52.8,1,1,0.27559
412.5,651,5.4952,2.5105,0.29498,0.20998,0.20998,1.218,0.93333,1,0.23622
412.5,671,5.482,2.2472,0.31488,-0.013529,-0.013529,0.34752,0.66667,1,0.23622
412.5,671,3.1119,9.1188,0.026636,-0.059668,-0.059668,0.68996,0.33333,1,0.23622
412.5,691,5.6156,2.0371,0.23553,0.058994,0.058994,0.29783,1,1,0.07874
432.5,491,5.5384,8.183,0.0014886,-0.011021,-0.011021,0.08161,0.66667,1,0.23622
432.5,511,5.6383,8.3558,0.64888,0.97778,0.97778,3.2146,1,1,0.31496
432.5,531,0.025758,8.1119,0.046072,-0.16349,-0.16349,2.2673,0.75862,1,0.22835
432.5,531,3.0607,4.3167,0.03712,-0.21428,-0.21428,2.7258,0.24138,1,0.22835
432.5,551,0.27193,8.341,0.0071708,0.019377,0.019377,0.052896,0.22222,1,0.14173
432.5,551,3.0943,6.3302,0.011885,0.045238,0.045238,6.7414,0.66667,1,0.14173
432.5,571,3.0875,6.8597,0.011808,-0.13321,-0.13321,6.4149,0.80952,1,0.16535
432.5,591,3.0961,6.9448,0.011084,-0.19736,-0.19736,5.9711,0.84,1,0.19685
432.5,591,0.0030125,9.4594,0.018321,0.097617,0.097617,0.89546,0.16,1,0.19685
432.5,611,0.10731,7.7016,0.062816,-0.31768,-0.31768,5.323,0.8,1,0.19685
432.5,631,5.9659,5.8768,0.41323,1.1924,1.1924,9.7266,0.9,1,0.23622
432.5,651,5.3471,2.5723,0.29979,0.10605,0.10605,0.46559,0.67742,1,0.24409
432.5,671,5.397,2.321,0.26286,-0.028077,-0.028077,0.29811,0.96774,1,0.24409
432.5,691,5.3483,2.4574,0.35851,-0.029884,-0.029884,0.30889,1,1,0.07874
452.5,511,6.2106,10.168,0.020422,-0.025167,-0.025167,0.14735,0.78125,1,0.25197
452.5,531,6.2003,10.135,0.018953,-0.0076714,-0.0076714,0.0038952,0.92,1,0.19685
452.5,551,3.0723,10.062,0.0074298,-0.0068569,-0.0068569,0.0065052,0.41667,1,0.094488
452.5,551,0.28091,8.3726,0.0092383,0.024701,0.024701,0.066536,0.25,1,0.094488
452.5,571,3.0556,8.2155,0.01324,-0.16101,-0.16101,5.6658,0.7,1,0.15748
452.5,571,0.7314,6.4612,0.027115,-0.0095572,-0.0095572,0.0033686,0.1,1,0.15748
452.5,591,3.0291,6.5459,0.00086289,-0.015426,-0.015426,0.27577,0.18182,1,0.086614
452.5,611,6.2768,8.8893,0.031248,0.10211,0.10211,2.31,0.90476,1,0.16535
452.5,631,0.054823,8.0896,0.041377,-0.11172,-0.11172,3.0366,0.77778,1,0.2126
452.5,631,6.2825,29.667,0.0019455,0.0071188,0.0071188,0.042044,0.18519,1,0.2126
452.5,651,5.9178,6.4453,0.32282,1.5219,1.5219,10.793,0.875,1,0.25197
452.5,671,5.7996,4.9452,0.46769,1.3623,1.3623,9.1987,0.85714,1,0.16535
472.5,411,2.728,2.7039,2.311,-0.082003,-0.082003,5.1333,1,1,0.07874
472.5,431,2.266,4.9659,1.5136,-2.2725,-2.2725,4.9451,1,1,0.07874
472.5,451,1.1764,6.3902,0.0028522,-0.0048825,-0.0048825,0.017367,0.5,1,0.07874
472.5,531,3.0332,10.978,0.0039858,-0.0051726,-0.0051726,0.15592,0.30303,1,0.25984
472.5,551,3.0521,10.408,0.014296,-0.080419,-0.080419,1.7517,0.33333,1,0.16535
472.5,551,6.1888,10.147,0.026145,-0.01306,-0.01306,0.0065239,0.47619,1,0.16535
472.5,571,0.94644,5.9095,0.0040413,-0.062829,-0.062829,1.2025,0.16667,1,0.18898
472.5,571,3.0877,6.7669,0.0087604,-0.19905,-0.19905,14.195,0.70833,1,0.18898
472.5,591,1.6539,6.0144,2.0205,-3.5401,-3.5401,9.4794,0.95833,1,0.18898
472.5,611,0.032303,10.928,0.12363,-0.30804,-0.30804,40.34,0.92308,1,0.20472
472.5,631,6.2448,8.8777,0.026222,0.13193,0.13193,2.8699,0.79167,1,0.18898
472.5,651,0.040593,9.0157,0.024714,0.062467,0.062467,2.573,0.90323,1,0.24409
472.5,671,6.2519,9.1342,0.01543,0.10525,0.10525,2.6136,1,1,0.07874
492.5,391,2.8816,2.4,1.1506,-0.11932,-0.11932,2.6973,1,1,0.15748
492.5,411,2.2268,3.9532,1.7009,-1.1367,-1.1367,5.3139,1,1,0.23622
492.5,431,2.1,4.0881,1.6464,-1.2077,-1.2077,5.523,1,1,0.23622
492.5,451,1.1772,6.3205,0.010762,-0.024242,-0.024242,0.066842,0.36329,1,0.23622
492.5,451,2.4015,3.6913,1.2096,0.0020291,0.0020291,4.9268,0.63671,1,0.23622
492.5,471,0.95473,6.1516,0.026888,0.03412,0.03412,0.097531,0.75,1,0.15748
492.5,511,6.2526,10.115,0.023271,-0.011615,-0.011615,0.0057971,0.5,1,0.15748
492.5,531,2.994,11.264,0.0059457,-0.022853,-0.022853,0.79903,0.60606,1,0.25984
492.5,551,3.0354,10.979,0.0065239,-0.040404,-0.040404,0.59703,0.85,1,0.15748
492.5,571,3.1022,7.6852,0.0082717,-0.2649,-0.2649,46.716,0.96,1,0.19685
492.5,591,1.2642,6.4492,2.3516,-4.5388,-4.5388,10.376,0.95833,1,0.18898
492.5,611,0.00396,12.147,0.075227,-0.15354,-0.15354,51.62,1,1,0.1811
492.5,631,0.054287,9.4126,0.022777,0.1579,0.1579,1.5236,0.81818,1,0.17323
492.5,651,0.0087617,9.2169,0.020487,0.13361,0.13361,1.8432,0.96774,1,0.24409
492.5,671,0.080444,9.6657,0.020692,0.12715,0.12715,1.0927,1,1,0.07874
512.5,391,2.9134,2.2187,0.10764,-0.10348,-0.10348,0.1025,0.7,1,0.23622
512.5,391,1.181,5.9724,0.004096,-0.0039434,-0.0039434,0.0037964,0.066667,1,0.23622
512.5,411,2.6788,2.9853,1.4718,-0.76153,-0.76153,3.1948,1,1,0.30709
512.5,431,1.4458,6.6187,0.2641,0.27145,0.27145,0.64808,0.40767,1,0.31496
512.5,431,2.5779,2.9995,1.4523,0.033192,0.033192,2.2612,0.59233,1,0.31496
512.5,451,1.0044,6.1274,0.034317,0.015815,0.015815,0.12528,0.51228,1,0.31496
512.5,451,1.7748,3.646,1.7374,0.64784,0.64784,4.7844,0.43772,1,0.31496
512.5,451,5.377,2.9545,0.0081,-0.042828,-0.042828,0.22645,0.05,1,0.31496
512.5,471,0.88518,6.0468,0.017523,0.012701,0.012701,0.1019,0.73333,1,0.23622
512.5,511,2.9548,11.551,0.0048324,-0.018072,-0.018072,1.278,0.5,1,0.15748
512.5,531,3.0361,11.166,0.0081797,-0.024872,-0.024872,0.77803,0.90909,1,0.25984
512.5,551,3.0224,9.9249,0.0095361,-0.11006,-0.11006,12.307,0.9,1,0.23622
512.5,571,3.0787,8.5759,0.0079988,-0.042116,-0.042116,18.771,0.93333,1,0.11811
512.5,591,6.1082,10.678,0.086636,-0.076928,-0.076928,2.5036,0.45833,1,0.18898
512.5,591,3.0789,10.815,0.0065327,-0.44959,-0.44959,97.672,0.54167,1,0.18898
512.5,611,6.2528,13.353,0.053389,0.075936,0.075936,54.566,1,1,0.1811
512.5,631,6.2725,8.8535,0.028284,0.24127,0.24127,2.7444,0.86364,1,0.17323
512.5,651,0.013732,9.0729,0.018137,0.11719,0.11719,1.6868,0.9697,1,0.25984
512.5,671,6.2603,8.8509,0.017596,0.12136,0.12136,1.481,1,1,0.07874
532.5,371,2.8037,2.3316,0.080744,-0.082844,-0.082844,0.088237,1,1,0.23622
532.5,391,2.8806,2.2492,0.10673,-0.1075,-0.1075,0.11324,0.91892,1,0.29134
532.5,411,1.8694,5.9455,0.52058,0.23353,0.23353,1.7742,0.44728,1,0.30709
532.5,411,3.0528,2.3919,1.5215,0.15056,0.15056,0.60918,0.55272,1,0.30709
532.5,431,5.1467,2.7884,3.7282,1.3311,1.3311,0.69157,0.58071,1,0.29921
532.5,431,1.4467,6.4145,0.21907,0.12603,0.12603,0.64176,0.41929,1,0.29921
532.5,451,1.3663,5.7122,0.62941,-0.31617,-0.31617,2.5362,0.83517,1,0.28346
532.5,451,5.4368,3.117,0.081839,0.11515,0.11515,0.35961,0.10928,1,0.28346
532.5,451,1.168,1.7469,0.01,0.023581,0.023581,0.055609,0.055555,1,0.28346
532.5,471,0.92325,6.1357,0.044453,0.061329,0.061329,0.23379,0.85714,1,0.27559
532.5,471,5.444,3.1304,0.083811,0.11934,0.11934,0.36514,0.11429,1,0.27559
532.5,511,3.1204,10.969,0.0019964,-0.0040444,-0.0040444,0.67799,0.5,1,0.15748
532.5,531,3.1446,11.194,0.044805,-0.081337,-0.081337,1.008,0.88235,1,0.26772
532.5,551,3.1017,10.734,0.004461,-0.0097564,-0.0097564,0.58806,0.72222,1,0.14173
532.5,571,3.0803,9.3143,0.0070322,-0.26185,-0.26185,55.328,0.82353,1,0.13386
532.5,591,6.0291,11.786,0.045567,-0.17462,-0.17462,3.2792,0.64286,1,0.11024
532.5,591,2.7725,3.7177,0.10393,-0.046788,-0.046788,3.5123,0.21429,1,0.11024
532.5,611,0.0047935,13.631,0.035514,0.070019,0.070019,57.204,1,1,0.13386
532.5,631,0.0022542,8.5928,0.021092,0.19379,0.19379,4.0152,0.88,1,0.19685
532.5,651,0.0090207,8.7694,0.020267,0.21067,0.21067,3.9987,0.97143,1,0.27559
532.5,671,0.028307,8.7876,0.016961,0.1377,0.1377,3.2095,1,1,0.15748
552.5,351,2.8891,2.2055,0.021242,-0.019606,-0.019606,0.022375,0.61739,1,0.07874
552.5,351,2.5655,2.5605,0.0016512,-0.00065627,-0.00065627,0.0032551,0.38261,1,0.07874
552.5,371,2.8035,2.3199,0.079568,-0.082368,-0.082368,0.090355,1,1,0.23622
552.5,391,2.6135,2.921,0.37932,-0.22673,-0.22673,2.7187,1,1,0.28346
552.5,411,2.3663,3.6197,1.1685,-0.41329,-0.41329,3.8154,0.92604,1,0.30709
552.5,411,0.12652,3.3223,0.25902,0.0069527,0.0069527,0.0011688,0.073959,1,0.30709
552.5,431,1.2446,4.9117,1.3202,0.2908,0.2908,3.1601,1,1,0.23622
552.5,451,0.98638,6.1053,0.11051,0.090717,0.090717,0.22895,0.70929,1,0.35433
552.5,451,6.2258,3.1533,0.86985,0.15937,0.15937,0.84567,0.29071,1,0.35433
552.5,511,0.77627,5.8065,0.051649,0.19588,0.19588,0.76337,0.36667,1,0.23622
552.5,511,3.3586,11.061,0.045179,-0.13126,-0.13126,0.87266,0.33333,1,0.23622
552.5,531,2.7347,9.5306,1.6875,1.8678,1.8678,5.3759,1,1,0.27559
552.5,551,3.3245,11.107,0.0477,-0.14554,-0.14554,0.94559,0.77273,1,0.17323
552.5,551,6.0608,9.6959,0.058459,-0.67441,-0.67441,8.8386,0.22727,1,0.17323
552.5,571,5.778,13.437,0.012414,-0.040559,-0.040559,0.2067,0.15,1,0.15748
552.5,571,2.8557,5.5054,0.18415,0.65691,0.65691,6.4405,0.8,1,0.15748
552.5,591,2.7897,4.2904,0.1061,0.17037,0.17037,1.9172,0.52632,1,0.14961
552.5,611,6.2743,14.011,0.034701,-0.0066367,-0.0066367,52.054,1,1,0.13386
552.5,631,0.07536,8.975,0.032469,0.44375,0.44375,7.9672,0.89655,1,0.22835
552.5,651,0.040765,8.7215,0.020654,0.23676,0.23676,4.7284,0.97368,1,0.29921
552.5,671,0.080084,9.0123,0.023194,0.28219,0.28219,5.1779,1,1,0.23622
552.5,691,0.089944,9.0784,0.017973,0.20722,0.20722,4.3712,1,1,0.07874
572.5,371,2.8891,2.2055,0.021242,-0.019606,-0.019606,0.022375,0.61739,1,0.07874
572.5,371,2.5655,2.5605,0.0016512,-0.00065627,-0.00065627,0.0032551,0.38261,1,0.07874
572.5,411,2.3601,4.6417,0.81549,-0.16076,-0.16076,5.4303,1,1,0.07874
572.5,431,0.8096,5.813,0.002024,0.01369,0.01369,0.092764,0.5,1,0.15748
572.5,431,6.2758,3.486,0.64326,0.4995,0.4995,0.41718,0.35,1,0.15748
572.5,491,5.8805,13.636,0.012605,0.030745,0.030745,0.38446,0.090909,1,0.34646
572.5,491,0.68491,6.3041,0.1571,-0.23717,-0.23717,1.2012,0.90909,1,0.34646
572.5,511,0.48748,8.0096,1.3685,-1.2914,-1.2914,10.357,1,1,0.33858
572.5,531,6.0855,8.1772,0.030996,-0.50033,-0.50033,13.682,0.51282,1,0.30709
572.5,531,2.9892,9.4099,0.31124,0.96854,0.96854,5.2689,0.48718,1,0.30709
572.5,551,2.7466,7.7332,0.34711,0.72768,0.72768,5.027,0.75758,1,0.25984
572.5,551,6.071,10.233,0.031439,-0.30313,-0.30313,4.5804,0.24242,1,0.25984
572.5,571,2.8594,5.5559,0.17409,0.19646,0.19646,4.7005,0.81481,1,0.2126
572.5,571,5.8622,12.257,0.0034236,-8.1119e-06,-8.1119e-06,0.36048,0.11111,1,0.2126
572.5,591,2.9361,4.5579,0.10785,0.17086,0.17086,0.97571,0.55556,1,0.14173
572.5,591,6.1084,10.109,0.015872,-0.0059263,-0.0059263,0.0050121,0.22222,1,0.14173
572.5,611,6.2344,10.642,0.0038084,-0.18224,-0.18224,21.987,0.625,1,0.12598
572.5,631,0.0097838,8.569,0.051851,0.31966,0.31966,4.751,0.77778,1,0.2126
572.5,651,0.078223,9.0073,0.024669,0.27976,0.27976,5.2466,0.96774,1,0.24409
572.5,671,0.093123,8.9075,0.017781,0.14054,0.14054,2.5731,1,1,0.23622
572.5,691,0.073363,8.8952,0.01677,0.11806,0.11806,2.2148,1,1,0.07874
592.5,491,0.33948,7.5698,0.26644,-0.79702,-0.79702,9.5368,1,1,0.15748
592.5,511,6.0932,8.8051,0.030022,-0.34945,-0.34945,12.621,0.93939,1,0.25984
592.5,531,6.1243,8.6835,0.024672,-0.22282,-0.22282,13.367,0.62857,1,0.27559
592.5,531,2.6134,7.3783,0.27805,0.47415,0.47415,2.9042,0.37143,1,0.27559
592.5,551,2.9675,6.7225,0.2812,0.20767,0.20767,4.0849,0.73077,1,0.20472
592.5,551,6.0926,11.251,0.051947,-0.22099,-0.22099,1.4254,0.26923,1,0.20472
592.5,571,3.0603,5.7089,0.11693,0.0058734,0.0058734,2.8462,0.85714,1,0.22047
592.5,571,5.933,11.722,0.0029948,0.01634,0.01634,0.08915,0.071429,1,0.22047
592.5,591,6.0164,11.88,0.010827,0.015602,0.015602,2.5201,0.35714,1,0.11024
592.5,611,6.246,8.403,0.0041565,-0.06361,-0.06361,1.0151,0.26667,1,0.11811
592.5,611,2.6675,8.7218,0.00010858,-0.020982,-0.020982,4.0547,0.13333,1,0.11811
592.5,631,6.198,7.8282,0.076577,0.2625,0.2625,1.8064,0.76667,1,0.23622
592.5,631,2.6987,9.4047,0.0020176,0.028603,0.028603,3.6357,0.1,1,0.23622
592.5,651,0.020884,8.3158,0.0398,0.23283,0.23283,1.8978,0.9697,1,0.25984
592.5,671,0.15679,9.2917,0.0083984,0.066431,0.066431,1.7466,0.63539,1,0.23622
592.5,671,6.1598,7.4724,0.0094749,0.073,0.073,0.74423,0.36461,1,0.23622
592.5,691,0.11606,8.7488,0.017673,0.10028,0.10028,1.0787,1,1,0.07874
612.5,491,6.1896,7.2871,0.025949,-0.40528,-0.40528,11.139,0.8,1,0.07874
612.5,511,6.1732,7.119,0.0266,-0.2465,-0.2465,14.52,0.88571,1,0.27559
612.5,511,3.015,5.7155,0.000841,0.0050511,0.0050511,0.030337,0.057143,1,0.27559
612.5,531,2.9698,6.7569,0.012133,-0.03521,-0.03521,1.2333,0.27586,1,0.22835
612.5,531,6.2132,7.1485,0.023259,-0.3075,-0.3075,12.276,0.72414,1,0.22835
612.5,551,6.1991,10.397,0.048315,-0.28387,-0.28387,4.6555,0.36,1,0.19685
612.5,551,3.2104,6.8491,0.036214,0.16304,0.16304,7.1831,0.64,1,0.19685
612.5,571,3.1787,6.4619,0.024892,0.17067,0.17067,5.8866,0.80769,1,0.20472
612.5,571,5.9908,12.349,0.0014059,0.059126,0.059126,2.5064,0.11538,1,0.20472
612.5,591,3.0141,4.275,0.027586,0.037368,0.037368,5.6241,0.71429,1,0.11024
612.5,611,2.9449,2.7607,0.050732,-0.40056,-0.40056,5.1513,0.42308,1,0.20472
612.5,611,6.2491,22.026,0.0011587,-0.00086938,-0.00086938,0.00065229,0.076923,1,0.20472
612.5,611,5.8976,7.3715,0.055821,0.16894,0.16894,1.2855,0.38462,1,0.20472
612.5,631,6.1654,7.9444,0.075502,0.27898,0.27898,1.9745,0.90909,1,0.25984
612.5,651,6.2446,8.0886,0.036929,0.1702,0.1702,2.7714,1,1,0.29134
612.5,671,0.013947,8.2737,0.04033,0.26462,0.26462,2.2268,1,1,0.23622
612.5,691,6.2577,8.2412,0.03593,0.29895,0.29895,2.9147,1,1,0.07874
632.5,311,5.5796,5.4024,0.056141,0.37132,0.37132,3.053,1,1,0.07874
632.5,331,5.5663,5.6477,0.018315,0.092857,0.092857,1.142,1,1,0.07874
632.5,371,5.48,4.9467,0.043528,0.1014,0.1014,0.71499,1,1,0.07874
632.5,491,5.1415,1.4809,0.41425,0.11599,0.11599,0.10135,0.55,1,0.15748
632.5,511,5.9528,4.5847,0.89396,0.58642,0.58642,13.506,0.91114,1,0.35433
632.5,511,3.0717,5.8502,0.0037177,0.010254,0.010254,0.033416,0.088861,1,0.35433
632.5,531,3.0858,5.9372,0.0084776,0.0095264,0.0095264,0.010705,0.18421,1,0.29921
632.5,531,6.0416,4.6338,0.92186,0.51419,0.51419,11.906,0.81579,1,0.29921
632.5,551,6.1518,9.6162,0.084781,-0.22079,-0.22079,3.6002,0.38889,1,0.14173
632.5,551,3.1712,5.9668,0.0070017,-0.0078659,-0.0078659,0.89773,0.5,1,0.14173
632.5,571,3.1319,6.2956,0.0096281,-0.027819,-0.027819,0.57149,0.68,1,0.19685
632.5,571,5.9144,12.001,0.013567,0.13846,0.13846,2.9766,0.12,1,0.19685
632.5,591,2.7759,1.1357,0.30765,0.1036,0.1036,0.13899,0.48485,1,0.25984
632.5,591,5.9613,14.393,0.025683,0.90363,0.90363,55.806,0.36364,1,0.25984
632.5,611,6.0528,10.5,0.045675,0.33057,0.33057,48.824,0.55172,1,0.22835
632.5,611,2.8144,1.816,0.35826,0.054931,0.054931,2.9521,0.44828,1,0.22835
632.5,631,6.1912,7.9971,0.018875,-0.12381,-0.12381,2.5475,0.95833,1,0.18898
632.5,651,6.2212,8.4297,0.023378,0.028178,0.028178,2.8442,1,1,0.27559
632.5,671,6.2135,8.0967,0.029331,0.078614,0.078614,3.2852,1,1,0.15748
652.5,211,3.0411,1.0748,3.2127,-0.062741,-0.062741,0.17013,1,1,0.07874
652.5,231,2.7903,0.95311,0.10855,-0.074742,-0.074742,0.11664,0.3,1,0.07874
652.5,251,4.3889,1.0758,3.4604,0.951,0.951,0.38953,1,1,0.07874
652.5,271,3.3546,0.95408,0.19161,-0.036548,-0.036548,0.017932,0.29876,1,0.07874
652.5,271,6.0187,1.1359,1.48,-0.2905,-0.2905,0.11353,0.70124,1,0.07874
652.5,291,5.5796,5.4024,0.056141,0.37132,0.37132,3.053,1,1,0.07874
652.5,311,5.6202,5.4607,0.00031041,0.00037181,0.00037181,0.005053,0.11418,1,0.23622
652.5,311,5.5781,5.4973,0.03284,0.2115,0.2115,2.0879,0.88582,1,0.23622
652.5,331,5.5608,5.2367,0.037075,0.19467,0.19467,1.764,1,1,0.24409
652.5,351,5.5358,5.1477,0.034458,0.11873,0.11873,1.0793,1,1,0.25197
652.5,371,5.5123,4.9502,0.033028,0.072468,0.072468,0.54329,1,1,0.23622
652.5,391,5.48,4.9467,0.043528,0.1014,0.1014,0.71499,1,1,0.07874
652.5,471,5.0304,1.4605,0.32002,0.10263,0.10263,0.10689,1,1,0.07874
652.5,491,5.4789,2.4737,0.58616,0.95967,0.95967,8.8194,1,1,0.23622
652.5,511,5.4862,3.3147,1.3007,-0.052499,-0.052499,8.7712,1,1,0.40945
652.5,531,3.2014,5.712,0.017878,-0.086106,-0.086106,0.41472,0.12,1,0.3937
652.5,531,5.8804,4.0673,0.78908,0.39361,0.39361,14.56,0.88,1,0.3937
652.5,551,5.9072,9.7896,1.1675,6.5587,6.5587,49.008,0.59091,1,0.17323
652.5,551,3.1055,7.3996,0.015065,0.097485,0.097485,3.7182,0.40909,1,0.17323
652.5,571,3.0384,6.4678,0.061651,0.72797,0.72797,13.825,0.74194,1,0.24409
652.5,571,5.8622,13.785,0.041824,0.61586,0.61586,28.783,0.22581,1,0.24409
652.5,591,5.9915,18.515,0.022462,0.72023,0.72023,50.837,0.2963,1,0.2126
652.5,591,2.9989,6.0802,0.066521,0.71941,0.71941,11.741,0.7037,1,0.2126
652.5,611,6.1373,12.431,0.023847,-0.042708,-0.042708,45.318,0.86111,1,0.28346
652.5,611,2.6676,1.1265,0.045639,0.0030845,0.0030845,0.10324,0.13889,1,0.28346
652.5,631,6.2493,29.534,0.0011455,-0.001146,-0.001146,0.0011465,0.057143,1,0.27559
652.5,631,6.2055,9.3041,0.012278,-0.1019,-0.1019,2.7522,0.91429,1,0.27559
652.5,651,6.2072,9.0281,0.017068,-0.15018,-0.15018,4.1785,0.97059,1,0.26772
652.5,671,6.2387,9.5657,0.0066658,-0.080778,-0.080778,1.7951,1,1,0.07874
672.5,191,3.0411,1.0748,3.2127,-0.062741,-0.062741,0.17013,1,1,0.07874
672.5,211,5.2128,1.0288,3.7827,-0.45048,-0.45048,0.20206,1,1,0.23622
672.5,231,4.3636,1.0589,4.9789,-0.65884,-0.65884,0.24603,1,1,0.23622
672.5,251,4.4645,1.0611,3.4143,0.39741,0.39741,0.22004,1,1,0.23622
672.5,271,4.6931,1.1597,3.2088,0.39494,0.39494,0.22786,1,1,0.23622
672.5,291,5.3692,1.0807,3.6289,-0.10923,-0.10923,0.091882,0.49862,1,0.15748
672.5,291,5.602,5.4182,0.012958,0.10391,0.10391,1.3603,0.50138,1,0.15748
672.5,311,5.6081,5.4662,0.027894,0.17045,0.17045,1.5927,1,1,0.23622
672.5,331,5.5074,5.0948,0.013852,0.0073239,0.0073239,0.63027,0.65825,1,0.27559
672.5,331,5.7208,7.1983,0.0034217,0.01293,0.01293,0.29525,0.34175,1,0.27559
672.5,351,5.5816,5.3184,0.04297,0.15993,0.15993,1.1711,1,1,0.26772
672.5,371,5.4765,4.9967,0.03101,0.07884,0.07884,0.51263,1,1,0.23622
672.5,391,5.6245,5.3362,0.0019803,0.00096454,0.00096454,0.00046981,0.2,1,0.07874
672.5,471,5.6088,1.4804,0.30444,0.14322,0.14322,0.20781,1,1,0.07874
672.5,491,5.2784,1.4688,0.3924,0.12311,0.12311,0.19993,0.9,1,0.23622
672.5,511,5.8645,2.8236,1.319,1.9229,1.9229,8.6325,1,1,0.3937
672.5,531,4.603,8.0089,2.0275,1.51,1.51,5.7968,0.38392,1,0.43307
672.5,531,5.609,1.8008,0.6451,0.074337,0.074337,0.17161,0.61608,1,0.43307
672.5,551,5.1653,6.8137,2.4436,3.1071,3.1071,32.703,1,1,0.22835
672.5,571,3.1567,7.8431,0.03626,0.20106,0.20106,4.699,0.94872,1,0.30709
672.5,591,3.1578,6.4472,0.10435,0.7179,0.7179,9.4684,0.625,1,0.37795
672.5,591,6.0727,15.091,0.027124,0.021051,0.021051,44.853,0.375,1,0.37795
672.5,611,6.2124,10.36,0.017072,-0.18664,-0.18664,29.911,0.82456,1,0.44882
672.5,611,3.126,7.9751,0.026246,0.25905,0.25905,5.235,0.17544,1,0.44882
672.5,631,6.2117,10.134,0.016328,-0.14035,-0.14035,25.576,1,1,0.43307
672.5,651,6.2055,9.5254,0.015893,-0.14511,-0.14511,3.1083,0.76744,1,0.33858
672.5,651,5.412,2.0658,0.31095,0.20122,0.20122,0.22991,0.23256,1,0.33858
672.5,671,6.0165,6.0923,0.77246,0.23991,0.23991,16.732,1,1,0.15748
672.5,691,4.736,2.1445,0.010245,0.008043,0.008043,0.92481,1,1,0.07874
672.5,711,4.7179,2.9149,0.0088471,-0.011145,-0.011145,0.53826,1,1,0.07874
692.5,191,5.3074,0.98545,2.8763,-0.65663,-0.65663,0.25523,1,1,0.07874
692.5,211,4.4182,1.0915,4.1519,-0.54984,-0.54984,0.17611,1,1,0.23622
692.5,231,5.1628,1.0935,5.17,-0.52182,-0.52182,0.2393,0.99213,1,1
692.5,251,4.3826,1.1241,4.6284,0.39887,0.39887,0.25078,0.99213,1,1
692.5,271,4.0371,1.1248,3.2269,0.21226,0.21226,0.17959,1,1,0.23622
692.5,291,5.3795,3.4443,0.99628,0.52376,0.52376,4.7815,1,1,0.15748
692.5,311,5.6051,5.8053,0.016798,0.077537,0.077537,1.2318,1,1,0.23622
692.5,331,5.6331,6.0456,0.031192,0.11893,0.11893,1.3095,1,1,0.25197
692.5,351,5.5753,5.8058,0.044458,0.19903,0.19903,1.6888,1,1,0.23622
692.5,371,5.5475,5.3737,0.045978,0.17622,0.17622,1.1059,1,1,0.23622
692.5,391,5.4622,4.9199,0.027726,0.10108,0.10108,0.6657,1,1,0.07874
692.5,471,5.1606,1.4643,0.36372,0.1147,0.1147,0.32129,0.7,1,0.07874
692.5,491,6.1388,8.8287,0.12087,-0.3927,-0.3927,2.6488,0.48485,1,0.25984
692.5,491,5.4242,1.4738,0.37752,0.13321,0.13321,0.2546,0.51515,1,0.25984
692.5,511,6.1652,8.2043,0.17118,-0.65261,-0.65261,3.003,0.36842,1,0.29921
692.5,511,5.1255,1.495,0.33057,-0.014291,-0.014291,0.25229,0.5,1,0.29921
692.5,531,4.7893,6.1483,1.5634,-1.2793,-1.2793,24.245,1,1,0.33858
692.5,551,3.1239,7.2479,0.024415,0.058093,0.058093,3.0342,0.63889,1,0.28346
692.5,551,6.0266,10.197,0.06584,-0.050669,-0.050669,0.038994,0.055555,1,0.28346
692.5,551,0.54277,13.448,1.4206,10.636,10.636,91.341,0.30556,1,0.28346
692.5,571,3.2481,7.1563,0.056136,0.2466,0.2466,4.6519,0.93023,1,0.33858
692.5,591,3.2854,7.6729,0.06822,0.26528,0.26528,4.6896,0.76471,1,0.40157
692.5,591,0.024726,7.2853,0.014117,-0.093536,-0.093536,1.7434,0.19608,1,0.40157
692.5,611,6.2502,8.8167,0.013784,-0.18772,-0.18772,19.966,0.82143,1,0.44094
692.5,611,3.4144,6.8533,0.069721,0.3734,0.3734,2.4889,0.17857,1,0.44094
692.5,631,6.2699,7.629,0.014942,-0.15218,-0.15218,2.6532,0.81967,1,0.48031
692.5,631,5.412,2.0659,0.31096,0.20124,0.20124,0.22994,0.16394,1,0.48031
692.5,651,5.952,6.042,0.54886,0.92049,0.92049,28.935,1,1,0.33071
692.5,671,5.3271,2.2401,0.80358,-0.025641,-0.025641,0.95127,1,1,0.23622
692.5,691,5.0905,2.5231,0.77392,-0.15992,-0.15992,1.1156,1,1,0.23622
692.5,711,4.7359,2.413,0.0089132,-0.029637,-0.029637,1.6123,1,1,0.23622
692.5,731,4.7179,2.9149,0.0088471,-0.011145,-0.011145,0.53826,1,1,0.07874
712.5,191,4.2017,1.2142,1.4038,0.079938,0.079938,0.07637,1,1,0.07874
712.5,211,0.52363,1.1439,2.4322,-0.061858,-0.061858,0.0015821,0.12422,1,0.23622
712.5,211,4.7388,1.088,3.1165,-0.66406,-0.66406,0.23756,0.87578,1,0.23622
712.5,231,4.1567,1.1199,5.3848,0.34197,0.34197,0.25452,1,1,0.94488
712.5,251,3.6119,1.0822,5.7885,0.45642,0.45642,0.2279,0.9899,1,0.77953
712.5,271,5.0955,1.3578,0.02117,0.030543,0.030543,0.044066,0.066664,1,0.23622
712.5,271,4.4442,0.76743,4.6976,0.40955,0.40955,0.058422,0.55164,1,0.23622
712.5,271,4.1354,1.5701,2.1827,0.090159,0.090159,0.038936,0.3817,1,0.23622
712.5,291,3.2368,0.97097,2.1081,0.33916,0.33916,0.21981,0.5,1,0.15748
712.5,291,1.5877,11.688,0.0088208,0.04397,0.04397,0.56895,0.5,1,0.15748
712.5,311,5.6418,5.5668,0.012786,0.033538,0.033538,0.3904,0.5,1,0.15748
712.5,311,1.5626,11.487,0.0037964,0.001546,0.001546,0.25174,0.5,1,0.15748
712.5,331,5.5706,6.4199,0.022288,0.12708,0.12708,1.4098,0.5,1,0.15748
712.5,331,1.6116,11.374,0.0096396,0.043588,0.043588,0.91597,0.5,1,0.15748
712.5,351,5.693,6.0777,0.056693,0.23963,0.23963,1.755,1,1,0.07874
712.5,371,5.4622,4.9199,0.027726,0.10108,0.10108,0.6657,1,1,0.07874
712.5,471,6.0386,9.5324,0.20429,-0.51459,-0.51459,2.2585,0.91667,1,0.094488
712.5,491,5.8418,7.7588,0.33148,0.95744,0.95744,13.879,0.96875,1,0.25197
712.5,511,6.1408,9.0114,0.12337,-0.36824,-0.36824,2.1288,0.80645,1,0.24409
712.5,531,3.0777,7.3178,0.0076309,0.019287,0.019287,1.4652,0.41176,1,0.26772
712.5,531,0.34702,12.18,0.68653,4.7153,4.7153,41.655,0.58824,1,0.26772
712.5,551,3.1051,6.3866,0.0045329,-0.052517,-0.052517,0.61498,0.42639,1,0.16535
712.5,551,4.9091,11.83,6.2633,15.587,15.587,49.962,0.57361,1,0.16535
712.5,571,3.1517,6.9861,0.029777,0.11959,0.11959,3.7924,0.80486,1,0.32283
712.5,571,0.26849,15.834,0.42214,0.25023,0.25023,32.199,0.19514,1,0.32283
712.5,591,3.4093,6.9311,0.074367,0.37561,0.37561,2.9628,0.90909,1,0.17323
712.5,611,0.033114,7.1273,0.010749,-0.074933,-0.074933,1.4259,0.825,1,0.31496
712.5,631,0.038681,6.9832,0.010674,-0.093981,-0.093981,1.6358,0.93103,1,0.22835
712.5,651,5.2914,1.9542,0.26731,0.15603,0.15603,0.21122,0.63415,1,0.32283
712.5,671,1.2915,2.0758,0.13457,-0.156,-0.156,0.22945,0.32423,1,0.40945
712.5,671,4.9936,2.4611,0.5757,-0.0014211,-0.0014211,1.7358,0.67577,1,0.40945
712.5,691,4.7416,2.3568,0.010764,0.0025093,0.0025093,2.0067,0.76923,1,0.40945
712.5,711,4.6,2.4635,0.32354,0.044722,0.044722,1.3553,0.97222,1,0.28346
712.5,731,4.689,4.0708,0.000169,-0.0017134,-0.0017134,0.017371,0.2,1,0.07874
712.5,731,4.7699,1.707,0.0074081,-0.052082,-0.052082,2.6225,0.8,1,0.07874
732.5,11,1.5176,11.026,0.00182,-0.00091191,-0.00091191,0.00045693,0.83333,1,0.094488
732.5,31,1.5172,11.027,0.0023491,-0.0011762,-0.0011762,0.0005889,0.90909,1,0.25984
732.5,91,1.5121,11.029,0.0019069,-0.00095639,-0.00095639,0.00047969,0.83333,1,0.094488
732.5,131,1.4532,9.0656,0.011601,-0.043448,-0.043448,0.66721,1,1,0.07874
732.5,151,1.4685,9.1051,0.0055793,0.019129,0.019129,1.0678,1,1,0.07874
732.5,171,1.5329,9.9805,0.0066163,0.029899,0.029899,1.3976,1,1,0.07874
732.5,191,5.1109,1.0852,3.4657,-0.86346,-0.86346,0.26785,1,1,0.07874
732.5,211,4.4375,1.1192,4.9743,-0.9638,-0.9638,0.2723,0.75,1,0.31496
732.5,231,1.2466,1.2024,0.30696,0.25528,0.25528,0.33759,0.27973,1,0.31496
732.5,231,4.4233,1.0092,1.7105,-0.040355,-0.040355,0.31169,0.47027,1,0.31496
732.5,251,5.6915,1.0459,2.2201,-0.078237,-0.078237,0.22551,0.56902,1,0.31496
732.5,251,2.3305,1.1391,0.23055,-0.31026,-0.31026,0.48801,0.18098,1,0.31496
732.5,251,1.5594,9.4688,0.035901,-0.094552,-0.094552,1.9374,0.25,1,0.31496
732.5,271,1.193,1.415,0.002209,0.010639,0.010639,0.051239,0.039999,1,0.3937
732.5,271,1.5766,1.0125,6.5594,0.86318,0.86318,0.21384,0.56,1,0.3937
732.5,271,1.6397,10.586,0.01376,0.040095,0.040095,3.5324,0.4,1,0.3937
732.5,291,1.5934,11.636,0.008406,0.015914,0.015914,0.42048,0.7619,1,0.33071
732.5,291,5.191,1.0467,3.9436,-0.21141,-0.21141,0.14827,0.2381,1,0.33071
732.5,311,1.5914,11.505,0.0080125,0.030601,0.030601,0.60379,1,1,0.25197
732.5,331,1.5917,11.547,0.0095317,0.050174,0.050174,0.80459,1,1,0.25197
732.5,351,1.4901,10.691,0.019694,0.10969,0.10969,1.1583,1,1,0.15748
732.5,431,0.025699,15.234,4.6731,7.2708,7.2708,14.786,1,1,0.094488
732.5,451,5.4899,16.16,1.3557,2.3646,2.3646,38.461,1,1,0.11024
732.5,471,5.6193,10.402,0.16304,-0.16144,-0.16144,2.252,0.91667,1,0.18898
732.5,491,5.9001,9.5513,0.89318,-1.3137,-1.3137,5.828,0.94118,1,0.26772
732.5,511,6.03,9.6476,0.13104,-0.31183,-0.31183,2.7979,0.7931,1,0.22835
732.5,531,6.2084,8.3174,0.11293,-0.28982,-0.28982,2.3204,0.5,1,0.17323
732.5,531,3.0754,6.9409,0.0091383,-0.044464,-0.044464,1.0735,0.40909,1,0.17323
732.5,551,3.0302,6.1225,0.012644,0.036543,0.036543,2.0917,0.66654,1,0.18898
732.5,551,0.11031,19.011,0.82239,-6.4823,-6.4823,141.85,0.33346,1,0.18898
732.5,571,3.0337,6.1165,0.026959,0.056865,0.056865,1.5411,0.88889,1,0.14173
732.5,591,3.6238,7.8411,0.60325,1.0893,1.0893,2.5482,0.8,1,0.07874
732.5,611,0.085072,7.3571,0.059339,0.37102,0.37102,3.7272,0.63158,1,0.14961
732.5,631,5.9102,7.6746,0.51259,1.5123,1.5123,49.711,1,1,0.25197
732.5,651,5.2488,1.9407,0.15324,0.12363,0.12363,0.23875,0.5,1,0.17323
732.5,651,3.486,14.346,0.10601,-0.19903,-0.19903,0.37603,0.13636,1,0.17323
732.5,671,4.9857,2.52,0.21749,0.050319,0.050319,1.6971,0.53328,1,0.41732
732.5,671,0.95664,2.111,0.5611,-0.17792,-0.17792,0.21543,0.46672,1,0.41732
732.5,691,5.3002,2.3867,1.8607,0.11102,0.11102,0.84209,0.97826,1,0.3622
732.5,711,4.628,2.1586,1.0681,-0.074861,-0.074861,1.4756,0.9697,1,0.25984
732.5,731,4.2723,2.6777,0.96529,0.34375,0.34375,0.5583,1,1,0.07874
752.5,11,1.5285,11.021,0.0020037,-0.0010055,-0.0010055,0.00050465,0.83333,1,0.094488
752.5,31,1.5211,11.025,0.0017589,-0.00088071,-0.00088071,0.00044101,0.91176,1,0.26772
752.5,91,1.5079,11.031,0.00080389,-0.00040205,-0.00040205,0.00020111,0.43478,1,0.1811
752.5,91,4.6223,8.9941,0.017357,-0.00754,-0.00754,0.13706,0.43478,1,0.1811
752.5,111,1.455,9.676,0.0086525,-0.030659,-0.030659,1.4648,0.58333,1,0.18898
752.5,111,4.5359,8.7745,0.018157,0.0031803,0.0031803,0.10433,0.41667,1,0.18898
752.5,131,1.4631,9.7401,0.010598,0.023383,0.023383,2.0305,1,1,0.26772
752.5,151,1.4879,9.6567,0.0088941,0.021702,0.021702,1.8637,1,1,0.25984
752.5,171,1.5006,10.072,0.0063,0.026371,0.026371,2.4097,1,1,0.25984
752.5,191,1.5423,9.9797,0.0069353,-0.02884,-0.02884,2.381,0.69697,1,0.25984
752.5,191,4.8014,11.449,0.013521,0.062096,0.062096,0.5376,0.30303,1,0.25984
752.5,211,1.5349,9.1973,0.0099321,-0.052978,-0.052978,5.1465,0.81395,1,0.33858
752.5,231,1.6552,8.2441,0.13404,-0.92099,-0.92099,11.407,0.90476,1,0.33071
752.5,231,4.8597,1.0335,0.45321,-0.26171,-0.26171,0.18252,0.095238,1,0.33071
752.5,251,1.5929,10.199,0.025392,0.02568,0.02568,14.993,0.77092,1,0.33858
752.5,251,1.1881,1.0923,4.2546,0.8732,0.8732,0.26237,0.22908,1,0.33858
752.5,271,1.8035,9.292,0.51493,-1.3613,-1.3613,25.153,0.93333,1,0.35433
752.5,271,5.7847,1.079,0.017439,-0.051463,-0.051463,0.1579,0.066666,1,0.35433
752.5,291,1.6364,10.586,0.010383,0.028823,0.028823,3.4624,0.97778,1,0.35433
752.5,311,1.577,11.63,0.012395,0.05413,0.05413,0.60016,0.97778,1,0.35433
752.5,331,1.4876,10.832,0.019679,0.12845,0.12845,1.3537,0.97778,1,0.35433
752.5,351,1.4475,10.681,0.016784,0.12943,0.12943,1.2821,0.97059,1,0.26772
752.5,391,1.4581,9.4207,0.010464,-0.068932,-0.068932,2.278,0.88462,1,0.20472
752.5,411,5.1508,11.842,0.03364,0.16311,0.16311,2.0658,0.62069,1,0.22835
752.5,411,1.4354,12.634,0.10794,-0.69116,-0.69116,5.1357,0.24138,1,0.22835
752.5,431,5.3548,16.765,3.8349,-9.1419,-9.1419,42.123,1,1,0.29134
752.5,451,5.877,14.894,1.8424,1.7661,1.7661,33.034,1,1,0.27559
752.5,471,5.5393,12.736,2.3755,-5.3639,-5.3639,38.891,1,1,0.29134
752.5,491,5.6992,11.006,1.2149,-2.2873,-2.2873,14.721,1,1,0.38583
752.5,511,0.75948,10.636,2.8567,-1.0782,-1.0782,27.64,1,1,0.22835
752.5,531,1.4171,9.9781,2.3651,-4.8036,-4.8036,23.127,0.95455,1,0.17323
752.5,551,3.0699,5.4118,0.017049,0.024771,0.024771,0.60554,0.66667,1,0.16535
752.5,571,2.9657,5.9036,0.026615,-0.014509,-0.014509,0.49736,0.71429,1,0.16535
752.5,611,0.91742,8.9108,1.7865,3.2265,3.2265,9.0985,0.88235,1,0.13386
752.5,631,3.888,13.509,0.29966,0.5068,0.5068,3.6664,0.32338,1,0.18898
752.5,631,0.61272,9.423,0.74786,1.6856,1.6856,6.005,0.63495,1,0.18898
752.5,651,6.0772,4.9777,2.025,4.073,4.073,16.02,0.83011,1,0.29921
752.5,651,3.8884,13.501,0.345,0.48271,0.48271,3.7091,0.16989,1,0.29921
752.5,671,0.41251,6.0732,3.8128,7.135,7.135,24.61,1,1,0.25984
752.5,691,5.7102,1.92,0.0027261,-0.019976,-0.019976,1.1422,0.11554,1,0.33071
752.5,691,6.2657,4.0323,2.3304,2.487,2.487,8.942,0.88446,1,0.33071
752.5,711,5.0316,2.2019,2.102,0.052051,0.052051,0.77832,0.75,1,0.31496
752.5,711,1.4314,6.9341,0.032567,0.02005,0.02005,0.017281,0.25,1,0.31496
752.5,731,1.4925,2.0386,0.12426,0.11362,0.11362,0.10389,0.2,1,0.07874
752.5,731,4.8926,1.6156,0.74718,-0.084222,-0.084222,0.74103,0.8,1,0.07874
772.5,11,1.5123,11.029,0.0012374,-0.00061849,-0.00061849,0.00030917,0.47619,1,0.16535
772.5,31,1.5215,11.024,0.0015291,-0.00076492,-0.00076492,0.00038267,0.69767,1,0.33858
772.5,51,1.5183,11.026,0.0015882,-0.00079415,-0.00079415,0.00039713,0.68182,1,0.34646
772.5,51,4.6083,9.7922,0.0049692,-0.016835,-0.016835,0.31599,0.22727,1,0.34646
772.5,71,1.5168,11.027,0.0014655,-0.00073308,-0.00073308,0.00036674,0.54545,1,0.43307
772.5,71,4.6588,9.5531,0.02016,0.015577,0.015577,0.38455,0.36364,1,0.43307
772.5,91,4.577,8.8642,0.019583,0.0098145,0.0098145,0.12068,0.65217,1,0.3622
772.5,111,4.5791,8.8843,0.019623,0.0025622,0.0025622,0.13275,0.57143,1,0.27559
772.5,111,1.4957,9.3805,0.014295,-0.0047941,-0.0047941,3.1462,0.42857,1,0.27559
772.5,131,1.4636,9.6297,0.013561,0.0018746,0.0018746,1.9142,0.55556,1,0.35433
772.5,131,4.5234,8.7478,0.033512,0.043994,0.043994,0.18971,0.44444,1,0.35433
772.5,151,1.4817,9.8525,0.0094281,0.038206,0.038206,1.7318,0.97826,1,0.3622
772.5,171,1.5199,10.225,0.0058832,0.0071759,0.0071759,2.2053,0.72222,1,0.28346
772.5,171,4.8014,11.449,0.013521,0.062096,0.062096,0.5376,0.27778,1,0.28346
772.5,191,4.8014,11.449,0.013521,0.062096,0.062096,0.5376,0.28571,1,0.27559
772.5,191,1.5126,9.9353,0.004195,-0.032074,-0.032074,1.5215,0.71429,1,0.27559
772.5,211,1.5434,9.226,0.0047709,-0.043391,-0.043391,0.4046,0.64865,1,0.29134
772.5,211,4.8014,11.449,0.013521,0.062096,0.062096,0.5376,0.27027,1,0.29134
772.5,231,1.5145,9.505,0.008023,-0.071963,-0.071963,0.64549,0.88462,1,0.20472
772.5,251,1.5846,9.2127,0.033134,-0.1267,-0.1267,2.9672,0.94118,1,0.13386
772.5,271,1.6624,9.1395,0.01026,0.085648,0.085648,3.6623,0.92857,1,0.22047
772.5,291,1.5825,10.696,0.011369,0.0034804,0.0034804,2.7036,0.97059,1,0.26772
772.5,311,1.4798,10.09,0.025608,0.021832,0.021832,2.2891,0.89189,1,0.29134
772.5,331,1.4878,11.085,0.025069,0.17078,0.17078,1.5263,0.88571,1,0.27559
772.5,351,1.3694,10.051,0.00025012,0.012073,0.012073,0.58288,0.84211,1,0.29921
772.5,371,1.4193,9.4925,0.0079295,-0.081377,-0.081377,1.4782,0.70213,1,0.37008
772.5,371,4.8277,16.149,0.06283,-1.5049,-1.5049,159.55,0.23404,1,0.37008
772.5,371,4.4735,46.496,0.0155,0.070163,0.070163,0.31759,0.042553,1,0.37008
772.5,391,1.456,9.3166,0.010919,-0.05737,-0.05737,2.3222,0.63889,1,0.28346
772.5,391,5.0646,11.256,0.0019713,-0.031358,-0.031358,0.63328,0.33333,1,0.28346
772.5,411,5.0502,11.676,0.0047213,-0.11042,-0.11042,2.8512,0.38889,1,0.28346
772.5,411,1.2273,10.476,0.3089,-1.9058,-1.9058,18.371,0.5,1,0.28346
772.5,431,6.2563,15.116,2.3729,2.9641,2.9641,37.114,1,1,0.27559
772.5,451,5.8741,15.445,1.5823,-2.1338,-2.1338,24.406,0.85761,1,0.22047
772.5,451,1.7196,30.254,0.14668,-1.1328,-1.1328,9.4871,0.14239,1,0.22047
772.5,471,5.4403,10.832,0.00044647,0.018337,0.018337,1.6557,0.88462,1,0.20472
772.5,491,5.4977,11.445,0.73011,-0.6275,-0.6275,11.238,0.83395,1,0.33071
772.5,491,2.291,6.5328,0.060473,0.58122,0.58122,7.9563,0.16605,1,0.33071
772.5,511,5.7351,10.976,5.4282,8.7107,8.7107,17.317,1,1,0.19685
772.5,531,0.13027,8.6201,0.0093647,0.073242,0.073242,2.1623,0.42105,1,0.14961
772.5,551,3.0921,5.5711,0.011614,0.005297,0.005297,0.49585,0.65217,1,0.1811
772.5,571,2.975,5.9559,0.027795,-0.071542,-0.071542,0.56709,0.92593,1,0.2126
772.5,631,2.2904,11.357,10.116,19.641,19.641,40.675,0.93333,1,0.11811
772.5,651,4.4001,11.888,1.0188,-1.8333,-1.8333,8.8094,0.35777,1,0.24409
772.5,651,1.326,9.3657,0.098923,0.54005,0.54005,5.5234,0.64223,1,0.24409
772.5,671,0.80876,6.4142,2.1542,3.5069,3.5069,11.103,1,1,0.24409
772.5,691,1.3229,6.9878,0.053874,-0.0030083,-0.0030083,0.064833,0.67568,1,0.29134
772.5,691,4.1645,2.2513,0.0021623,0.026264,0.026264,0.31902,0.054054,1,0.29134
772.5,691,6.1815,2.7516,0.00018225,-0.0051464,-0.0051464,0.14532,0.054054,1,0.29134
772.5,711,1.3565,6.9375,0.042908,-0.012531,-0.012531,0.1062,0.76085,1,0.3622
772.5,711,5.2327,1.7006,2.2363,0.019232,0.019232,0.64368,0.21741,1,0.3622
772.5,731,1.4546,6.9451,0.029838,0.017984,0.017984,0.015004,0.48,1,0.19685
772.5,731,4.5777,12.061,0.03062,-0.30256,-0.30256,7.6412,0.4,1,0.19685
772.5,751,4.6566,10.363,0.01151,-0.26245,-0.26245,9.4122,0.71429,1,0.11024
772.5,771,4.6188,12.295,0.002512,-0.061315,-0.061315,9.6667,0.83333,1,0.094488
772.5,791,4.6031,13.167,0.0087315,0.26586,0.26586,27.509,1,1,0.086614
772.5,811,4.509,8.6418,0.048937,0.19491,0.19491,5.5601,1,1,0.07874
772.5,831,4.5568,9.9684,0.025613,0.076269,0.076269,3.8706,1,1,0.07874
792.5,11,4.4309,8.9075,0.045196,0.30794,0.30794,2.2565,0.96774,1,0.24409
792.5,31,4.4985,9.2224,0.035375,0.21357,0.21357,1.631,0.66667,1,0.37795
792.5,31,1.53,10.945,0.0029666,-0.0077644,-0.0077644,0.03581,0.25,1,0.37795
792.5,51,4.5712,9.5501,0.03667,0.1758,0.1758,1.3187,0.66,1,0.3937
792.5,51,1.5487,10.281,0.0020532,-0.019384,-0.019384,1.0842,0.34,1,0.3937
792.5,71,4.6333,9.5963,0.018956,0.025396,0.025396,0.43217,0.67347,1,0.38583
792.5,71,1.5361,10.517,0.0021055,-0.018419,-0.018419,1.2845,0.30612,1,0.38583
792.5,91,4.6508,9.2951,0.024882,0.0273,0.0273,0.37219,0.825,1,0.31496
792.5,111,4.5529,8.7906,0.03134,0.040267,0.040267,0.16151,0.85,1,0.31496
792.5,131,4.5481,9.1007,0.032178,0.018794,0.018794,0.70519,0.47917,1,0.37795
792.5,131,1.4891,9.8701,0.012575,0.054261,0.054261,1.6349,0.52083,1,0.37795
792.5,151,1.5188,9.5008,0.007272,0.014929,0.014929,1.028,0.60714,1,0.22047
792.5,151,4.5109,8.721,0.048556,0.084138,0.084138,0.27366,0.35714,1,0.22047
792.5,171,1.5171,9.7109,0.0059427,0.0043342,0.0043342,1.618,0.84375,1,0.25197
792.5,171,4.8207,10.64,0.012132,0.10826,0.10826,1.4255,0.125,1,0.25197
792.5,191,4.794,11.306,0.011709,0.071106,0.071106,0.82861,0.73077,1,0.20472
792.5,211,1.5292,9.3735,0.0028909,-0.025888,-0.025888,0.23182,0.37143,1,0.27559
792.5,211,4.7379,11.14,0.0035163,0.0080016,0.0080016,0.40135,0.48571,1,0.27559
792.5,231,1.5208,8.6848,0.030075,0.14218,0.14218,3.0745,0.5,1,0.11024
792.5,251,1.6166,8.6117,0.024667,-0.055508,-0.055508,2.3656,0.5625,1,0.12598
792.5,251,4.7336,10.662,0.013908,0.024636,0.024636,0.15892,0.375,1,0.12598
792.5,271,1.5701,7.8028,0.014715,0.007775,0.007775,1.6791,0.44444,1,0.14173
792.5,291,4.7371,10.795,0.013031,-0.049451,-0.049451,0.74934,0.47368,1,0.29921
792.5,291,1.5599,8.7108,0.011049,0.071962,0.071962,3.5447,0.5,1,0.29921
792.5,311,4.7369,11.007,0.028012,-0.010541,-0.010541,0.73868,0.35714,1,0.22047
792.5,311,1.4625,10.008,0.031462,0.11308,0.11308,3.7271,0.60714,1,0.22047
792.5,331,4.9885,10.962,0.007722,0.024048,0.024048,0.07489,0.18182,1,0.17323
792.5,331,1.3725,10.197,0.00026225,0.012679,0.012679,0.61315,0.45455,1,0.17323
792.5,351,4.7068,22.388,0.067578,-2.3744,-2.3744,242.26,0.86957,1,0.1811
792.5,371,4.705,21.845,0.053144,-1.8638,-1.8638,249.87,0.5,1,0.22047
792.5,391,1.5051,9.4055,0.012099,-0.33919,-0.33919,24.547,0.51852,1,0.2126
792.5,411,5.0669,11.136,0.0024562,-0.040865,-0.040865,0.85503,0.72222,1,0.14173
792.5,431,5.9835,15.963,1.6222,1.1062,1.1062,70.48,1,1,0.16535
792.5,451,5.09,11.212,0.03933,0.086248,0.086248,0.57992,0.53333,1,0.11811
792.5,471,4.9679,11.086,0.094764,0.27668,0.27668,1.9458,0.64,1,0.19685
792.5,491,4.5893,10.146,1.8743,2.0034,2.0034,4.3394,0.97059,1,0.26772
792.5,511,4.8341,10.282,0.029505,0.092377,0.092377,1.7617,0.54021,1,0.18898
792.5,511,1.231,8.5825,2.2169,-4.7668,-4.7668,10.701,0.41812,1,0.18898
792.5,531,0.15506,8.8707,0.007866,0.079385,0.079385,3.7266,0.34615,1,0.20472
792.5,551,3.1494,5.7452,0.0088452,0.019622,0.019622,0.28928,0.61538,1,0.20472
792.5,571,4.7574,10.545,0.0060656,0.028564,0.028564,0.30118,0.18182,1,0.17323
792.5,591,2.9533,5.9669,0.026218,-0.10568,-0.10568,0.56279,0.625,1,0.18898
792.5,611,6.1775,7.8289,0.043781,-0.14465,-0.14465,3.4832,0.76923,1,0.10236
792.5,631,0.59561,8.1572,0.43411,0.68113,0.68113,2.977,0.88889,1,0.2126
792.5,651,1.3214,9.0068,0.10955,0.635,0.635,5.5519,0.76923,1,0.10236
792.5,671,4.3759,11.763,0.1652,-0.22571,-0.22571,0.75862,0.21053,1,0.14961
792.5,671,1.2485,8.406,0.107,0.5641,0.5641,4.9108,0.73684,1,0.14961
792.5,691,4.5478,10.187,0.084978,0.14014,0.14014,0.7792,0.13333,1,0.23622
792.5,691,1.3024,6.99,0.040894,-0.008173,-0.008173,0.059099,0.83333,1,0.23622
792.5,711,1.4333,6.9474,0.02193,0.011394,0.011394,0.0092239,0.6,1,0.31496
792.5,711,4.536,11.403,0.036315,-0.24891,-0.24891,8.0703,0.35,1,0.31496
792.5,731,4.6021,11.479,0.026432,-0.39971,-0.39971,13.487,0.6,1,0.31496
792.5,731,1.4119,6.9497,0.013109,0.0049009,0.0049009,0.0034339,0.3,1,0.31496
792.5,751,4.6257,12.227,0.015953,-0.12114,-0.12114,19.489,0.88889,1,0.28346
792.5,771,4.6302,12.172,0.0085851,0.017955,0.017955,20.921,0.9697,1,0.25984
792.5,791,4.5778,11.426,0.021991,0.22636,0.22636,18.493,1,1,0.24409
792.5,811,4.5578,10.676,0.028644,0.25413,0.25413,16.502,1,1,0.24409
792.5,831,4.5508,9.3615,0.039691,0.17242,0.17242,4.3298,1,1,0.23622
812.5,11,4.3869,8.5847,0.050593,0.35021,0.35021,2.8677,1,1,0.26772
812.5,31,4.4259,8.8752,0.060341,0.38629,0.38629,2.6313,0.94872,1,0.30709
812.5,51,4.6151,9.7963,0.0072228,-0.011559,-0.011559,0.38671,0.94444,1,0.14173
812.5,71,4.6975,10.132,0.024532,0.0019831,0.0019831,0.0073167,0.85714,1,0.22047
812.5,91,4.7391,9.4061,0.031482,0.037725,0.037725,0.53088,0.96429,1,0.22047
812.5,111,4.6159,9.8053,0.026572,-0.086278,-0.086278,1.9516,0.96429,1,0.22047
812.5,131,4.5671,9.4475,0.025666,0.037766,0.037766,1.2542,0.97368,1,0.29921
812.5,151,4.6189,9.9971,0.02261,0.058599,0.058599,1.3952,0.7027,1,0.29134
812.5,151,1.5075,9.7569,0.0081952,0.059599,0.059599,1.0761,0.2973,1,0.29134
812.5,171,4.824,11.309,0.0069402,0.031344,0.031344,1.0988,1,1,0.14173
812.5,191,4.7695,11.213,0.0078177,0.013874,0.013874,0.50523,0.96875,1,0.25197
812.5,211,4.7952,11.064,0.007065,-0.0040207,-0.0040207,0.45218,0.93939,1,0.25984
812.5,231,4.7838,10.976,0.0050084,-0.0072969,-0.0072969,0.28962,0.94118,1,0.26772
812.5,251,4.7823,10.527,0.010889,-0.01276,-0.01276,0.39796,0.92,1,0.19685
812.5,271,4.7579,10.971,0.010859,-0.065183,-0.065183,0.9391,0.76923,1,0.30709
812.5,271,1.5303,7.0203,0.0041093,-0.0020581,-0.0020581,0.0010308,0.17949,1,0.30709
812.5,291,4.7516,10.794,0.010966,-0.049283,-0.049283,0.72021,0.73684,1,0.29921
812.5,291,1.553,7.1518,0.0018937,-0.016176,-0.016176,0.13817,0.18421,1,0.29921
812.5,311,4.6632,11.184,0.0044758,-0.035708,-0.035708,0.40508,0.57895,1,0.29921
812.5,331,4.6332,11.369,0.0059122,0.023724,0.023724,1.1263,0.78571,1,0.22047
812.5,351,4.7101,10.667,0.01081,-0.013358,-0.013358,1.2216,0.76923,1,0.20472
812.5,371,4.8193,16.826,0.082828,-2.0087,-2.0087,182.61,0.8,1,0.23622
812.5,391,1.4855,8.1087,0.012182,-0.25432,-0.25432,8.467,0.26667,1,0.23622
812.5,391,5.1013,9.9722,0.092111,0.097553,0.097553,4.4833,0.7,1,0.23622
812.5,411,1.6428,9.4309,0.028586,0.00027842,0.00027842,0.56063,0.25581,1,0.33858
812.5,411,4.9433,9.7643,0.059093,0.31413,0.31413,3.833,0.69767,1,0.33858
812.5,431,4.8575,9.7643,0.056801,0.15849,0.15849,3.2583,0.75,1,0.31496
812.5,431,1.7447,8.9123,0.027996,-0.075939,-0.075939,1.2935,0.225,1,0.31496
812.5,451,4.803,10.085,0.018888,0.048833,0.048833,4.6367,0.775,1,0.31496
812.5,451,1.9716,7.6527,0.0096758,0.03132,0.03132,0.10264,0.075,1,0.31496
812.5,471,4.7261,9.6384,0.017903,-0.034537,-0.034537,8.9372,0.78846,1,0.40945
812.5,471,1.9238,8.6638,0.029634,-0.11282,-0.11282,0.43099,0.13462,1,0.40945
812.5,491,0.4893,10.952,1.8177,-3.3251,-3.3251,7.6915,0.2208,1,0.34646
812.5,491,4.7179,9.8603,0.021779,0.079266,0.079266,3.9339,0.7792,1,0.34646
812.5,511,4.532,9.5382,0.19412,0.49405,0.49405,3.8034,0.73529,1,0.26772
812.5,511,0.73511,9.2143,0.23613,-0.24076,-0.24076,2.6581,0.2353,1,0.26772
812.5,531,3.3619,6.0018,0.10941,0.31401,0.31401,1.3911,0.34899,1,0.33858
812.5,531,4.7339,11.104,0.018079,-0.080433,-0.080433,2.9241,0.4417,1,0.33858
812.5,551,4.662,11.713,0.022117,-0.057107,-0.057107,3.2452,0.46341,1,0.32283
812.5,571,3.9012,8.2484,0.65056,2.2406,2.2406,9.3521,0.97297,1,0.29134
812.5,591,4.6712,11.219,0.021989,0.026452,0.026452,3.8069,0.53333,1,0.23622
812.5,611,0.0040302,8.0048,0.02661,-0.16698,-0.16698,1.9191,0.51351,1,0.29134
812.5,611,4.6189,12.413,0.0053506,0.022584,0.022584,37.753,0.40541,1,0.29134
812.5,631,0.057317,7.459,0.01807,-0.030333,-0.030333,0.2693,0.46667,1,0.23622
812.5,631,4.6595,12.59,0.0090146,0.063076,0.063076,61.504,0.5,1,0.23622
812.5,651,6.0882,9.1828,1.5061,-0.80441,-0.80441,4.3713,0.97059,1,0.26772
812.5,671,4.8343,10.698,0.02087,0.062929,0.062929,1.3175,0.76471,1,0.13386
812.5,691,4.7349,10.368,0.039497,0.098048,0.098048,0.29602,0.6,1,0.15748
812.5,711,4.698,9.9737,0.025599,-0.090266,-0.090266,3.9151,0.54545,1,0.25984
812.5,731,4.637,11.107,0.031782,-0.36129,-0.36129,11.29,0.875,1,0.25197
812.5,751,4.6582,10.964,0.015648,-0.22634,-0.22634,11.239,0.89286,1,0.22047
812.5,771,4.6349,11.979,0.006134,-0.037428,-0.037428,9.1622,0.88889,1,0.2126
812.5,771,1.6098,9.5195,0.0030477,-0.037511,-0.037511,1.1284,0.11111,1,0.2126
812.5,791,4.5944,11.507,0.016207,0.042836,0.042836,9.5353,0.97059,1,0.26772
812.5,811,4.531,9.1745,0.0469,0.17077,0.17077,4.1547,1,1,0.24409
812.5,831,4.5566,9.5529,0.044306,0.15301,0.15301,3.4978,1,1,0.26772
832.5,11,4.3736,8.6144,0.056935,0.35152,0.35152,2.3067,0.9697,1,0.25984
832.5,31,4.4698,9.0939,0.051504,0.26545,0.26545,1.6999,1,1,0.26772
832.5,51,4.6934,10.159,0.027494,0.073242,0.073242,0.49973,0.80442,1,0.26772
832.5,51,4.275,7.8538,0.0090217,0.023785,0.023785,0.13955,0.19558,1,0.26772
832.5,71,4.7597,9.9678,0.019811,-0.015237,-0.015237,0.31729,1,1,0.25984
832.5,91,4.7176,9.9948,0.031893,-0.07153,-0.07153,1.0338,1,1,0.25984
832.5,111,4.6823,10.005,0.031094,-0.06969,-0.06969,1.9277,1,1,0.25984
832.5,131,4.6126,9.9986,0.022981,0.00237,0.00237,1.8639,1,1,0.33858
832.5,151,4.6787,10.671,0.023474,0.13114,0.13114,1.9363,1,1,0.26772
832.5,171,4.7414,11.121,0.020775,0.086929,0.086929,1.2097,1,1,0.26772
832.5,191,4.8169,11.363,0.006119,-0.013223,-0.013223,0.46528,1,1,0.25984
832.5,211,4.7895,11.198,0.0050205,-0.010905,-0.010905,0.17432,1,1,0.33071
832.5,231,4.8088,10.916,0.0047736,-0.0038822,-0.0038822,0.28688,1,1,0.27559
832.5,251,4.7944,10.816,0.0063787,-0.025732,-0.025732,0.53061,0.94286,1,0.27559
832.5,271,4.7793,10.711,0.0090307,-0.056638,-0.056638,0.90083,0.89189,1,0.29134
832.5,291,4.7325,11.011,0.010545,-0.064769,-0.064769,0.72789,0.83673,1,0.38583
832.5,311,4.6886,11.061,0.010148,-0.049022,-0.049022,0.85057,0.84615,1,0.30709
832.5,331,4.6595,11.145,0.0071597,-0.0056002,-0.0056002,0.8374,0.6875,1,0.37795
832.5,351,5.0443,10.117,0.31551,-0.55664,-0.55664,4.9514,0.90244,1,0.32283
832.5,351,1.4584,8.4879,0.012662,-0.054104,-0.054104,0.76776,0.09756,1,0.32283
832.5,371,5.536,9.4886,0.97326,-1.0501,-1.0501,3.9869,0.97297,1,0.29134
832.5,391,5.2203,9.4199,0.10537,-0.055878,-0.055878,4.5698,0.78049,1,0.32283
832.5,391,1.572,7.8914,0.011721,0.03074,0.03074,3.5354,0.21951,1,0.32283
832.5,411,1.6971,8.7526,0.024502,0.080273,0.080273,1.8652,0.2,1,0.31496
832.5,411,5.258,10.43,0.0095271,-0.0035761,-0.0035761,0.0013423,0.075,1,0.31496
832.5,431,4.932,10.951,0.043771,-0.048703,-0.048703,0.57617,0.40942,1,0.34646
832.5,431,4.8329,8.3895,0.019361,0.034403,0.034403,0.58167,0.38603,1,0.34646
832.5,431,1.7495,8.8356,0.025017,-0.012385,-0.012385,0.92616,0.20455,1,0.34646
832.5,451,4.783,9.2001,0.019989,-0.027625,-0.027625,6.8698,0.88636,1,0.34646
832.5,471,4.748,9.4341,0.016156,-0.019089,-0.019089,7.7318,0.94872,1,0.30709
832.5,491,4.6815,9.0859,0.023003,0.097378,0.097378,7.5192,0.94444,1,0.28346
832.5,511,4.4518,9.9449,0.17831,0.5795,0.5795,3.7926,0.70588,1,0.26772
832.5,511,0.50659,8.502,0.051207,0.087521,0.087521,0.17292,0.26471,1,0.26772
832.5,531,3.9475,8.6357,0.47362,1.8619,1.8619,9.4512,0.69048,1,0.33071
832.5,531,0.1399,7.3876,0.053316,0.11429,0.11429,2.6151,0.30952,1,0.33071
832.5,551,4.584,10.699,0.60865,-0.11376,-0.11376,5.3146,0.55633,1,0.28346
832.5,551,3.1763,5.8831,0.0072919,0.010457,0.010457,0.062685,0.38811,1,0.28346
832.5,551,6.0324,5.9574,0.0050339,-0.026052,-0.026052,0.13483,0.055555,1,0.28346
832.5,571,3.1672,5.7546,0.012545,-0.014077,-0.014077,1.4104,0.55882,1,0.26772
832.5,571,4.7633,10.936,0.041952,0.072087,0.072087,1.5798,0.44118,1,0.26772
832.5,591,4.4591,10.726,1.218,3.6556,3.6556,36.041,1,1,0.22835
832.5,611,4.6307,10.594,0.0053938,-0.016637,-0.016637,4.8936,0.57576,1,0.25984
832.5,611,6.2526,8.5627,0.003331,-0.04231,-0.04231,1.4014,0.39394,1,0.25984
832.5,631,4.6757,10.403,0.012359,-0.020071,-0.020071,5.5129,0.51724,1,0.22835
832.5,631,0.061726,7.5712,0.019187,-0.039594,-0.039594,0.26753,0.44828,1,0.22835
832.5,651,2.5377,8.0741,0.25527,-0.22517,-0.22517,0.50887,0.15152,1,0.25984
832.5,651,4.7505,10.552,0.014032,-0.015024,-0.015024,2.0744,0.84848,1,0.25984
832.5,671,4.7705,10.805,0.010692,0.042317,0.042317,0.92692,0.83871,1,0.24409
832.5,671,1.9529,8.1542,0.018792,-0.012608,-0.012608,0.0084594,0.064516,1,0.24409
832.5,691,4.7499,10.601,0.026662,0.028257,0.028257,0.044965,0.74194,1,0.24409
832.5,711,4.6762,10.629,0.018535,0.012321,0.012321,0.97135,0.83333,1,0.23622
832.5,731,1.6018,7.2654,0.0040236,0.034413,0.034413,0.29433,0.31034,1,0.22835
832.5,731,4.6971,9.4949,0.02074,-0.19055,-0.19055,4.3576,0.65517,1,0.22835
832.5,751,1.5411,8.4579,0.013868,-0.051038,-0.051038,0.60922,0.33333,1,0.18898
832.5,751,4.5348,10.079,0.0043699,-3.9564e-05,-3.9564e-05,0.88102,0.66667,1,0.18898
832.5,771,1.6098,9.5195,0.0030477,-0.037511,-0.037511,1.1284,0.13043,1,0.1811
832.5,771,4.6026,10.98,0.019722,0.034622,0.034622,5.3365,0.86957,1,0.1811
832.5,791,4.5649,11.246,0.018567,0.034152,0.034152,6.1268,0.96429,1,0.22047
832.5,811,4.553,10.149,0.048352,0.11587,0.11587,5.0394,1,1,0.32283
832.5,831,4.5835,9.7742,0.049963,0.14961,0.14961,2.9615,1,1,0.25984
852.5,11,4.4818,9.1145,0.0477,0.23237,0.23237,1.4666,1,1,0.15748
852.5,31,4.588,9.5972,0.050918,0.242,0.242,1.5086,1,1,0.23622
852.5,51,4.6974,9.9288,0.015473,0.049654,0.049654,0.48471,1,1,0.23622
852.5,71,4.7081,9.988,0.016708,0.03016,0.03016,0.26818,1,1,0.23622
852.5,91,4.7907,9.8052,0.013117,-0.025056,-0.025056,0.40167,1,1,0.15748
852.5,111,4.6195,10.029,0.035102,-0.13455,-0.13455,2.7004,1,1,0.07874
852.5,131,4.6123,9.9644,0.015044,0.058208,0.058208,2.0823,1,1,0.07874
852.5,151,4.6219,10.321,0.026209,0.17637,0.17637,1.8404,1,1,0.07874
852.5,171,4.8243,11.56,0.0052246,0.027776,0.027776,0.97561,1,1,0.07874
852.5,191,4.7697,11.474,0.0076902,-0.032093,-0.032093,0.17703,1,1,0.07874
852.5,211,4.8314,11.257,0.0026538,-0.01617,-0.01617,0.13611,1,1,0.07874
852.5,251,4.7912,10.459,0.010272,-0.015299,-0.015299,0.39495,1,1,0.07874
852.5,271,4.6415,12.509,0.0033151,-0.007263,-0.007263,0.16962,0.40006,1,0.07874
852.5,271,4.8177,10.612,0.0034312,-0.0049116,-0.0049116,0.093875,0.59994,1,0.07874
852.5,291,4.776,10.793,0.0002988,0.0055135,0.0055135,0.14896,0.5,1,0.07874
852.5,311,4.6503,11.389,0.0010732,-0.0067517,-0.0067517,0.042485,0.5,1,0.15748
852.5,311,6.0706,9.4665,0.017854,-0.049297,-0.049297,1.8421,0.5,1,0.15748
852.5,331,5.9573,8.772,0.064925,0.17094,0.17094,4.2136,0.75,1,0.31496
852.5,331,4.6161,11.343,0.0046161,0.016923,0.016923,1.1781,0.25,1,0.31496
852.5,351,5.8212,8.8834,0.21283,0.028272,0.028272,4.3908,0.80056,1,0.27559
852.5,351,4.7111,10.762,0.0008263,-0.0055865,-0.0055865,0.34999,0.19944,1,0.27559
852.5,371,5.7257,8.6599,0.16637,0.67324,0.67324,8.6524,1,1,0.28346
852.5,391,5.5186,6.3953,0.2012,0.35956,0.35956,14.733,1,1,0.26772
852.5,411,5.1068,8.3281,0.085588,0.1651,0.1651,10.377,0.88095,1,0.33071
852.5,411,1.6604,8.9851,0.022435,-0.021784,-0.021784,0.85652,0.11905,1,0.33071
852.5,431,4.9584,9.0008,0.047154,0.13895,0.13895,5.4281,0.96667,1,0.23622
852.5,451,4.8095,9.2252,0.018498,0.0053083,0.0053083,4.3704,0.96667,1,0.23622
852.5,471,4.7212,8.7351,0.023064,0.039748,0.039748,6.8964,0.95,1,0.31496
852.5,491,4.8581,7.9687,1.3736,-0.59461,-0.59461,7.1855,1,1,0.31496
852.5,511,4.4493,8.94,0.18742,0.37761,0.37761,4.1259,0.70833,1,0.18898
852.5,511,0.40961,8.6355,0.057728,-0.002134,-0.002134,0.19411,0.29167,1,0.18898
852.5,531,3.4774,7.0464,0.36393,1.3232,1.3232,6.23,0.54545,1,0.34646
852.5,531,0.2555,7.3273,0.054641,-0.0029118,-0.0029118,5.391,0.45455,1,0.34646
852.5,551,3.1384,5.928,0.0089293,-0.034185,-0.034185,2.8322,0.6129,1,0.24409
852.5,551,0.12805,7.4789,0.034772,-0.11967,-0.11967,6.9264,0.29032,1,0.24409
852.5,551,0.294,4.2516,0.028781,0.037409,0.037409,0.048622,0.064515,1,0.24409
852.5,571,3.1864,5.9054,0.028117,-0.092756,-0.092756,2.3997,1,1,0.16535
852.5,591,4.4092,8.2644,1.5661,0.62168,0.62168,6.1352,0.96154,1,0.20472
852.5,611,4.9576,8.7581,1.8784,-0.26428,-0.26428,6.1387,0.94118,1,0.26772
852.5,631,4.6912,10.268,0.0097428,-0.017445,-0.017445,2.7119,0.53125,1,0.25197
852.5,651,4.7492,10.714,0.0062313,0.0056623,0.0056623,1.3436,0.83333,1,0.18898
852.5,651,2.9698,7.5266,0.013193,0.027395,0.027395,0.28725,0.16667,1,0.18898
852.5,671,4.7605,10.693,0.013057,0.010581,0.010581,0.90747,0.75,1,0.31496
852.5,671,2.9823,7.3965,0.012664,-0.030013,-0.030013,0.23642,0.25,1,0.31496
852.5,691,4.7329,10.77,0.020576,0.012982,0.012982,0.4169,1,1,0.24409
852.5,711,4.7067,10.408,0.024177,-0.058975,-0.058975,1.837,0.87879,1,0.25984
852.5,731,1.6052,7.3778,0.0047574,0.039281,0.039281,0.35146,0.15152,1,0.25984
852.5,731,4.6247,10.065,0.019328,-0.068451,-0.068451,2.1944,0.78788,1,0.25984
852.5,751,1.6052,7.3778,0.0047574,0.039281,0.039281,0.35146,0.14706,1,0.26772
852.5,751,4.5619,9.9254,0.013608,-0.090744,-0.090744,1.7602,0.79412,1,0.26772
852.5,771,4.5473,10.321,0.010456,0.008158,0.008158,0.32133,0.91176,1,0.26772
852.5,791,4.5569,10.431,0.033981,0.041848,0.041848,3.1929,1,1,0.34646
852.5,811,4.5648,9.9488,0.059095,0.061572,0.061572,1.6811,1,1,0.25984
852.5,831,4.5701,9.885,0.061894,0.14526,0.14526,2.5364,1,1,0.24409
872.5,31,4.6419,9.9678,0.019072,0.059446,0.059446,0.69135,1,1,0.07874
872.5,51,4.7098,9.8972,0.015133,0.067803,0.067803,0.46581,1,1,0.07874
872.5,71,4.7404,9.9212,0.0071304,0.024598,0.024598,0.29438,1,1,0.07874
872.5,311,5.9941,8.3304,0.010297,-0.041298,-0.041298,1.9772,0.5,1,0.15748
872.5,331,6.136,8.4952,0.096875,-0.26721,-0.26721,2.6794,0.9,1,0.23622
872.5,351,5.9693,8.7641,0.078141,0.19047,0.19047,5.3074,1,1,0.25197
872.5,371,5.8404,6.9181,0.24355,0.97247,0.97247,15.743,1,1,0.30709
872.5,391,5.4953,5.222,0.26887,0.57574,0.57574,16.534,1,1,0.3622
872.5,411,5.2679,7.0053,0.11473,0.47794,0.47794,16.589,1,1,0.23622
872.5,431,5.0791,8.7264,0.056579,0.52435,0.52435,9.6581,0.96667,1,0.23622
872.5,451,4.9811,8.6828,0.060206,0.20423,0.20423,7.042,1,1,0.15748
872.5,471,4.7358,9.1351,0.013532,-0.0014162,-0.0014162,5.6639,0.5,1,0.15748
872.5,491,0.31484,3.501,0.020572,0.027347,0.027347,0.27718,0.43332,1,0.23622
872.5,491,4.0454,7.4518,0.64046,0.81913,0.81913,3.8205,0.56668,1,0.23622
872.5,511,3.4675,7.7294,0.61166,1.7159,1.7159,5.0179,0.48387,1,0.24409
872.5,531,3.0729,5.6941,0.028517,0.049908,0.049908,2.2767,0.36585,1,0.32283
872.5,531,0.0631,6.6266,0.084175,-0.037531,-0.037531,10.108,0.63415,1,0.32283
872.5,551,3.1445,6.2134,0.0084152,0.027632,0.027632,4.0528,0.64706,1,0.26772
872.5,551,0.023841,7.0383,0.10857,0.025742,0.025742,6.6496,0.35294,1,0.26772
872.5,571,3.1878,6.1946,0.021923,-0.055251,-0.055251,3.1449,0.96552,1,0.22835
872.5,591,3.1872,8.283,0.052027,-0.66102,-0.66102,11.58,0.76,1,0.19685
872.5,611,5.9552,8.772,2.8957,-3.0986,-3.0986,4.6391,0.97917,1,0.37795
872.5,651,2.9755,7.4112,0.014462,-0.031327,-0.031327,0.232,0.56,1,0.19685
872.5,651,4.7408,10.504,0.0080444,-0.026183,-0.026183,1.9457,0.4,1,0.19685
872.5,671,3.0001,7.7447,0.011582,-0.01249,-0.01249,0.24223,0.66667,1,0.23622
872.5,671,4.7576,10.923,0.004277,0.033988,0.033988,0.65374,0.33333,1,0.23622
872.5,691,4.783,10.652,0.025946,0.021807,0.021807,0.032685,0.5,1,0.15748
872.5,691,2.9823,7.3965,0.012664,-0.030013,-0.030013,0.23642,0.5,1,0.15748
872.5,711,4.6892,10.767,0.018801,-0.023825,-0.023825,0.55771,1,1,0.07874
872.5,731,4.588,9.9677,0.019083,-0.14706,-0.14706,2.6313,0.8,1,0.15748
872.5,751,4.5511,10.231,0.0089518,0.0094631,0.0094631,0.29331,0.65854,1,0.32283
872.5,751,2.1541,10.28,0.0082094,-0.033137,-0.033137,0.42432,0.26829,1,0.32283
872.5,771,4.561,10.443,0.0095251,0.011301,0.011301,0.10043,0.90909,1,0.25984
872.5,791,4.555,10.494,0.010789,0.009507,0.009507,0.12339,0.73171,1,0.32283
872.5,791,2.1081,10.429,0.028992,-0.05351,-0.05351,0.3408,0.26829,1,0.32283
872.5,811,4.5345,9.9767,0.036905,0.092074,0.092074,1.7275,1,1,0.15748
872.5,831,4.5843,10.033,0.08113,0.12082,0.12082,1.6196,1,1,0.07874
892.5,311,2.085,3.6149,1.3153,-2.4416,-2.4416,4.8669,1,1,0.23622
892.5,331,1.2758,5.2476,2.2253,-4.2298,-4.2298,8.9136,1,1,0.25984
892.5,351,0.062582,7.8521,0.36334,-1.1686,-1.1686,9.631,0.76923,1,0.30709
892.5,351,2.8001,2.3602,0.10462,-0.11035,-0.11035,0.11639,0.23077,1,0.30709
892.5,371,6.1607,9.2942,0.046001,0.01081,0.01081,3.8088,0.7343,1,0.33858
892.5,371,5.3887,1.9085,0.12061,0.24965,0.24965,2.734,0.2657,1,0.33858
892.5,391,5.8155,5.9003,0.23724,1.328,1.328,15.188,1,1,0.25197
892.5,411,5.4361,5.6144,0.21908,0.79751,0.79751,19.572,1,1,0.23622
892.5,431,5.3294,6.4653,0.12348,0.25015,0.25015,15.344,1,1,0.15748
892.5,471,0.34386,3.5533,0.028331,-0.010149,-0.010149,0.014614,0.7,1,0.07874
892.5,491,0.27725,3.6115,0.019576,0.0025297,0.0025297,0.23349,0.66667,1,0.23622
892.5,511,3.6008,5.8136,0.32538,-0.19467,-0.19467,0.1201,0.25806,1,0.24409
892.5,511,0.29603,3.5987,0.032147,-0.024463,-0.024463,0.33693,0.70968,1,0.24409
892.5,531,0.097153,10.147,0.018878,0.028518,0.028518,0.043083,0.099999,1,0.23622
892.5,531,0.035747,6.5219,0.099196,-0.012194,-0.012194,11.771,0.6,1,0.23622
892.5,531,3.2468,7.1462,0.084996,-0.20252,-0.20252,3.5154,0.3,1,0.23622
892.5,551,0.0023725,7.6413,0.1196,0.38869,0.38869,5.6113,0.30769,1,0.30709
892.5,551,3.1768,6.7309,0.013632,0.01863,0.01863,3.4829,0.69231,1,0.30709
892.5,571,3.1477,6.8271,0.018783,-0.16507,-0.16507,5.1183,0.95652,1,0.1811
892.5,591,3.1468,7.2441,0.02535,-0.27222,-0.27222,6.9825,0.5,1,0.28346
892.5,591,6.2423,8.6309,0.010052,-0.00061528,-0.00061528,0.79646,0.47222,1,0.28346
892.5,611,6.2375,8.5821,0.0091185,-0.01293,-0.01293,1.0854,0.55319,1,0.37008
892.5,611,3.1172,8.5699,0.047345,-0.56171,-0.56171,11.207,0.42553,1,0.37008
892.5,631,6.2609,8.2441,0.0063056,-0.0094994,-0.0094994,1.2668,0.51429,1,0.27559
892.5,631,3.068,8.0554,0.010519,-0.007906,-0.007906,0.0059419,0.37143,1,0.27559
892.5,651,3.0606,8.0609,0.010644,-0.0079983,-0.0079983,0.0060102,0.88,1,0.19685
892.5,671,3.0157,8.0848,0.0089857,-0.0055893,-0.0055893,0.004379,0.73333,1,0.23622
892.5,731,2.1682,10.392,0.0091176,-0.010803,-0.010803,0.6123,1,1,0.094488
892.5,751,2.1637,10.432,0.0061835,-0.018706,-0.018706,0.53831,0.70588,1,0.26772
892.5,751,4.5246,10.334,0.009436,0.011033,0.011033,0.039456,0.29412,1,0.26772
892.5,771,2.1363,10.316,0.018267,-0.046631,-0.046631,0.34605,0.77273,1,0.34646
892.5,771,4.6025,10.505,0.0078986,0.0084583,0.0084583,0.13079,0.22727,1,0.34646
892.5,791,2.1118,10.246,0.020411,-0.045017,-0.045017,0.45716,0.67742,1,0.24409
892.5,791,4.556,10.489,0.0081684,0.0081137,0.0081137,0.11321,0.32258,1,0.24409
892.5,811,2.122,10.441,0.029772,-0.060717,-0.060717,0.37325,1,1,0.07874
912.5,291,2.6983,2.4578,0.047029,-0.04489,-0.04489,0.044806,1,1,0.07874
912.5,331,2.7354,2.4158,0.083109,-0.083425,-0.083425,0.085968,0.62856,1,0.27559
912.5,331,0.50881,6.4308,0.6464,-2.8767,-2.8767,15.093,0.37144,1,0.27559
912.5,351,6.1817,9.6281,0.016356,-0.13385,-0.13385,3.8951,0.55263,1,0.29921
912.5,351,2.8262,2.3178,0.14063,-0.14345,-0.14345,0.1486,0.31579,1,0.29921
912.5,371,6.2244,8.7107,0.0080148,-0.010688,-0.010688,5.0036,1,1,0.29134
912.5,391,6.0486,7.1234,0.16905,1.0024,1.0024,15.218,1,1,0.24409
912.5,411,6.1334,5.8431,0.30915,0.35103,0.35103,9.0613,1,1,0.23622
912.5,471,0.20743,3.8166,0.010223,-0.021533,-0.021533,0.087554,0.7,1,0.07874
912.5,491,0.29855,3.6372,0.026469,-0.03233,-0.03233,0.28916,0.73333,1,0.23622
912.5,511,0.21193,4.4735,0.031466,-0.28603,-0.28603,5.1366,0.51515,1,0.25984
912.5,511,3.2203,7.9657,0.12927,-0.13097,-0.13097,2.7109,0.48485,1,0.25984
912.5,531,0.06778,9.5342,0.019519,0.017053,0.017053,1.8143,0.38449,1,0.25197
912.5,531,0.22547,4.0169,0.04061,-0.16213,-0.16213,1.388,0.39676,1,0.25197
912.5,531,3.4799,6.789,0.211,-0.50258,-0.50258,4.4508,0.21875,1,0.25197
912.5,551,3.1121,7.3776,0.011583,0.014078,0.014078,4.4708,0.625,1,0.18898
912.5,551,0.12233,8.4689,0.017203,0.031873,0.031873,3.6381,0.375,1,0.18898
912.5,571,3.1585,6.9425,0.026996,-0.24586,-0.24586,6.9931,0.84,1,0.19685
912.5,591,3.0783,8.075,0.031843,-0.4221,-0.4221,10.112,0.75,1,0.22047
912.5,591,6.2583,10.012,0.0018626,-0.00093216,-0.00093216,0.0004665,0.14286,1,0.22047
912.5,611,3.0711,7.6015,0.025151,-0.24072,-0.24072,6.3137,0.54545,1,0.43307
912.5,611,6.2315,8.8319,0.01,-0.0017118,-0.0017118,1.6136,0.41818,1,0.43307
912.5,631,3.0691,8.3249,0.018424,-0.12057,-0.12057,2.63,0.76087,1,0.3622
912.5,631,6.2251,30.102,0.0033721,-0.005908,-0.005908,0.010351,0.043478,1,0.3622
912.5,651,3.077,8.0519,0.0083662,-0.0059958,-0.0059958,0.0058603,0.81395,1,0.33858
912.5,671,3.0441,8.0718,0.013803,-0.0055987,-0.0055987,0.006502,0.8,1,0.31496
912.5,731,2.1625,10.683,0.0033612,0.0032076,0.0032076,0.45024,1,1,0.10236
912.5,751,2.1532,10.39,0.010098,-0.026157,-0.026157,0.44821,1,1,0.25984
912.5,771,2.1305,10.313,0.010437,-0.02834,-0.02834,0.40561,1,1,0.23622
912.5,791,2.0252,10.593,0.0079846,-0.022617,-0.022617,0.21301,0.55918,1,0.23622
912.5,791,2.2451,9.8668,0.0069823,0.014751,0.014751,0.31417,0.44082,1,0.23622
912.5,811,2.1158,10.044,0.01094,-0.034123,-0.034123,0.50735,1,1,0.07874
932.5,311,6.0594,9.8321,0.014121,-0.10094,-0.10094,1.8437,0.46667,1,0.23622
932.5,331,5.9637,11.26,0.00084078,0.028135,0.028135,0.94643,0.35,1,0.15748
932.5,331,2.9271,2.2244,0.17657,-0.1861,-0.1861,0.19614,0.5,1,0.15748
932.5,351,6.179,9.0657,0.011052,-0.1397,-0.1397,9.2258,0.86957,1,0.1811
932.5,371,6.2253,8.8457,0.005826,-0.086713,-0.086713,11.067,0.85294,1,0.26772
932.5,371,0.37854,4.66,0.0020579,-0.0021144,-0.0021144,0.18385,0.14706,1,0.26772
932.5,391,6.2151,8.5583,0.0079272,-0.025837,-0.025837,8.3655,0.63336,1,0.23622
932.5,391,0.4131,4.7828,0.015469,-0.026767,-0.026767,0.07273,0.36664,1,0.23622
932.5,411,0.36436,4.7519,0.02797,-0.020051,-0.020051,0.068258,0.73333,1,0.23622
932.5,431,0.4213,4.7713,0.016276,-0.028398,-0.028398,0.078526,1,1,0.07874
932.5,491,0.20743,3.8166,0.010223,-0.021533,-0.021533,0.087554,0.35,1,0.15748
932.5,491,3.1443,8.4505,0.048822,0.081047,0.081047,2.0556,0.65,1,0.15748
932.5,511,3.27,8.3969,0.12021,-0.26138,-0.26138,2.3366,0.39394,1,0.25984
932.5,511,0.058318,9.4203,0.0043121,0.034012,0.034012,1.0185,0.30539,1,0.25984
932.5,511,0.22454,3.9314,0.043993,-0.21142,-0.21142,1.372,0.30067,1,0.25984
932.5,531,3.1752,9.0634,0.021447,-0.0019561,-0.0019561,0.63398,0.44118,1,0.26772
932.5,551,3.1092,7.887,0.023039,0.051934,0.051934,2.1946,0.6,1,0.19685
932.5,551,0.1186,9.2069,0.0094863,0.015553,0.015553,2.2823,0.4,1,0.19685
932.5,571,3.1188,8.1461,0.031342,-0.3181,-0.3181,9.677,0.7,1,0.07874
932.5,591,3.1046,6.566,0.029134,-0.25879,-0.25879,6.9294,0.73077,1,0.20472
932.5,611,3.0508,8.1673,0.027552,-0.18643,-0.18643,9.0253,0.68182,1,0.34646
932.5,611,6.2115,8.9951,0.011704,0.024073,0.024073,2.1646,0.29545,1,0.34646
932.5,631,3.0542,7.3596,0.01943,-0.046411,-0.046411,3.096,0.77778,1,0.35433
932.5,651,2.9806,7.8744,0.032476,0.0090364,0.0090364,1.3859,0.9697,1,0.25984
932.5,671,2.9109,8.469,0.051901,-0.23642,-0.23642,4.4161,1,1,0.32283
932.5,691,2.662,8.7711,0.14201,-0.97452,-0.97452,8.9747,1,1,0.10236
932.5,751,2.1471,10.562,0.0022575,-0.015337,-0.015337,0.37656,1,1,0.07874
932.5,771,2.1286,10.334,0.017616,-0.043612,-0.043612,0.19804,1,1,0.07874
932.5,791,2.1158,10.044,0.01094,-0.034123,-0.034123,0.50735,1,1,0.07874
952.5,291,6.0943,9.1581,0.015356,-0.063909,-0.063909,0.81006,1,1,0.07874
952.5,311,6.0631,9.5706,0.011166,-0.065692,-0.065692,1.2649,0.8,1,0.23622
952.5,331,6.11,9.1056,0.015704,-0.059379,-0.059379,0.91372,1,1,0.18898
952.5,351,6.2073,9.0887,0.011711,-0.061405,-0.061405,7.5374,1,1,0.22047
952.5,371,6.2118,11.334,0.0063694,0.03243,0.03243,0.87082,0.40729,1,0.2126
952.5,371,0.11584,4.2884,0.10032,0.10784,0.10784,2.9932,0.59271,1,0.2126
952.5,391,0.30093,5.3716,0.25096,-0.72046,-0.72046,9.9114,1,1,0.24409
952.5,411,0.3874,4.7491,0.021041,-0.023711,-0.023711,0.073575,0.66667,1,0.23622
952.5,431,0.3535,4.727,0.023507,-0.020526,-0.020526,0.067642,1,1,0.07874
952.5,491,0.058163,8.4652,0.0061842,0.075137,0.075137,4.7014,1,1,0.07874
952.5,511,0.07432,8.615,0.011672,0.076598,0.076598,3.708,0.53125,1,0.25197
952.5,511,3.1437,8.4426,0.032331,0.10154,0.10154,1.6304,0.46875,1,0.25197
952.5,531,0.05922,8.1635,0.0074694,0.060822,0.060822,4.5304,0.75676,1,0.29134
952.5,531,3.2125,7.5355,0.0050336,-0.032953,-0.032953,0.21573,0.10811,1,0.29134
952.5,551,0.092727,8.3796,0.0073589,0.07356,0.07356,5.8598,0.46429,1,0.22047
952.5,571,3.0897,9.2909,0.012488,-0.022016,-0.022016,3.4841,0.69231,1,0.10236
952.5,571,0.13526,11.113,0.0019887,0.0030097,0.0030097,0.0045549,0.15385,1,0.10236
952.5,591,3.0214,9.4554,0.011574,0.12801,0.12801,4.2656,0.79412,1,0.26772
952.5,611,3.0576,7.8521,0.024936,-0.082389,-0.082389,8.993,0.55556,1,0.28346
952.5,631,2.9794,8.6572,0.013404,0.22109,0.22109,5.1105,0.57143,1,0.22047
952.5,631,0.030623,8.0308,0.0065642,0.0065971,0.0065971,0.0066302,0.28571,1,0.22047
952.5,651,2.942,8.4325,0.048985,-0.10065,-0.10065,2.0191,0.97143,1,0.27559
952.5,671,2.7866,8.9434,0.091048,-0.52866,-0.52866,7.4952,1,1,0.25984
952.5,691,2.7112,9.9401,0.15644,-0.71672,-0.71672,6.8872,1,1,0.094488
972.5,291,6.0683,9.2046,0.0069822,-0.013074,-0.013074,0.22491,1,1,0.07874
972.5,311,6.1023,8.8172,0.010552,-0.033506,-0.033506,0.86394,1,1,0.33071
972.5,331,6.1349,8.9062,0.0145,-0.039488,-0.039488,3.1424,1,1,0.27559
972.5,351,6.1982,8.5169,0.015072,-0.095124,-0.095124,4.5553,1,1,0.33071
972.5,371,0.15145,7.3099,0.25317,-0.79506,-0.79506,12.429,1,1,0.34646
972.5,411,0.3535,4.727,0.023507,-0.020526,-0.020526,0.067642,0.33333,1,0.23622
972.5,491,3.059,7.0148,0.041323,0.13152,0.13152,0.8297,0.25,1,0.15748
972.5,491,5.9912,7.1129,0.003471,0.097894,0.097894,2.7789,0.5,1,0.15748
972.5,511,3.1716,7.8234,0.008342,-0.021195,-0.021195,0.1156,0.15152,1,0.25984
972.5,511,0.070945,9.0523,0.010812,0.053718,0.053718,3.2043,0.78788,1,0.25984
972.5,531,0.091062,8.502,0.01259,0.082147,0.082147,4.4592,0.5,1,0.26772
972.5,531,3.0702,6.8538,0.026661,0.068777,0.068777,0.77158,0.44118,1,0.26772
972.5,551,3.1102,6.9838,0.022911,-0.019375,-0.019375,0.82714,0.625,1,0.18898
972.5,551,0.13306,9.564,0.0072351,0.012944,0.012944,1.1692,0.375,1,0.18898
972.5,571,3.0092,9.358,0.006493,0.062568,0.062568,2.2162,0.84848,1,0.25984
972.5,571,0.13008,10.357,0.0029376,0.033709,0.033709,0.79216,0.12121,1,0.25984
972.5,591,3.0366,9.6702,0.0087658,0.097375,0.097375,3.091,0.58333,1,0.18898
972.5,611,0.028821,8.3983,0.010272,-0.0043837,-0.0043837,1.0272,0.41463,1,0.32283
972.5,611,3.0044,9.4856,0.011098,0.18376,0.18376,4.1483,0.56098,1,0.32283
972.5,631,2.9764,7.8283,0.033426,-0.1209,-0.1209,1.6828,0.62069,1,0.22835
972.5,651,2.9665,7.0432,0.058943,-0.028265,-0.028265,0.1466,0.37134,1,0.18898
972.5,651,2.8899,9.1404,0.035052,-0.030207,-0.030207,0.42462,0.62866,1,0.18898
972.5,671,2.859,8.7555,0.047398,-0.10149,-0.10149,1.6849,1,1,0.32283
972.5,691,2.8765,8.0703,0.031677,0.073427,0.073427,0.77025,1,1,0.07874
992.5,291,6.1264,8.1329,0.0043406,-0.0042461,-0.0042461,0.0046675,1,1,0.07874
992.5,311,6.1102,8.4517,0.0083897,-0.022457,-0.022457,0.30803,1,1,0.26772
992.5,331,6.1332,8.3191,0.0078071,-0.012297,-0.012297,0.59239,1,1,0.29921
992.5,351,0.033525,7.9867,0.09633,-0.29791,-0.29791,5.9713,1,1,0.33071
992.5,371,0.015893,6.6822,0.11082,-0.14932,-0.14932,9.1801,1,1,0.4252
992.5,391,6.2443,4.0836,0.17301,0.13765,0.13765,8.7084,1,1,0.31496
992.5,491,6.111,8.1494,0.029125,0.23364,0.23364,3.262,1,1,0.23622
992.5,511,6.2129,8.4715,0.042808,0.26036,0.26036,3.553,0.75758,1,0.25984
992.5,511,3.0826,7.2248,0.030909,0.10634,0.10634,0.72082,0.21212,1,0.25984
992.5,531,0.045122,9.6605,0.011356,0.0073998,0.0073998,1.3524,0.6129,1,0.24409
992.5,551,3.0608,7.6921,0.014164,-0.074157,-0.074157,2.4726,0.72222,1,0.28346
992.5,551,0.11851,9.8087,0.0081615,-0.0052489,-0.0052489,1.6154,0.27778,1,0.28346
992.5,571,3.0598,8.0153,0.0087216,-0.07549,-0.07549,2.4932,0.71875,1,0.25197
992.5,571,0.11661,9.4101,0.0019554,0.035598,0.035598,0.81695,0.25,1,0.25197
992.5,591,3.0313,8.8117,0.0075989,-0.0055108,-0.0055108,3.1169,0.58696,1,0.3622
992.5,591,0.005509,8.4843,0.011867,-0.016557,-0.016557,1.0947,0.36957,1,0.3622
992.5,611,6.2523,9.1453,0.020239,-0.14453,-0.14453,2.5947,0.76471,1,0.13386
992.5,611,2.9906,6.6131,0.010904,-0.011871,-0.011871,0.18328,0.17647,1,0.13386
992.5,631,2.9002,8.0237,0.014177,-0.097813,-0.097813,2.7638,0.4375,1,0.12598
992.5,631,6.1062e-17,8.0558,0.013742,6.2193e-18,6.2193e-18,0.0046644,0.3125,1,0.12598
992.5,651,2.8292,9.1054,0.028716,-0.1212,-0.1212,1.393,0.97143,1,0.27559
992.5,671,2.7911,8.922,0.01432,-0.010011,-0.010011,0.97186,1,1,0.23622
1012.5,311,6.1244,8.1423,0.0087901,-0.0088459,-0.0088459,0.0093328,0.9697,1,0.25984
1012.5,331,6.1371,8.1415,0.013365,-0.013261,-0.013261,0.01393,0.93103,1,0.22835
1012.5,351,6.1859,7.3217,0.074602,0.044105,0.044105,5.27,1,1,0.30709
1012.5,371,6.269,6.3322,0.12837,-0.002333,-0.002333,9.2504,1,1,0.43307
1012.5,391,6.1832,5.1535,0.073037,-0.026279,-0.026279,10.97,1,1,0.34646
1012.5,411,6.1017,3.6767,0.0858,0.082079,0.082079,8.6773,1,1,0.15748
1012.5,491,6.092,7.3024,0.025729,0.056242,0.056242,1.9051,1,1,0.23622
1012.5,511,6.1446,8.4808,0.028835,0.19959,0.19959,2.6275,0.89286,1,0.22047
1012.5,531,3.2378,6.6696,0.018903,-0.049893,-0.049893,0.76705,0.57143,1,0.16535
1012.5,531,6.2046,9.2574,0.026368,0.21971,0.21971,3.6129,0.38095,1,0.16535
1012.5,551,3.1779,6.9703,0.016989,-0.030964,-0.030964,2.0747,0.64865,1,0.29134
1012.5,551,0.087471,8.9165,0.00031605,0.011469,0.011469,0.41637,0.18919,1,0.29134
1012.5,571,3.0694,8.0308,0.0086362,-0.058216,-0.058216,2.6715,0.54545,1,0.34646
1012.5,571,0.036235,8.8071,0.008325,0.025967,0.025967,1.2523,0.43182,1,0.34646
1012.5,591,0.0024562,8.7132,0.0099786,-0.012781,-0.012781,1.2716,0.59574,1,0.37008
1012.5,591,3.1141,6.8172,0.0071941,-0.042053,-0.042053,2.044,0.38298,1,0.37008
1012.5,611,6.2504,8.6163,0.010359,-0.06037,-0.06037,1.8878,0.73333,1,0.23622
1012.5,611,2.9778,7.123,0.0073822,-0.0096184,-0.0096184,0.012814,0.1,1,0.23622
1012.5,631,2.8053,9.034,0.010225,-0.073714,-0.073714,1.9001,0.77273,1,0.17323
1012.5,651,2.7509,9.2337,0.00031724,0.0043808,0.0043808,0.99758,0.78569,1,0.25984
1012.5,651,2.9861,7.9205,0.0045427,0.00088195,0.00088195,1.2975,0.21431,1,0.25984
1012.5,671,2.7483,9.4221,0.00015173,0.0034723,0.0034723,0.66273,1,1,0.23622
1032.5,311,6.1322,8.1454,0.013308,-0.013318,-0.013318,0.013929,0.70455,1,0.34646
1032.5,331,6.1359,8.1259,0.014794,-0.01788,-0.01788,0.030989,0.64103,1,0.30709
1032.5,331,0.054781,6.0273,0.0010367,0.00052036,0.00052036,0.00026121,0.25641,1,0.30709
1032.5,351,6.1974,7.1747,0.061482,0.049693,0.049693,4.6978,1,1,0.28346
1032.5,371,6.1967,6.8856,0.08441,0.18547,0.18547,7.5707,1,1,0.46457
1032.5,391,6.1649,5.8221,0.064598,0.14582,0.14582,9.3742,1,1,0.28346
1032.5,411,6.1417,7.4092,0.070063,0.37516,0.37516,4.967,1,1,0.07874
1032.5,471,6.2741,7.1445,0.021503,0.042804,0.042804,0.83415,1,1,0.07874
1032.5,491,6.0056,6.9046,0.79138,0.30556,0.30556,1.7937,1,1,0.23622
1032.5,511,6.2215,7.0842,0.0349,0.051439,0.051439,1.2892,0.90476,1,0.16535
1032.5,531,5.0526,7.5809,2.1001,1.0091,1.0091,4.1923,1,1,0.1811
1032.5,551,3.1284,6.4492,0.017392,-0.00085126,-0.00085126,2.2894,0.725,1,0.31496
1032.5,551,0.14991,11.175,0.00077274,0.027642,0.027642,1.0788,0.175,1,0.31496
1032.5,571,3.0907,6.8218,0.012756,0.02848,0.02848,3.0571,0.68627,1,0.40157
1032.5,571,0.062492,9.389,0.0033852,-0.00058363,-0.00058363,0.54623,0.29412,1,0.40157
1032.5,591,0.0013033,8.6916,0.0071198,-0.0008165,-0.0008165,1.4178,0.48889,1,0.35433
1032.5,591,3.1036,6.9775,0.0069154,-0.05143,-0.05143,2.325,0.48889,1,0.35433
1032.5,611,3.0491,6.8988,0.010881,-0.045355,-0.045355,2.3291,0.48485,1,0.25984
1032.5,611,6.266,8.8472,0.0051077,0.0091584,0.0091584,1.3417,0.48485,1,0.25984
1032.5,631,2.9266,8.1996,0.01632,0.0052266,0.0052266,1.9805,0.75,1,0.18898
1032.5,651,2.9006,9.046,0.022458,0.011512,0.011512,1.733,1,1,0.25197
1032.5,671,2.7515,9.1489,0.00047282,0.010173,0.010173,0.54009,0.59735,1,0.15748
1032.5,671,2.9607,7.8028,0.0086724,0.022072,0.022072,1.2603,0.40265,1,0.15748
1052.5,311,0.018696,6.0093,0.0019627,0.00098351,0.00098351,0.00049286,0.70213,1,0.37008
1052.5,331,6.249,6.7468,0.025268,-0.062466,-0.062466,1.7515,1,1,0.40157
1052.5,351,6.2627,6.7881,0.055987,0.082032,0.082032,3.8016,1,1,0.33071
1052.5,371,6.2287,7.3326,0.056115,0.12511,0.12511,5.1885,1,1,0.50394
1052.5,391,6.2002,7.0611,0.073348,0.25737,0.25737,5.0524,1,1,0.37008
1052.5,411,6.1895,7.1726,0.052932,0.14474,0.14474,5.2917,1,1,0.15748
1052.5,471,4.8294,5.9196,2.6058,-0.31231,-0.31231,1.0431,1,1,0.07874
1052.5,491,0.053086,6.3546,1.0082,0.14769,0.14769,0.98725,1,1,0.23622
1052.5,511,6.279,6.2657,2.4045,0.69586,0.69586,1.0048,1,1,0.19685
1052.5,531,6.2767,7.9535,0.354,0.45691,0.45691,7.0082,0.58065,1,0.24409
1052.5,531,3.0717,6.4824,0.013231,-0.050551,-0.050551,1.4444,0.41935,1,0.24409
1052.5,551,0.11051,10.037,0.0080077,0.02181,0.02181,1.3457,0.22449,1,0.38583
1052.5,551,3.1216,6.0842,0.010147,0.0021402,0.0021402,1.8818,0.7551,1,0.38583
1052.5,571,3.1012,6.5865,0.010965,0.025823,0.025823,2.9457,0.77778,1,0.4252
1052.5,571,0.090851,9.8343,0.0082546,0.0090121,0.0090121,1.0824,0.2037,1,0.4252
1052.5,591,3.0933,6.8223,0.0097051,-0.0068489,-0.0068489,2.2379,0.56364,1,0.43307
1052.5,591,0.0006358,9.3236,0.0042317,0.031319,0.031319,1.4573,0.41818,1,0.43307
1052.5,611,3.0715,7.218,0.010024,-0.023995,-0.023995,2.6842,0.64706,1,0.26772
1052.5,631,3.0372,8.873,0.013826,0.1411,0.1411,3.3609,0.81818,1,0.25984
1052.5,631,6.2717,29.006,0.00026404,-0.00013206,-0.00013206,4.1667,0.090909,1,0.25984
1052.5,651,2.9792,8.6199,0.02078,0.15818,0.15818,2.6609,1,1,0.23622
1052.5,671,3.0475,9.4782,0.0089804,0.068532,0.068532,1.661,1,1,0.07874
1072.5,311,0.021987,6.3804,0.0072177,0.02438,0.02438,0.73265,1,1,0.29921
1072.5,351,6.2249,7.7237,0.02939,-0.02459,-0.02459,3.8208,1,1,0.22835
1072.5,371,6.2635,7.5966,0.039775,0.06734,0.06734,3.7585,1,1,0.3937
1072.5,391,6.23,7.4697,0.02746,0.069672,0.069672,4.4868,1,1,0.38583
1072.5,411,6.2364,7.3971,0.012421,-0.0020455,-0.0020455,3.3296,1,1,0.23622
1072.5,431,6.2237,8.0669,0.0085638,-0.054741,-0.054741,2.8203,1,1,0.07874
1072.5,491,0.64009,6.1315,0.021112,-0.069054,-0.069054,0.22587,0.66658,1,0.23622
1072.5,491,4.8308,5.9196,2.6068,-0.31165,-0.31165,1.0429,0.33342,1,0.23622
1072.5,511,0.65555,6.0809,0.016925,-0.055288,-0.055288,0.18061,0.81481,1,0.2126
1072.5,531,3.0772,6.8649,0.016564,0.034772,0.034772,0.873,0.33333,1,0.11811
1072.5,531,0.26198,8.8876,0.043261,-0.16154,-0.16154,9.4102,0.66667,1,0.11811
1072.5,551,3.1401,6.083,0.012659,0.0099651,0.0099651,2.8742,0.70588,1,0.26772
1072.5,551,0.11752,10.337,0.0070705,0.028844,0.028844,2.7996,0.29412,1,0.26772
1072.5,571,0.016123,10.012,0.0039511,0.0029718,0.0029718,0.0022355,0.36364,1,0.34646
1072.5,571,3.1132,6.2693,0.0069404,0.018984,0.018984,2.2287,0.5,1,0.34646
1072.5,591,3.1127,6.8365,0.0047295,-0.026816,-0.026816,1.4176,0.5,1,0.25197
1072.5,611,3.0415,8.0058,0.016851,0.14373,0.14373,3.8032,0.51163,1,0.33858
1072.5,611,0.003213,9.8997,0.0040765,0.030562,0.030562,1.3064,0.4186,1,0.33858
1072.5,631,3.0405,8.2765,0.021691,0.17578,0.17578,3.5049,0.89189,1,0.29134
1072.5,651,3.0183,8.7092,0.018152,0.18411,0.18411,3.1096,1,1,0.23622
1072.5,671,2.971,8.3763,0.030616,0.31953,0.31953,3.8487,1,1,0.07874
1092.5,291,0.025926,6.7957,0.011212,0.051896,0.051896,1.4317,1,1,0.07874
1092.5,311,0.040543,6.6958,0.0072069,0.021054,0.021054,1.8006,1,1,0.29921
1092.5,331,0.07125,7.1832,0.0097329,0.02136,0.02136,1.4804,1,1,0.23622
1092.5,351,0.015023,7.4243,0.070419,0.017201,0.017201,2.8525,1,1,0.14173
1092.5,371,6.262,7.8231,0.010645,-0.024672,-0.024672,0.057181,0.064506,1,0.24409
1092.5,371,6.2246,7.4687,0.027041,0.010534,0.010534,3.5006,0.93549,1,0.24409
1092.5,391,6.2332,7.1272,0.014043,0.034623,0.034623,3.2599,1,1,0.23622
1092.5,411,6.1929,7.0776,0.01238,0.0042812,0.0042812,3.1155,1,1,0.23622
1092.5,431,6.2319,7.3514,0.0033157,-0.072174,-0.072174,2.0299,0.9,1,0.07874
1092.5,511,0.4829,7.0897,0.057953,-0.37939,-0.37939,3.0161,0.91429,1,0.27559
1092.5,531,0.6369,6.1419,0.017244,-0.056393,-0.056393,0.18443,0.43478,1,0.1811
1092.5,551,3.1107,6.0455,0.013724,-0.0090547,-0.0090547,0.0091793,0.54167,1,0.18898
1092.5,571,0.0329,10.033,0.0054121,0.0054296,0.0054296,0.0054472,0.24,1,0.19685
1092.5,591,3.0257,7.1963,0.018314,0.051208,0.051208,2.6907,0.40741,1,0.2126
1092.5,611,3.0484,7.0649,0.013943,-0.01369,-0.01369,0.95381,0.71429,1,0.22047
1092.5,611,0.033223,10.35,0.0022076,-0.0099697,-0.0099697,0.21169,0.21429,1,0.22047
1092.5,631,3.0614,7.8812,0.012125,0.095479,0.095479,2.6418,0.86842,1,0.29921
1092.5,651,2.871,8.8375,0.85923,-0.39258,-0.39258,4.0802,1,1,0.23622
1112.5,291,0.077763,6.8184,0.0070503,0.0087613,0.0087613,3.0882,1,1,0.07874
1112.5,311,0.070731,7.2175,0.012269,-0.036429,-0.036429,2.4868,1,1,0.35433
1112.5,331,0.045029,7.6974,0.031089,-0.096691,-0.096691,2.6865,1,1,0.3937
1112.5,351,0.033843,7.5462,0.048755,0.011561,0.011561,2.565,1,1,0.20472
1112.5,371,6.2295,6.9326,0.0512,0.045539,0.045539,2.9213,1,1,0.2126
1112.5,391,6.1595,6.0173,0.013984,-0.01754,-0.01754,2.9361,1,1,0.22835
1112.5,411,6.1728,6.4324,0.011404,0.002965,0.002965,2.1812,1,1,0.23622
1112.5,431,6.1504,6.0238,0.015949,0.0049141,0.0049141,2.2117,1,1,0.07874
1112.5,491,0.43879,7.3099,0.059296,-0.41518,-0.41518,3.5597,1,1,0.15748
1112.5,511,0.42753,7.2762,0.072256,-0.59577,-0.59577,6.0369,0.91176,1,0.26772
1112.5,531,0.33263,7.7323,0.052681,-0.49187,-0.49187,5.2682,0.74074,1,0.2126
1112.5,551,2.2725,5.5407,1.5609,1.7023,1.7023,2.5691,0.73345,1,0.23622
1112.5,551,0.15126,9.5376,0.01623,-0.11193,-0.11193,1.4785,0.26655,1,0.23622
1112.5,571,3.1303,8.5511,0.0012779,0.0055263,0.0055263,7.333,0.55,1,0.15748
1112.5,591,3.0445,6.4452,0.015743,-0.018426,-0.018426,0.23245,0.64706,1,0.13386
1112.5,591,0.11162,10.401,0.00028576,0.0083826,0.0083826,0.2459,0.17647,1,0.13386
1112.5,611,3.0359,7.0639,0.0041236,-0.0031869,-0.0031869,0.0026433,0.56,1,0.19685
1112.5,611,0.033223,10.683,0.0022076,-0.021044,-0.021044,0.20061,0.24,1,0.19685
1112.5,631,3.067,8.0155,0.0097876,0.050073,0.050073,2.8989,0.65,1,0.31496
1112.5,651,2.6215,11.07,2.5337,-0.31809,-0.31809,0.84186,0.67742,1,0.24409
1112.5,651,3.036,7.0647,0.0032958,-0.0026006,-0.0026006,0.0021716,0.32258,1,0.24409
1112.5,671,2.5447,10.892,2.7491,-0.4911,-0.4911,0.91516,1,1,0.07874
1132.5,291,0.061826,7.1327,0.022536,-0.19484,-0.19484,3.4367,1,1,0.07874
1132.5,311,6.144,9.3252,0.0017393,-0.023081,-0.023081,0.36093,0.35495,1,0.3622
1132.5,311,0.062878,6.6784,0.015199,-0.018596,-0.018596,2.9964,0.64505,1,0.3622
1132.5,331,0.032635,7.4931,0.021721,-0.14464,-0.14464,3.1187,1,1,0.33071
1132.5,351,6.2503,8.4109,0.051186,-0.17283,-0.17283,2.6285,1,1,0.2126
1132.5,371,6.1753,6.6999,0.0088028,0.0059193,0.0059193,2.3638,1,1,0.25984
1132.5,391,6.182,6.6149,0.011892,0.031243,0.031243,2.6439,1,1,0.28346
1132.5,411,6.1558,5.9566,0.011311,-0.019783,-0.019783,2.7744,0.94065,1,0.23622
1132.5,411,6.1412,6.1582,0.0054138,-0.0032386,-0.0032386,0.0043173,0.059355,1,0.23622
1132.5,491,0.39958,7.1523,0.088247,-0.92795,-0.92795,11.087,1,1,0.07874
1132.5,511,0.31031,8.0619,0.063694,-0.66957,-0.66957,7.8525,0.91176,1,0.26772
1132.5,531,0.37793,7.34,0.058841,-0.64012,-0.64012,8.2907,0.86842,1,0.29921
1132.5,551,3.0376,7.5504,0.018352,-0.084374,-0.084374,0.99216,0.36842,1,0.14961
1132.5,551,0.28733,8.551,0.078739,-0.93057,-0.93057,12.11,0.63158,1,0.14961
1132.5,571,3.022,8.1813,0.028604,-0.043371,-0.043371,0.065764,0.16667,1,0.14173
1132.5,571,0.067756,10.062,0.0090236,-0.052382,-0.052382,0.88587,0.44444,1,0.14173
1132.5,591,3.0679,6.5615,0.010844,-0.071753,-0.071753,0.57142,0.625,1,0.12598
1132.5,611,2.9575,7.4038,0.0067714,-0.024304,-0.024304,0.24616,0.33333,1,0.094488
1132.5,631,2.6176,9.6231,1.5754,-0.70558,-0.70558,4.5043,0.92857,1,0.22047
1132.5,651,2.5641,11.438,4.8096,-12.085,-12.085,60.239,1,1,0.24409
1132.5,671,2.6765,11.355,2.626,-0.12763,-0.12763,0.62515,1,1,0.07874
1152.5,291,6.2822,8.3306,0.03342,-0.15889,-0.15889,2.2934,1,1,0.15748
1152.5,311,6.2372,8.0071,0.017702,-0.13298,-0.13298,3.7391,1,1,0.26772
1152.5,331,6.1979,8.3768,0.013571,-0.11132,-0.11132,2.9872,1,1,0.26772
1152.5,351,6.1791,7.8514,0.0057556,-0.027219,-0.027219,2.9306,1,1,0.17323
1152.5,371,6.206,7.1347,0.0086959,0.02146,0.02146,1.0943,1,1,0.23622
1152.5,391,6.1728,6.8879,0.013153,0.0056988,0.0056988,2.1363,1,1,0.34646
1152.5,411,6.1904,6.8616,0.011322,0.04388,0.04388,1.9041,1,1,0.15748
1152.5,511,0.34234,7.6477,0.050981,-0.55174,-0.55174,6.9427,0.91667,1,0.28346
1152.5,531,0.26733,8.5787,0.035765,-0.45562,-0.45562,6.9413,0.73171,1,0.32283
1152.5,531,3.0997,8.0448,0.005093,-0.035683,-0.035683,1.3971,0.26829,1,0.32283
1152.5,551,3.0436,8.0985,0.014404,-0.014476,-0.014476,0.014549,0.2,1,0.19685
1152.5,551,0.27257,8.7686,0.032291,-0.4139,-0.4139,6.9341,0.72,1,0.19685
1152.5,571,0.11193,9.5526,0.010576,-0.0060904,-0.0060904,0.66385,0.52941,1,0.13386
1152.5,571,3.0148,9.0343,0.013795,-0.1815,-0.1815,8.5383,0.47059,1,0.13386
1152.5,591,2.9842,6.4122,0.00012023,0.0051085,0.0051085,0.21706,0.16667,1,0.14173
1152.5,591,0.22119,9.2221,0.00056596,-0.023217,-0.023217,0.95241,0.11111,1,0.14173
1152.5,611,0.0062138,15.789,0.0070572,-0.16048,-0.16048,88.93,0.72727,1,0.086614
1152.5,611,2.9576,7.1333,0.001949,-0.030096,-0.030096,0.78203,0.27273,1,0.086614
1152.5,631,6.2692,17.251,0.00081404,-0.29738,-0.29738,129.61,0.82759,1,0.22835
1152.5,651,6.2687,16.444,0.0010054,-0.38369,-0.38369,146.43,0.64514,1,0.24409
1152.5,651,2.7284,11.232,2.3106,-0.17471,-0.17471,0.72014,0.35486,1,0.24409
1172.5,291,6.2811,8.6997,0.034598,-0.20239,-0.20239,2.9246,1,1,0.23622
1172.5,311,6.226,8.4925,0.026307,-0.099389,-0.099389,2.9546,1,1,0.26772
1172.5,331,6.1644,8.8829,0.0070149,-0.028844,-0.028844,3.9154,1,1,0.19685
1172.5,351,6.1543,9.0923,0.0037552,-0.00070786,-0.00070786,0.24808,0.7619,1,0.16535
1172.5,371,6.1546,7.0041,0.012221,-0.037303,-0.037303,0.9712,0.93103,1,0.22835
1172.5,391,6.1603,7.0767,0.014932,-0.030064,-0.030064,1.811,0.97143,1,0.27559
1172.5,411,6.1142,6.8757,0.018997,-0.063959,-0.063959,0.81152,1,1,0.07874
1172.5,511,3.1176,8.0822,0.014462,-0.037238,-0.037238,1.71,0.27273,1,0.25984
1172.5,511,0.13241,9.3327,0.047843,-0.34852,-0.34852,5.5911,0.72727,1,0.25984
1172.5,531,3.1118,7.9842,0.012067,-0.018891,-0.018891,1.3592,0.27907,1,0.33858
1172.5,531,0.22548,9.6156,0.021029,-0.2998,-0.2998,6.6392,0.72093,1,0.33858
1172.5,551,3.0626,8.9344,0.0092348,-0.074677,-0.074677,4.0444,0.46429,1,0.22047
1172.5,551,0.13624,10.685,0.014174,-0.094121,-0.094121,2.9485,0.53571,1,0.22047
1172.5,571,0.15959,10.112,0.016627,0.0069838,0.0069838,0.053511,0.52632,1,0.14961
1172.5,571,3.0147,9.329,0.016668,-0.2618,-0.2618,8.9696,0.36842,1,0.14961
1172.5,591,0.16084,10.139,0.0016395,0.0025232,0.0025232,0.0039123,0.2,1,0.15748
1172.5,611,0.022781,14.315,0.0066515,-0.23446,-0.23446,62.559,0.94118,1,0.26772
1172.5,631,6.2585,20.291,0.00039015,-0.15102,-0.15102,58.532,0.82143,1,0.22047
1172.5,651,6.2793,15.634,0.0032871,-0.34321,-0.34321,100.58,0.97561,1,0.32283
1192.5,291,0.059965,7.9384,0.065129,-0.0863,-0.0863,2.4691,1,1,0.23622
1192.5,311,6.2504,8.8883,0.031069,-0.16203,-0.16203,6.2859,1,1,0.20472
1192.5,331,6.1946,8.717,0.017824,-0.046207,-0.046207,6.012,1,1,0.20472
1192.5,351,6.1798,8.7964,0.0037241,-0.030525,-0.030525,0.29192,0.54167,1,0.18898
1192.5,371,6.1512,7.3013,0.0063749,-0.079592,-0.079592,3.3051,0.90625,1,0.25197
1192.5,391,6.1596,6.3995,0.017108,-0.13061,-0.13061,2.9275,0.94118,1,0.26772
1192.5,411,6.1616,6.3407,0.0083511,-0.12526,-0.12526,2.6584,1,1,0.07874
1192.5,491,3.1118,8.3284,0.0015114,0.0083927,0.0083927,0.14189,0.5,1,0.15748
1192.5,511,0.063759,10.343,0.016745,0.040395,0.040395,2.4726,0.91176,1,0.26772
1192.5,531,0.10014,10.458,0.014619,0.0039329,0.0039329,3.356,0.69565,1,0.3622
1192.5,531,3.0947,8.008,0.015273,0.010154,0.010154,1.5715,0.30435,1,0.3622
1192.5,551,0.17035,10.876,0.0095874,-0.014393,-0.014393,2.1691,0.73333,1,0.23622
1192.5,571,0.19239,10.017,0.02203,0.014048,0.014048,1.0182,0.57895,1,0.14961
1192.5,591,3.1422,6.6213,0.00045713,-0.0081962,-0.0081962,0.38982,0.46341,1,0.32283
1192.5,591,0.0703,9.3083,0.0079841,0.033083,0.033083,0.88275,0.41463,1,0.32283
1192.5,611,0.052117,9.0771,0.0079267,-0.0098765,-0.0098765,0.9451,0.62857,1,0.27559
1192.5,611,3.1311,7.0631,0.00037769,-0.011851,-0.011851,0.58002,0.28571,1,0.27559
1192.5,631,0.040069,12.519,0.0081488,-0.28509,-0.28509,49.563,0.94118,1,0.40157
1192.5,651,0.018207,12.9,0.0060195,-0.28016,-0.28016,55.632,1,1,0.23622
1192.5,671,0.039126,8.8608,0.0083543,-0.094736,-0.094736,1.3805,1,1,0.07874
1212.5,271,0.060526,6.6799,0.11806,0.27653,0.27653,0.99442,1,1,0.07874
1212.5,291,0.12947,7.625,0.079822,0.0557,0.0557,1.6161,1,1,0.23622
1212.5,311,0.079,6.6811,0.12005,0.34149,0.34149,1.3505,0.96296,1,0.2126
1212.5,331,0.0065032,7.654,0.048669,0.010109,0.010109,8.1267,1,1,0.14961
1212.5,351,6.2081,6.2722,0.02947,0.082706,0.082706,3.6011,0.71432,1,0.27559
1212.5,351,6.1488,9.0854,0.00067373,-0.00085551,-0.00085551,0.0010866,0.28568,1,0.27559
1212.5,371,6.2004,5.7609,0.022384,-0.095273,-0.095273,3.2136,1,1,0.20472
1212.5,391,6.205,5.9011,0.016838,-0.1004,-0.1004,3.5027,0.96875,1,0.25197
1212.5,411,6.1355,6.8527,0.023482,-0.1694,-0.1694,3.7224,1,1,0.15748
1212.5,471,3.1118,8.3284,0.0015114,0.0083927,0.0083927,0.14189,1,1,0.07874
1212.5,491,3.0957,8.3854,0.0029635,0.012624,0.012624,0.14796,0.66667,1,0.23622
1212.5,491,0.043826,9.9126,0.011659,-0.00067674,-0.00067674,0.71157,0.33333,1,0.23622
1212.5,511,0.0088268,9.9086,0.017593,-0.021602,-0.021602,2.1462,0.62162,1,0.29134
1212.5,511,3.1114,8.1319,0.0019083,0.0024314,0.0024314,0.25057,0.37838,1,0.29134
1212.5,531,0.086096,10.195,0.012644,0.058968,0.058968,2.4461,0.775,1,0.31496
1212.5,551,0.14151,9.5526,0.016338,0.082588,0.082588,3.1021,0.6,1,0.15748
1212.5,571,0.14091,9.9787,0.02172,0.0045842,0.0045842,1.3425,0.3,1,0.23622
1212.5,571,3.1309,7.1544,0.0039059,-0.028353,-0.028353,1.909,0.66667,1,0.23622
1212.5,591,3.1434,6.6703,0.00056879,-0.0098616,-0.0098616,0.47406,0.76316,1,0.29921
1212.5,611,3.1457,7.1084,0.0017918,-0.013168,-0.013168,1.6811,0.47059,1,0.53543
1212.5,611,0.060861,9.0299,0.0078389,-0.016472,-0.016472,2.2911,0.5,1,0.53543
1212.5,631,0.056432,9.0211,0.0069201,-0.034534,-0.034534,2.6984,0.64286,1,0.33071
1212.5,651,0.057251,8.6993,0.0078127,-0.054072,-0.054072,1.2074,1,1,0.23622
1212.5,671,0.041563,8.9611,0.0062884,-0.035525,-0.035525,1.0357,1,1,0.07874
1232.5,271,0.27714,7.6041,0.054382,0.1192,0.1192,0.55987,1,1,0.07874
1232.5,291,0.075612,7.216,0.10584,0.18747,0.18747,1.2945,1,1,0.31496
1232.5,311,6.1349,6.7628,0.043674,0.034926,0.034926,6.1857,0.46779,1,0.27559
1232.5,311,0.26764,7.2819,0.067087,0.19146,0.19146,0.85601,0.53221,1,0.27559
1232.5,331,0.017905,7.0613,0.092567,0.26321,0.26321,3.4936,1,1,0.24409
1232.5,351,6.1539,5.7172,0.036044,-0.026971,-0.026971,3.043,1,1,0.28346
1232.5,371,6.2114,5.7653,0.024947,-0.070917,-0.070917,3.1368,1,1,0.28346
1232.5,391,6.1574,6.5485,0.02412,-0.14536,-0.14536,3.6227,1,1,0.26772
1232.5,411,6.1141,7.2959,0.02081,-0.098454,-0.098454,2.3867,1,1,0.23622
1232.5,471,3.0797,8.4424,0.0039004,0.018683,0.018683,0.14754,1,1,0.07874
1232.5,491,3.0989,8.435,0.0026349,0.012398,0.012398,0.14254,1,1,0.23622
1232.5,511,0.021008,10.019,0.012102,0.0072549,0.0072549,0.76573,0.36111,1,0.28346
1232.5,511,3.1028,8.3966,0.0040329,0.012147,0.012147,0.18754,0.63889,1,0.28346
1232.5,531,6.2293,9.5102,0.015343,-0.035254,-0.035254,1.5763,0.6,1,0.15748
1232.5,551,3.0782,8.7407,0.010772,-0.063696,-0.063696,1.7944,0.47368,1,0.14961
1232.5,551,0.013547,9.1509,0.010542,0.026999,0.026999,1.5856,0.52632,1,0.14961
1232.5,571,0.1702,9.8111,0.00036992,0.0052618,0.0052618,0.074846,0.15789,1,0.14961
1232.5,571,2.9452,8.9238,0.00012255,-0.0086835,-0.0086835,0.61531,0.10526,1,0.14961
1232.5,591,3.1508,6.7857,0.0037288,-0.016847,-0.016847,0.68219,0.81081,1,0.29134
1232.5,611,3.183,6.999,0.0091077,-0.060869,-0.060869,1.7281,0.68889,1,0.35433
1232.5,631,0.062325,10.757,0.0064609,-0.1448,-0.1448,34.488,0.58621,1,0.22835
1232.5,631,3.1552,7.8375,0.0038322,-0.026854,-0.026854,4.2761,0.41379,1,0.22835
1232.5,651,0.041563,8.9611,0.0062884,-0.035525,-0.035525,1.0357,1,1,0.07874
1252.5,271,6.1583,7.9669,0.038668,0.0076562,0.0076562,0.63728,1,1,0.07874
1252.5,291,6.2648,7.4059,0.076575,-0.0022641,-0.0022641,2.4004,1,1,0.31496
1252.5,311,6.2348,7.1079,0.089967,0.065532,0.065532,3.318,1,1,0.24409
1252.5,331,6.2157,6.0003,0.091609,-0.12234,-0.12234,5.8104,1,1,0.29921
1252.5,351,6.2227,5.5199,0.083038,-0.15913,-0.15913,3.5788,1,1,0.33071
1252.5,371,6.1271,6.7457,0.024105,-0.085998,-0.085998,2.0792,1,1,0.16535
1252.5,391,6.0941,7.3207,0.021385,-0.088612,-0.088612,2.1643,1,1,0.27559
1252.5,411,6.0636,8.0789,0.0099075,-0.0012497,-0.0012497,0.00083118,1,1,0.23622
1252.5,431,6.0685,8.0762,0.010487,-0.0010586,-0.0010586,0.00096687,1,1,0.07874
1252.5,471,3.1052,8.5341,0.0019182,0.011009,0.011009,0.11696,1,1,0.07874
1252.5,491,3.1038,8.4467,0.0033878,0.01182,0.01182,0.16545,1,1,0.23622
1252.5,511,3.1193,8.3251,0.0024181,0.0044607,0.0044607,0.27551,0.63889,1,0.28346
1252.5,511,6.2745,9.4396,0.0025122,0.0088189,0.0088189,0.43021,0.36111,1,0.28346
1252.5,531,6.2187,10.136,0.012535,-0.034478,-0.034478,3.0724,0.39286,1,0.22047
1252.5,531,3.1328,8.1551,0.0019616,0.0025332,0.0025332,0.62276,0.60714,1,0.22047
1252.5,551,3.0125,9.0552,0.018365,-0.16039,-0.16039,1.8476,0.47059,1,0.13386
1252.5,551,6.2559,9.7613,0.017117,-0.016834,-0.016834,1.7455,0.52941,1,0.13386
1252.5,571,0.072334,10.054,0.016549,-0.071943,-0.071943,0.87607,0.55556,1,0.14173
1252.5,591,0.069019,9.438,0.0093621,-0.021866,-0.021866,0.61088,0.2963,1,0.2126
1252.5,591,3.2371,6.5409,0.024849,-0.12131,-0.12131,1.0992,0.7037,1,0.2126
1252.5,611,3.2076,6.8494,0.011375,-0.07401,-0.07401,1.3573,0.5122,1,0.32283
1252.5,611,0.023335,9.4922,0.010724,-0.0097982,-0.0097982,0.75095,0.43902,1,0.32283
1252.5,631,3.2358,7.522,0.012849,-0.1705,-0.1705,5.0543,0.44828,1,0.22835
1252.5,631,6.2545,10.592,0.014619,-0.29085,-0.29085,31.319,0.55172,1,0.22835
1252.5,651,6.1414,6.9083,0.016003,-0.12844,-0.12844,7.4573,1,1,0.07874
1272.5,191,5.8997,1.1164,6.8312,-0.78553,-0.78553,0.1209,1,1,0.07874
1272.5,211,5.9617,1.2514,4.3875,-0.644,-0.644,0.14834,1,1,0.07874
1272.5,231,0.83813,1.3121,3.4044,-0.44886,-0.44886,0.071915,1,1,0.07874
1272.5,251,3.8411,1.7103,6.1849,2.1226,2.1226,0.87374,1,1,0.07874
1272.5,271,6.1719,7.548,0.016967,-0.06703,-0.06703,1.1092,0.5,1,0.15748
1272.5,271,3.6056,1.2673,3.0119,0.29826,0.29826,0.41068,0.5,1,0.15748
1272.5,291,0.046495,7.2118,0.089036,-0.24199,-0.24199,1.6471,1,1,0.23622
1272.5,311,6.1639,7.1378,0.042936,-0.093188,-0.093188,3.2733,1,1,0.20472
1272.5,331,0.016095,5.5096,0.082035,-0.27046,-0.27046,4.0491,1,1,0.22835
1272.5,351,6.2779,5.5198,0.067817,-0.24117,-0.24117,2.9896,1,1,0.28346
1272.5,371,6.1367,7.2475,0.032092,-0.13703,-0.13703,1.7556,1,1,0.23622
1272.5,391,6.0985,7.7129,0.020342,-0.027125,-0.027125,1.1682,1,1,0.25984
1272.5,411,6.0561,8.0882,0.0092407,-0.0011264,-0.0011264,0.00099885,1,1,0.23622
1272.5,431,6.156,8.076,0.0001685,-0.00028632,-0.00028632,0.00048978,0.4,1,0.07874
1272.5,491,3.1052,8.5341,0.0019182,0.011009,0.011009,0.11696,0.5,1,0.15748
1272.5,511,3.1976,7.9592,0.022237,-0.21777,-0.21777,5.0603,0.62857,1,0.27559
1272.5,531,0.004227,9.4554,0.00095494,0.015566,0.015566,0.70014,0.67857,1,0.22047
1272.5,551,3.1092,8.9538,0.025708,-0.21521,-0.21521,3.7467,0.6,1,0.15748
1272.5,551,6.2135,10.337,0.0097601,-0.097365,-0.097365,3.9881,0.4,1,0.15748
1272.5,571,6.2582,10.048,0.0088392,0.00025659,0.00025659,0.0023384,0.4,1,0.11811
1272.5,591,0.013475,9.8177,0.015406,-0.04188,-0.04188,0.30557,0.66667,1,0.23622
1272.5,591,3.1596,6.3603,0.055058,-0.12279,-0.12279,1.7966,0.33333,1,0.23622
1272.5,611,6.25,10.129,0.014495,-0.17183,-0.17183,15.924,0.65957,1,0.37008
1272.5,611,3.2334,6.9044,0.012964,-0.1023,-0.1023,3.6573,0.34043,1,0.37008
1272.5,631,6.2264,9.3181,0.017949,-0.10101,-0.10101,17.38,0.90244,1,0.32283
1272.5,651,6.1668,7.502,0.01707,-0.0072991,-0.0072991,9.531,0.85171,1,0.23622
1272.5,651,6.1287,11.03,0.014097,-0.96226,-0.96226,66.717,0.14829,1,0.23622
1272.5,671,6.1414,6.9083,0.016003,-0.12844,-0.12844,7.4573,1,1,0.07874
1292.5,171,5.8997,1.1164,6.8312,-0.78553,-0.78553,0.1209,1,1,0.07874
1292.5,191,0.052506,0.85015,1.7652,0.32475,0.32475,0.064867,0.3597,1,0.23622
1292.5,191,5.2822,1.4423,5.1382,0.56359,0.56359,0.076071,0.6403,1,0.23622
1292.5,211,5.0282,1.5051,1.4661,0.019516,0.019516,0.030911,0.45756,1,0.23622
1292.5,211,1.9399,0.99176,2.5038,-0.21335,-0.21335,0.075333,0.54244,1,0.23622
1292.5,231,3.4394,1.3597,4.4104,0.8131,0.8131,0.35289,1,1,0.31496
1292.5,251,3.2843,1.4299,4.8624,1.244,1.244,0.49177,1,1,0.23622
1292.5,271,4.5387,2.5725,3.8086,3.0318,3.0318,4.9734,1,1,0.31496
1292.5,291,0.81709,5.0683,1.8453,-2.4821,-2.4821,6.8568,1,1,0.31496
1292.5,311,0.28905,6.9672,0.045613,-0.18365,-0.18365,2.7134,1,1,0.18898
1292.5,331,0.024475,6.5173,0.12881,0.18811,0.18811,2.3329,1,1,0.20472
1292.5,351,6.2627,6.7212,0.015,-0.013631,-0.013631,2.8011,0.9375,1,0.25197
1292.5,371,6.1894,7.1367,0.03243,-0.088908,-0.088908,2.5564,1,1,0.30709
1292.5,391,6.1815,7.1971,0.036144,-0.16195,-0.16195,2.5887,1,1,0.25197
1292.5,411,6.1482,7.6236,0.019495,-0.045556,-0.045556,1.6672,1,1,0.15748
1292.5,491,3.2797,6.9464,0.033271,-0.34059,-0.34059,7.6767,0.5,1,0.15748
1292.5,491,6.1283,11.076,0.0081896,-0.11662,-0.11662,3.0048,0.5,1,0.15748
1292.5,511,3.2076,7.1117,0.065444,-0.32657,-0.32657,6.2063,0.52778,1,0.28346
1292.5,511,6.2676,9.3587,0.0035877,-0.041332,-0.041332,1.9117,0.47222,1,0.28346
1292.5,531,3.3009,7.4681,0.074139,-0.57965,-0.57965,5.1634,0.30791,1,0.28346
1292.5,531,3.1813,7.3803,0.0033864,-0.049315,-0.049315,8.1348,0.3032,1,0.28346
1292.5,551,3.2674,8.1252,0.068835,-0.42148,-0.42148,4.7892,0.70833,1,0.18898
1292.5,571,0.041372,9.7092,0.016517,-0.02234,-0.02234,0.41826,0.44444,1,0.14173
1292.5,571,3.1751,6.5594,0.18652,-0.33473,-0.33473,1.1494,0.55556,1,0.14173
1292.5,591,0.024675,10.102,0.019546,0.0023641,0.0023641,0.0073847,0.4,1,0.15748
1292.5,591,2.9909,6.6188,0.038531,-0.084349,-0.084349,1.6671,0.5,1,0.15748
1292.5,611,6.2095,8.3887,0.02758,0.044612,0.044612,8.0956,0.8125,1,0.25197
1292.5,631,6.1713,8.0961,0.018338,-0.15781,-0.15781,23.22,0.88235,1,0.26772
1292.5,651,6.1786,5.9955,0.018464,-0.18909,-0.18909,8.5504,0.61788,1,0.23622
1292.5,651,5.9619,5.5976,0.065986,0.51333,0.51333,10.719,0.38212,1,0.23622
1292.5,671,6.1344,7.343,0.016629,0.016274,0.016274,8.7563,1,1,0.07874
1312.5,151,0.50856,1.0001,0.60284,-0.001855,-0.001855,0.00027161,1,1,0.07874
1312.5,171,1.1508,1.1624,2.4358,0.14664,0.14664,0.10882,1,1,0.15748
1312.5,191,2.1605,1.4833,1.486,0.07209,0.07209,0.022918,0.26361,1,0.23622
1312.5,191,2.8771,1.1635,9.3167,1.1494,1.1494,0.15043,0.73639,1,0.23622
1312.5,211,0.3373,1.1875,4.6922,-0.54573,-0.54573,0.1194,0.85649,1,0.20472
1312.5,211,5.0694,1.8147,3.9921,-0.39761,-0.39761,0.039733,0.14351,1,0.20472
1312.5,231,2.5679,1.1461,4.9224,0.51354,0.51354,0.16991,1,1,0.86614
1312.5,251,3.3136,1.4074,4.4471,1.2944,1.2944,0.63215,1,1,0.3937
1312.5,271,2.7845,1.3571,4.2955,1.0471,1.0471,0.42891,0.775,1,0.31496
1312.5,271,0.49023,5.8209,0.024934,-0.098019,-0.098019,0.78288,0.225,1,0.31496
1312.5,291,0.99288,4.633,1.4991,-1.8738,-1.8738,7.6899,1,1,0.3937
1312.5,311,0.15668,7.0867,0.10045,-0.34942,-0.34942,4.2713,1,1,0.25197
1312.5,331,0.045979,7.4027,0.12871,0.15513,0.15513,3.6465,1,1,0.25197
1312.5,351,6.2057,6.9191,0.091318,0.041034,0.041034,4.1686,1,1,0.31496
1312.5,371,6.2016,6.9333,0.03079,-0.11716,-0.11716,3.6925,1,1,0.32283
1312.5,391,6.1927,6.9923,0.033321,-0.12492,-0.12492,2.781,1,1,0.33071
1312.5,411,6.1595,7.1765,0.020883,-0.10313,-0.10313,3.0457,0.60589,1,0.07874
1312.5,411,0.22701,5.0224,0.0016263,0.043383,0.043383,1.438,0.39411,1,0.07874
1312.5,471,6.0921,12.036,0.0096616,-0.1014,-0.1014,2.3327,0.61793,1,0.07874
1312.5,471,6.1869,9.5242,0.00026215,0.0058099,0.0058099,0.19356,0.38207,1,0.07874
1312.5,491,6.2016,10.165,0.010802,-0.15115,-0.15115,3.9381,0.8,1,0.23622
1312.5,491,3.0133,7.1096,0.048347,-0.20224,-0.20224,1.8814,0.2,1,0.23622
1312.5,511,3.1687,7.0102,0.050806,-0.27304,-0.27304,5.0157,0.48649,1,0.29134
1312.5,511,6.1746,10.209,0.010287,-0.15828,-0.15828,3.9829,0.51351,1,0.29134
1312.5,531,6.2394,9.2636,0.008642,-0.11433,-0.11433,3.1848,0.38235,1,0.26772
1312.5,531,3.1203,7.0746,0.050229,-0.15784,-0.15784,2.9291,0.61765,1,0.26772
1312.5,551,3.188,7.6676,0.057675,-0.15021,-0.15021,2.392,0.85185,1,0.2126
1312.5,571,3.0839,7.124,0.12115,-0.22242,-0.22242,1.2027,0.57895,1,0.14961
1312.5,571,0.07274,9.8344,0.011523,0.039049,0.039049,0.22205,0.42105,1,0.14961
1312.5,591,0.0068383,10.394,0.029689,0.047807,0.047807,1.1855,0.66667,1,0.14173
1312.5,611,6.1479,10.264,0.035579,0.076698,0.076698,2.1336,0.3685,1,0.14961
1312.5,611,6.1804,3.0928,0.032378,-0.13275,-0.13275,1.2144,0.42097,1,0.14961
1312.5,611,3.0803,7.5462,0.011253,0.083385,0.083385,2.6179,0.21053,1,0.14961
1312.5,631,5.5251,4.4783,1.2436,-2.273,-2.273,9.2665,1,1,0.19685
1312.5,651,5.8278,4.1175,0.54041,0.75482,0.75482,8.7945,1,1,0.24409
1312.5,671,0.36329,5.8554,0.46141,1.6222,1.6222,8.0762,1,1,0.15748
1332.5,131,0.50856,1.0001,0.60284,-0.001855,-0.001855,0.00027161,1,1,0.07874
1332.5,151,0.78298,1.0032,1.961,0.0025949,0.0025949,0.00036562,1,1,0.23622
1332.5,171,1.3494,1.1039,1.9215,0.13395,0.13395,0.052628,1,1,0.23622
1332.5,191,1.4811,1.2106,2.4313,0.18757,0.18757,0.10902,1,1,0.23622
1332.5,211,3.612,1.1606,4.5641,-0.4411,-0.4411,0.13512,1,1,0.38583
1332.5,231,1.5141,1.2064,3.5274,-0.17605,-0.17605,0.4083,1,1,0.81102
1332.5,251,1.1906,1.7548,0.98591,-0.28509,-0.28509,1.0008,1,1,0.37008
1332.5,271,1.447,1.9609,1.9295,0.11357,0.11357,0.9677,1,1,0.37795
1332.5,291,0.74407,4.3758,0.93176,-1.5301,-1.5301,8.1841,1,1,0.31496
1332.5,311,6.0944,6.5618,0.19121,0.97102,0.97102,9.8096,0.64833,1,0.31496
1332.5,311,1.7301,2.6683,0.6132,0.44007,0.44007,0.44017,0.35167,1,0.31496
1332.5,331,6.116,8.0213,0.036139,-0.0037835,-0.0037835,2.8856,1,1,0.17323
1332.5,351,6.22,8.0005,0.020071,-0.027755,-0.027755,3.5704,1,1,0.14961
1332.5,371,6.1651,7.1244,0.02152,-0.063401,-0.063401,3.3484,1,1,0.28346
1332.5,391,6.1526,7.4173,0.050382,-0.26303,-0.26303,3.2472,1,1,0.23622
1332.5,411,6.1469,7.4147,0.016359,-0.03806,-0.03806,2.3063,1,1,0.07874
1332.5,471,6.2416,9.0112,0.0087635,-0.10167,-0.10167,1.244,0.69918,1,0.07874
1332.5,471,0.00055035,11.096,0.0013217,-0.055933,-0.055933,2.525,0.30082,1,0.07874
1332.5,491,6.1913,10.357,0.011511,-0.13832,-0.13832,3.2911,0.66667,1,0.23622
1332.5,491,2.949,6.1622,0.000169,-0.00068816,-0.00068816,0.0028021,0.066667,1,0.23622
1332.5,511,6.2452,9.7616,0.0062672,-0.087556,-0.087556,3.4293,0.65517,1,0.22835
1332.5,511,3.0003,6.9307,0.039616,-0.096109,-0.096109,1.4225,0.34483,1,0.22835
1332.5,531,3.098,7.408,0.021645,0.026345,0.026345,2.7257,0.75,1,0.12598
1332.5,531,6.2087,10.056,0.0055421,-0.0041641,-0.0041641,0.0031287,0.125,1,0.12598
1332.5,551,3.1385,7.5736,0.026708,-0.041069,-0.041069,2.1082,0.88462,1,0.20472
1332.5,571,3.0256,7.2706,0.04098,-0.021516,-0.021516,0.94623,0.68421,1,0.14961
1332.5,591,0.036858,10.025,0.0029982,0.040721,0.040721,1.7071,0.64706,1,0.13386
1332.5,611,5.395,6.7525,1.6017,1.7953,1.7953,11.301,0.70833,1,0.18898
1332.5,611,6.1913,2.0714,0.050705,-0.039398,-0.039398,0.030612,0.29167,1,0.18898
1332.5,631,5.5177,1.951,0.8387,0.19559,0.19559,0.098204,0.75862,1,0.22835
1332.5,651,5.852,2.919,1.2988,1.5975,1.5975,3.8196,0.68753,1,0.25197
1332.5,651,0.99818,8.432,0.016774,-0.11585,-0.11585,0.80019,0.31247,1,0.25197
1332.5,671,0.97725,8.5761,0.015653,-0.10809,-0.10809,0.74636,0.66667,1,0.23622
1332.5,671,5.5275,2.0008,0.97952,0.25047,0.25047,0.11201,0.33333,1,0.23622
1352.5,131,5.6144,1.0046,2.398,0.014406,0.014406,0.00050967,1,1,0.07874
1352.5,151,0.024566,1.0031,2.7772,-0.0017725,-0.0017725,0.00040482,1,1,0.23622
1352.5,171,0.5927,1.0045,3.1323,-0.0012235,-0.0012235,0.00048337,0.8,1,0.98425
1352.5,191,0.93324,1.0328,2.8556,0.018731,0.018731,0.04721,0.93243,1,0.58268
1352.5,211,1.2278,1.1575,2.3755,-0.13381,-0.13381,0.26885,1,1,0.25197
1352.5,231,1.2935,1.8482,1.0872,-0.15435,-0.15435,1.1551,1,1,0.40157
1352.5,251,1.0732,1.9769,1.4501,-0.55627,-0.55627,1.2997,1,1,0.34646
1352.5,271,1.8191,1.9643,0.11581,-0.24647,-0.24647,1.1553,0.23893,1,0.35433
1352.5,271,1.0676,2.2293,1.2352,0.10494,0.10494,0.92256,0.76107,1,0.35433
1352.5,291,0.86204,2.3581,3.136,1.3134,1.3134,0.90628,1,1,0.26772
1352.5,311,6.1703,5.3224,1.2173,-0.20507,-0.20507,10.867,1,1,0.16535
1352.5,331,0.085942,5.4554,1.4224,-0.61542,-0.61542,9.4319,0.9,1,0.15748
1352.5,331,5.622,2.0368,0.021025,0.030939,0.030939,0.045527,0.1,1,0.15748
1352.5,351,6.0909,8.0733,0.05975,0.004854,0.004854,1.4386,1,1,0.19685
1352.5,371,6.0733,8.7671,0.055376,-0.069687,-0.069687,0.71556,0.65258,1,0.22835
1352.5,371,6.1482,6.9549,0.066326,-0.096754,-0.096754,0.49895,0.34742,1,0.22835
1352.5,391,5.8617,9.1588,0.014736,-0.040898,-0.040898,0.31751,0.21392,1,0.23622
1352.5,391,6.1688,7.7718,0.029877,0.004278,0.004278,2.4116,0.78608,1,0.23622
1352.5,411,6.0132,8.5096,0.051615,-0.21492,-0.21492,1.5344,1,1,0.07874
1352.5,471,2.8975,6.2534,0.00015625,0.00015356,0.00015356,0.00015092,0.2,1,0.07874
1352.5,491,3.0068,6.1136,0.00834,-0.0073886,-0.0073886,0.0074999,0.66667,1,0.23622
1352.5,491,6.2543,9.6383,0.0068978,-0.069446,-0.069446,2.5435,0.33333,1,0.23622
1352.5,511,2.9828,6.1384,0.012102,-0.013234,-0.013234,0.0157,0.85185,1,0.2126
1352.5,531,3.0618,7.4036,0.015007,0.042442,0.042442,2.7902,0.8,1,0.11811
1352.5,551,3.117,7.2459,0.024705,-0.035262,-0.035262,2.237,1,1,0.20472
1352.5,571,3.0352,6.8024,0.027074,-0.083606,-0.083606,0.99413,0.78947,1,0.14961
1352.5,591,0.067927,10.323,0.002379,0.014456,0.014456,0.22609,0.58333,1,0.094488
1352.5,611,0.063275,8.4058,0.0024763,0.12617,0.12617,9.8974,0.73913,1,0.1811
1352.5,631,5.5851,1.8889,0.60924,0.096963,0.096963,0.04321,0.52941,1,0.13386
1352.5,651,0.92314,8.9491,0.01949,-0.1346,-0.1346,0.9295,0.61111,1,0.28346
1352.5,651,5.2836,1.9521,0.4554,0.030637,0.030637,0.028588,0.19444,1,0.28346
1372.5,151,5.7229,1.006,4.1051,0.0017165,0.0017165,0.00037376,0.97436,1,0.30709
1372.5,171,0.55373,1.0049,3.1064,-0.0035516,-0.0035516,0.00046199,0.79528,1,1
1372.5,191,0.94835,1.0018,3.2153,-0.0037008,-0.0037008,0.00021963,0.85227,1,0.69291
1372.5,211,1.5029,1.5742,1.3745,-0.03301,-0.03301,0.96109,1,1,0.35433
1372.5,231,1.4213,1.8893,0.88741,-0.16796,-0.16796,1.1909,1,1,0.41732
1372.5,251,1.3837,2.705,0.28356,-0.011747,-0.011747,1.0879,1,1,0.44882
1372.5,271,1.5163,2.8476,0.46265,0.043088,0.043088,0.93742,1,1,0.40157
1372.5,291,1.5654,2.8757,0.42432,0.11651,0.11651,0.98179,1,1,0.37008
1372.5,311,1.1521,2.2058,1.8124,0.7283,0.7283,0.63937,0.75,1,0.25197
1372.5,311,5.8976,9.5841,0.14174,-0.064035,-0.064035,0.64524,0.25,1,0.25197
1372.5,331,6.0054,8.734,0.099867,-0.043635,-0.043635,1.5504,1,1,0.15748
1372.5,351,5.9621,8.1405,0.10198,0.16495,0.16495,3.9352,1,1,0.27559
1372.5,371,6.1179,8.0861,0.059407,0.028507,0.028507,1.5774,1,1,0.25984
1372.5,391,6.1211,8.1481,0.058615,-0.071644,-0.071644,1.7282,1,1,0.23622
1372.5,411,6.149,8.2813,0.047401,0.080492,0.080492,2.3532,1,1,0.07874
1372.5,471,3.0371,6.0855,0.0099487,-0.0076133,-0.0076133,0.006137,1,1,0.07874
1372.5,491,3.0013,6.121,0.011509,-0.011588,-0.011588,0.012816,1,1,0.23622
1372.5,511,3.1255,7.2893,0.046844,0.15573,0.15573,2.742,0.92105,1,0.29921
1372.5,531,3.1021,7.0316,0.047328,0.12273,0.12273,2.114,0.875,1,0.18898
1372.5,551,3.0918,6.8663,0.023915,0.051945,0.051945,2.6042,1,1,0.22047
1372.5,571,0.11488,8.7654,0.010118,0.00028186,0.00028186,0.83509,0.16667,1,0.14173
1372.5,571,3.0324,6.2673,0.033337,0.0090255,0.0090255,1.3209,0.83333,1,0.14173
1372.5,591,0.10549,9.4796,0.0045015,0.013263,0.013263,1.1895,0.81818,1,0.17323
1372.5,611,0.20373,8.8792,0.00023639,0.0023736,0.0023736,0.10894,0.48,1,0.19685
1372.5,631,3.1656,10.024,0.0116,0.011639,0.011639,0.011678,0.38235,1,0.26772
1372.5,631,0.32201,9.5611,0.68852,-0.60586,-0.60586,1.5631,0.61765,1,0.26772
1372.5,651,0.95705,8.7149,0.025181,-0.17373,-0.17373,1.1986,0.61111,1,0.28346
1392.5,151,1.3449,1.0092,2.9702,0.017049,0.017049,0.00035316,1,1,0.23622
1392.5,171,0.61269,1.0087,2.323,-0.0047497,-0.0047497,0.00024441,0.9697,1,0.25984
1392.5,191,0.97965,1.0058,2.1842,-0.0039394,-0.0039394,0.00021039,1,1,0.23622
1392.5,211,1.6937,1.0129,2.3354,0.0056403,0.0056403,0.0029434,0.85,1,0.31496
1392.5,231,1.5125,2.2081,0.33603,-0.035589,-0.035589,1.3071,1,1,0.31496
1392.5,251,1.46,2.5044,0.13302,0.032131,0.032131,0.8038,1,1,0.25984
1392.5,271,1.575,2.9471,0.16266,0.071297,0.071297,0.78094,1,1,0.3937
1392.5,291,1.5665,2.6622,0.27465,0.068065,0.068065,0.91428,0.73913,1,0.3622
1392.5,291,5.5775,7.2139,0.036432,0.30324,0.30324,9.3273,0.26087,1,0.3622
1392.5,311,5.6383,9.5872,0.048212,0.096116,0.096116,1.1973,0.40909,1,0.17323
1392.5,311,1.5303,2.905,0.7548,0.27132,0.27132,1.2445,0.59091,1,0.17323
1392.5,331,5.733,8.2781,0.10859,0.47284,0.47284,6.9907,1,1,0.26772
1392.5,351,5.7545,7.8305,0.12089,0.41686,0.41686,5.9018,1,1,0.27559
1392.5,371,5.9432,8.0388,0.13241,0.249,0.249,5.8989,1,1,0.15748
1392.5,391,6.149,8.2813,0.047401,0.080492,0.080492,2.3532,1,1,0.07874
1392.5,511,3.2676,9.7117,0.041862,-0.095525,-0.095525,0.21799,0.61765,1,0.26772
1392.5,531,3.2565,9.7375,0.065416,-0.14898,-0.14898,0.33931,0.82143,1,0.22047
1392.5,551,3.176,6.9156,0.04332,0.071371,0.071371,3.1968,1,1,0.1811
1392.5,571,3.1421,6.1277,0.048757,0.16108,0.16108,1.1594,0.8,1,0.11811
1392.5,591,0.20584,8.8066,0.00015697,0.005056,0.005056,0.16293,0.82759,1,0.22835
1392.5,611,0.20378,8.8768,0.00029212,0.0041965,0.0041965,0.16959,0.53333,1,0.35433
1392.5,611,3.1531,10.011,0.011802,0.011838,0.011838,0.011875,0.22222,1,0.35433
1392.5,631,3.1716,10.03,0.011299,0.011331,0.011331,0.011364,0.58333,1,0.28346
1392.5,651,3.173,10.031,0.011817,0.011851,0.011851,0.011885,0.57143,1,0.27559
1412.5,151,1.3904,1.0133,3.064,-0.026103,-0.026103,0.00040624,0.66667,1,0.11811
1412.5,171,0.72648,1.0093,0.31201,-0.0018843,-0.0018843,0.00023623,0.53333,1,0.11811
1412.5,231,1.4144,1.9833,0.17368,-0.078322,-0.078322,0.69092,0.83333,1,0.094488
1412.5,251,1.6235,2.8148,0.1056,0.1675,0.1675,0.81079,1,1,0.07874
1412.5,271,1.4394,2.4804,0.067042,0.020553,0.020553,0.51412,0.5,1,0.15748
1412.5,271,5.6277,6.9285,0.02678,0.43895,0.43895,10.637,0.5,1,0.15748
1412.5,291,5.9843,5.56,0.70081,-0.72283,-0.72283,8.9263,0.87889,1,0.25984
1412.5,291,2.47,3.4804,0.0038259,-0.010529,-0.010529,0.15867,0.12111,1,0.25984
1412.5,311,5.6451,7.273,0.071416,0.37314,0.37314,8.5664,1,1,0.28346
1412.5,331,5.6064,6.7374,0.108,0.40282,0.40282,9.8579,1,1,0.27559
1412.5,351,5.6351,7.6483,0.12097,0.59853,0.59853,7.7185,1,1,0.25197
1412.5,371,5.4744,6.5683,0.09433,0.21814,0.21814,5.8891,1,1,0.07874
1412.5,531,3.2365,9.7833,0.062851,-0.14325,-0.14325,0.3265,0.625,1,0.25197
1412.5,551,3.3613,7.9301,0.055068,-0.25845,-0.25845,3.2905,1,1,0.22047
1412.5,571,3.5594,6.5837,0.0066828,0.018028,0.018028,0.048637,0.5,1,0.18898
1412.5,591,0.20564,8.7964,0.00020717,0.0067129,0.0067129,0.2176,0.65625,1,0.25197
1412.5,631,3.1531,10.011,0.011802,0.011838,0.011838,0.011875,0.41667,1,0.18898
1412.5,651,3.193,10.051,0.011037,0.011067,0.011067,0.011097,0.76923,1,0.10236
1432.5,271,5.5192,5.5176,0.039569,0.35267,0.35267,5.8814,1,1,0.07874
1432.5,291,5.5712,6.3852,0.036161,0.34552,0.34552,8.6454,1,1,0.23622
1432.5,311,5.5498,6.0395,0.043886,0.23409,0.23409,10.945,1,1,0.23622
1432.5,331,5.6391,6.9575,0.083821,0.33705,0.33705,11.003,1,1,0.23622
1432.5,351,5.5191,6.2298,0.076389,0.17086,0.17086,12.032,1,1,0.15748
1432.5,511,3.5153,6.465,0.002189,0.0058557,0.0058557,0.015667,0.5,1,0.15748
1432.5,531,3.42,7.565,0.049024,-0.27069,-0.27069,2.6317,1,1,0.23622
