-8.7843,-0.67395,1.8594,0.13917,5.9312,-0.1831,-0.1831,0.006024,1,1,0.11111
-8.7843,-0.07395,5.8853,0.11582,2.0604,0.095769,0.095769,0.0094291,0.875,1,0.22222
-8.7843,-0.07395,2.2426,0.22009,0.00016078,0.00021436,0.00021436,0.00028578,0.125,1,0.22222
-8.7843,0.32605,3.145,0.14096,3.2346,0.082746,0.082746,0.011109,1,1,0.22222
-8.7843,0.52605,3.358,0.23363,2.1125,0.015127,0.015127,0.04172,1,1,0.25
-8.7843,0.72605,3.0441,0.3281,0.75142,0.11487,0.11487,0.081596,1,1,0.083333
-8.5843,-0.67395,3.1428,0.17842,3.7497,-0.091497,-0.091497,0.01768,1,1,0.125
-8.5843,-0.47395,2.0202,0.15549,11.726,-0.52579,-0.52579,0.024597,1,1,0.083333
-8.5843,-0.07395,5.1131,0.18341,2.8016,0.071561,0.071561,0.028207,1,1,0.18056
-8.5843,0.12605,5.8719,0.08853,4.0554,0.11859,0.11859,0.005485,1,1,0.125
-8.5843,0.32605,2.7765,0.14037,2.217,0.11325,0.11325,0.0096628,1,1,0.19444
-8.5843,0.52605,0.22476,0.17519,0.014204,0.011757,0.011757,0.0098388,0.17384,1,0.31944
-8.5843,0.52605,3.3815,0.2758,0.92597,0.072152,0.072152,0.071572,0.82616,1,0.31944
-8.5843,0.72605,2.5497,0.47317,1.7097,0.25156,0.25156,0.11997,1,1,0.13889
-8.3843,-1.0739,1.635,0.1147,3.1149,0.070487,0.070487,0.0035321,1,1,0.069444
-8.3843,-0.87395,1.635,0.1147,3.1149,0.070487,0.070487,0.0035321,1,1,0.069444
-8.3843,-0.27395,4.7729,0.39644,4.346,0.34283,0.34283,0.033535,1,1,0.11111
-8.3843,0.72605,3.4488,1.0184,0.020487,0.0093639,0.0093639,0.011733,0.66667,1,0.083333
-8.1843,-1.0739,5.9931,0.17227,2.312,0.02544,0.02544,0.012312,1,1,0.097222
-8.1843,-0.27395,0.15773,0.51756,0.14991,-0.059176,-0.059176,0.051403,0.72727,1,0.15278
-8.1843,0.72605,2.2872,0.7026,1.6087,0.15197,0.15197,0.15002,1,1,0.125
-8.1843,0.92605,2.8865,0.39388,0.11297,0.12039,0.12039,0.16498,0.9,1,0.13889
-7.9843,0.92605,3.0336,1.1084,0.023251,-0.015827,-0.015827,0.010773,0.22222,1,0.125
-7.5843,-2.8739,1.3883,0.15147,4.1159,0.091594,0.091594,0.0057564,1,1,0.11111
-7.5843,-2.6739,5.2143,0.1851,2.4434,0.017451,0.017451,0.01,1,1,0.15278
-7.5843,-2.4739,2.3968,0.15274,1.0337,0.049309,0.049309,0.0065012,0.87501,1,0.22222
-7.5843,-2.4739,3.1998,0.29879,0.087606,-0.0065989,-0.0065989,0.00049707,0.12499,1,0.22222
-7.5843,-2.274,2.3466,0.171,0.86024,0.036683,0.036683,0.0096356,1,1,0.13889
-7.5843,-0.27395,3.1208,0.96623,0.10219,0.0057797,0.0057797,0.00032689,0.5,1,0.055556
-7.5843,0.92605,3.1564,1.1369,0.0015839,0.0046591,0.0046591,0.013705,0.4,1,0.069444
-7.3843,-2.8739,1.4929,0.16727,2.3565,0.087939,0.087939,0.013388,0.95833,1,0.33333
-7.3843,-2.6739,1.3263,0.16834,3.2372,0.10061,0.10061,0.0086929,1,1,0.34722
-7.3843,-2.4739,2.1108,0.28277,1.6371,0.028524,0.028524,0.029638,1,1,0.33333
-7.3843,-2.274,1.6522,0.35541,2.41,0.0056134,0.0056134,0.025663,1,1,0.18056
-7.1843,-3.4739,0.14406,0.078029,0.039494,0.00361,0.00361,0.0027721,0.72727,1,0.15278
-7.1843,-3.0739,3.1516,0.13664,10.539,0.3896,0.3896,0.014895,1,1,0.23611
-7.1843,-2.8739,0.51872,0.26159,3.3098,-0.26146,-0.26146,0.068991,1,1,0.29167
-7.1843,-2.6739,1.597,0.3207,2.1942,0.26871,0.26871,0.077836,0.83687,1,0.33333
-7.1843,-2.6739,3.114,0.26972,0.037758,0.011661,0.011661,0.0036526,0.16313,1,0.33333
-7.1843,-2.4739,1.2722,0.31168,1.5679,0.063427,0.063427,0.032949,1,1,0.33333
-7.1843,-2.274,0.13051,0.38544,1.1708,-0.10826,-0.10826,0.062208,1,1,0.19444
-7.1843,-1.0739,6.0972,0.05239,0.013966,-0.00087489,-0.00087489,0.00026978,0.42857,1,0.097222
-7.1843,-0.87395,1.7407,0.28424,3.9948,0.58559,0.58559,0.12293,1,1,0.11111
-7.1843,2.5261,4.6434,0.082986,2.2749,-0.0015977,-0.0015977,0.0018768,0.94737,1,0.26389
-7.1843,2.7261,4.5976,0.098628,1.2112,-0.020726,-0.020726,0.0016051,0.9,1,0.13889
-6.9843,-3.4739,5.9653,0.15103,1.6707,-0.13933,-0.13933,0.020173,1,1,0.20833
-6.9843,-3.274,6.1673,0.17809,4.5818,-0.21026,-0.21026,0.030372,1,1,0.25
-6.9843,-3.0739,3.4457,0.22738,7.4843,0.47585,0.47585,0.036725,1,1,0.30556
-6.9843,-2.8739,6.0737,0.3352,3.5856,-0.22031,-0.22031,0.029707,1,1,0.26389
-6.9843,-2.6739,4.172,0.4798,1.1702,-0.17889,-0.17889,0.062757,1,1,0.097222
-6.9843,-2.4739,0.92377,0.38962,1.8832,0.12981,0.12981,0.047489,0.86364,1,0.30556
-6.9843,-2.4739,3.5812,0.31843,0.0045582,0.0020579,0.0020579,0.00092909,0.13636,1,0.30556
-6.9843,-2.274,0.62504,0.73651,0.0093967,-0.0018248,-0.0018248,0.00036612,0.21429,1,0.19444
-6.9843,-0.87395,6.0972,0.05239,0.013966,-0.00087489,-0.00087489,0.00026978,0.42857,1,0.097222
-6.9843,1.9261,0.54367,0.22035,3.4855,0.22119,0.22119,0.01844,1,1,0.11111
-6.9843,2.1261,0.36766,0.18799,3.6935,0.14953,0.14953,0.011094,1,1,0.22222
-6.9843,2.3261,4.8874,0.18553,3.9008,-0.13166,-0.13166,0.034623,1,1,0.26389
-6.9843,2.5261,0.94019,0.55222,2.3493,0.19699,0.19699,0.020802,0.14958,1,0.375
-6.9843,2.5261,5.9078,0.093007,4.073,0.043264,0.043264,0.0023931,0.85042,1,0.375
-6.9843,2.7261,6.0365,0.29728,3.9518,0.45463,0.45463,0.084507,1,1,0.18056
-6.7843,-3.4739,5.9214,0.2476,0.39365,0.075728,0.075728,0.015311,0.71429,1,0.097222
-6.7843,-3.0739,4.8384,0.48115,2.2542,-0.2254,-0.2254,0.071916,1,1,0.13889
-6.7843,-2.8739,6.25,0.44588,0.097479,-0.015974,-0.015974,0.0031575,0.2724,1,0.15278
-6.7843,-2.8739,3.7374,0.38515,0.57817,-0.040514,-0.040514,0.063207,0.7276,1,0.15278
-6.7843,-2.4739,0.16775,0.53497,0.068994,0.03768,0.03768,0.021195,0.30769,1,0.18056
-6.7843,-2.4739,3.5529,0.71397,0.28885,-0.074554,-0.074554,0.086536,0.69231,1,0.18056
-6.7843,-2.274,0.42614,0.90004,0.01058,-0.011492,-0.011492,0.013124,0.375,1,0.11111
-6.7843,1.9261,5.3749,0.28228,0.33452,-0.00011167,-0.00011167,0.018591,0.52931,1,0.23611
-6.7843,1.9261,2.7003,0.50481,0.15565,-0.040649,-0.040649,0.025414,0.47069,1,0.23611
-6.7843,2.1261,4.2313,0.31361,3.5405,-0.28706,-0.28706,0.035278,1,1,0.30556
-6.7843,2.3261,4.4203,0.30555,7.5279,-0.65581,-0.65581,0.080948,1,1,0.33333
-6.7843,2.5261,0.29781,0.24352,2.9242,-0.19388,-0.19388,0.038588,1,1,0.36111
-6.7843,2.7261,0.36338,0.23368,3.4468,-0.2396,-0.2396,0.055223,1,1,0.23611
-6.7843,2.9261,6.0293,0.18234,1.0429,0.098194,0.098194,0.016022,1,1,0.097222
-6.5843,-3.274,5.7365,0.6817,1.6979,-0.039659,-0.039659,0.0013097,0.75,1,0.055556
-6.5843,-3.0739,0.26187,0.72713,0.0031483,-0.0050547,-0.0050547,0.0081153,0.28571,1,0.097222
-6.5843,-2.8739,3.7465,0.4161,3.0446,-0.29072,-0.29072,0.087918,1,1,0.15278
-6.5843,-2.6739,3.0842,0.46936,1.4625,0.085636,0.085636,0.12371,1,1,0.11111
-6.5843,-2.4739,3.1826,0.85941,0.064917,-0.0082743,-0.0082743,0.0017188,0.6,1,0.069444
-6.5843,1.9261,4.4875,0.55731,2.2665,-0.26652,-0.26652,0.074339,1,1,0.19444
-6.5843,2.1261,4.5046,0.52004,1.8666,-0.23785,-0.23785,0.079683,1,1,0.13889
-6.5843,2.3261,3.8178,0.46398,2.7871,-0.25599,-0.25599,0.13762,1,1,0.22222
-6.5843,2.5261,0.42216,0.23869,1.5395,-0.0038089,-0.0038089,0.032126,0.8182,1,0.30556
-6.5843,2.5261,2.8231,1.0505,0.259,0.038768,0.038768,0.0083733,0.1818,1,0.30556
-6.5843,2.7261,0.016041,0.32022,1.2763,-0.18704,-0.18704,0.065666,1,1,0.22222
-6.5843,2.9261,6.2527,0.25279,1.314,0.073955,0.073955,0.019769,1,1,0.125
-6.3843,-3.0739,2.0889,0.73318,2.8679,0.34846,0.34846,0.064499,1,1,0.083333
-6.3843,-2.8739,1.6414,0.60319,2.4084,0.24223,0.24223,0.073086,1,1,0.11111
-6.3843,-2.6739,2.3767,0.70535,1.8831,0.27789,0.27789,0.10751,1,1,0.069444
-6.3843,-2.4739,4.5297,0.8736,2.1456,-0.14031,-0.14031,0.032822,1,1,0.11111
-6.3843,-2.0739,5.7734,1.1246,1.4259,-0.091466,-0.091466,0.017186,1,1,0.069444
-6.3843,0.52605,1.3792,0.94696,1.5267,-0.037788,-0.037788,0.0033613,1,1,0.055556
-6.3843,1.9261,2.3786,0.41315,1.3299,-0.0088674,-0.0088674,0.15598,0.71539,1,0.19444
-6.3843,1.9261,5.7237,0.63539,0.0022946,0.0029596,0.0029596,0.017167,0.28461,1,0.19444
-6.3843,2.1261,4.1405,0.8546,2.6394,-0.40211,-0.40211,0.097746,1,1,0.055556
-6.3843,2.5261,0.14157,0.46231,0.020307,-0.02282,-0.02282,0.026002,0.44444,1,0.125
-6.3843,2.7261,0.22479,0.37492,0.00072733,-0.00026363,-0.00026363,0.00021924,0.57143,1,0.097222
-6.1843,-3.0739,2.3818,0.88411,1.8057,0.085974,0.085974,0.017379,1,1,0.097222
-6.1843,-2.6739,1.0168,0.88958,3.6571,0.22357,0.22357,0.026371,1,1,0.125
-6.1843,-2.4739,3.4624,0.88332,0.0077446,-0.014766,-0.014766,0.043453,0.5,1,0.11111
-6.1843,1.7261,5.8244,0.59972,0.11415,0.048746,0.048746,0.02799,0.5,1,0.13889
-6.1843,1.7261,2.6967,0.48862,0.040628,0.023818,0.023818,0.026027,0.5,1,0.13889
-6.1843,1.9261,3.8248,0.44574,6.1746,0.72997,0.72997,0.13028,1,1,0.20833
-6.1843,2.1261,0.15,0.30851,4.2487,-0.72482,-0.72482,0.18544,1,1,0.083333
-6.1843,2.5261,5.0895,0.78121,2.0994,-0.40439,-0.40439,0.12193,1,1,0.125
-6.1843,2.7261,0.154,0.45367,0.082108,-0.0060078,-0.0060078,0.0077152,0.77778,1,0.125
-6.1843,2.9261,6.0116,0.56614,5.3971,-0.20519,-0.20519,0.0085829,1,1,0.055556
-5.9843,-3.274,3.1892,1.0791,0.069901,0.019292,0.019292,0.018719,0.66667,1,0.083333
-5.9843,-3.0739,1.6053,0.88986,2.5468,0.2348,0.2348,0.034816,1,1,0.083333
-5.9843,-2.0739,6.0583,1.1378,4.2912,0.28882,0.28882,0.022963,1,1,0.083333
-5.9843,-1.2739,3.4956,0.80893,0.028434,0.018277,0.018277,0.031539,1,1,0.055556
-5.9843,0.12605,6.2765,1.1368,3.5159,-0.1922,-0.1922,0.010887,1,1,0.055556
-5.9843,0.32605,0.09113,0.99615,0.012692,0.010833,0.010833,0.0092458,0.5,1,0.055556
-5.9843,1.1261,3.0521,1.2433,0.30704,-0.031749,-0.031749,0.0095436,1,1,0.055556
-5.9843,1.5261,6.1673,1.0424,0.14674,0.013003,0.013003,0.0011523,0.33333,1,0.083333
-5.9843,1.7261,2.3165,0.69292,4.3551,-0.4014,-0.4014,0.056608,1,1,0.16667
-5.9843,1.9261,1.8072,0.59058,6.4398,-0.72338,-0.72338,0.10732,1,1,0.13889
-5.7843,-3.274,6.2712,0.47828,0.27849,-0.026698,-0.026698,0.0025827,0.5,1,0.11111
-5.7843,-2.6739,1.837,0.8838,2.4474,0.34313,0.34313,0.11301,1,1,0.083333
-5.7843,-2.4739,0.41508,1.0659,0.040988,0.0062587,0.0062587,0.0088025,0.5,1,0.11111
-5.7843,-1.4739,3.5438,0.97354,0.037914,0.012344,0.012344,0.0040189,0.5,1,0.055556
-5.7843,-0.27395,4.7865,1.1714,4.0332,0.071109,0.071109,0.0057556,1,1,0.083333
-5.7843,1.1261,3.6344,1.0942,1.1615,-0.22455,-0.22455,0.051204,1,1,0.083333
-5.7843,1.5261,2.589,0.74923,2.6624,-0.18267,-0.18267,0.037074,1,1,0.11111
-5.7843,2.1261,5.1728,0.91586,2.7262,-0.19666,-0.19666,0.03414,1,1,0.083333
-5.7843,2.5261,5.02,0.17507,2.3208,-0.11345,-0.11345,0.0090357,0.85714,1,0.097222
-5.7843,2.7261,0.93957,0.42147,2.8926,0.29194,0.29194,0.13957,1,1,0.15278
-5.5843,-2.8739,3.2098,1.1497,0.027206,0.0018904,0.0018904,0.0083219,0.8,1,0.069444
-5.5843,-1.2739,3.655,1.0194,0.040919,0.0049267,0.0049267,0.00059317,0.5,1,0.055556
-5.5843,-0.47395,4.8832,1.1415,2.8422,0.10316,0.10316,0.0037632,1,1,0.055556
-5.5843,0.32605,5.4477,1.1274,1.5338,-0.10392,-0.10392,0.007353,0.66667,1,0.083333
-5.5843,1.5261,2.9877,0.63167,0.022431,0.018096,0.018096,0.014599,0.375,1,0.11111
-5.5843,1.7261,0.021573,1.1851,0.023206,0.0020026,0.0020026,0.00033328,0.6,1,0.069444
-5.5843,1.9261,5.9392,1.1482,0.13736,0.016224,0.016224,0.0020423,0.42857,1,0.097222
-5.5843,2.1261,0.99382,0.90443,1.7647,0.19181,0.19181,0.037528,1,1,0.069444
-5.5843,2.5261,0.97016,0.16198,0.023792,0.0095447,0.0095447,0.0038291,0.2,1,0.13889
-5.5843,2.5261,2.3124,0.90815,0.040594,0.028979,0.028979,0.020687,0.2,1,0.13889
-5.5843,2.7261,1.7416,0.54079,1.5107,0.23923,0.23923,0.1633,1,1,0.16667
-5.5843,2.9261,1.0538,0.34569,0.011607,0.0020421,0.0020421,0.00035929,0.4,1,0.069444
-5.3843,-2.274,6.2213,1.1155,0.050935,-0.0077499,-0.0077499,0.0013952,0.4,1,0.13889
-5.3843,-1.6739,3.5901,1.1978,4.7812,-0.21176,-0.21176,0.014119,1,1,0.055556
-5.3843,-1.0739,4.43,0.99651,1.2286,-0.032122,-0.032122,0.0014389,0.75,1,0.055556
-5.3843,-0.47395,4.1738,1.1559,1.9429,0.056773,0.056773,0.0035356,1,1,0.055556
-5.3843,-0.07395,5.3734,1.196,8.3711,0.20496,0.20496,0.0062588,1,1,0.097222
-5.3843,0.12605,4.7676,1.1412,8.2427,0.24471,0.24471,0.0083614,1,1,0.097222
-5.3843,0.32605,5.25,1.1491,2.2127,0.047395,0.047395,0.011719,1,1,0.097222
-5.3843,1.3261,4.0137,1.094,1.8894,-0.071178,-0.071178,0.042032,1,1,0.083333
-5.3843,1.5261,3.1708,1.1749,0.0069243,0.012434,0.012434,0.022328,0.22222,1,0.125
-5.3843,1.9261,5.4747,1.0653,3.2096,-0.1657,-0.1657,0.038048,1,1,0.11111
-5.3843,2.1261,0.69298,0.94245,2.0045,0.061215,0.061215,0.032554,1,1,0.125
-5.3843,2.7261,0.8004,0.37024,0.1362,-0.011085,-0.011085,0.0014454,0.5,1,0.083333
-5.3843,2.9261,0.057404,0.63003,0.020719,-0.026779,-0.026779,0.053821,1,1,0.069444
-5.1843,-2.8739,3.267,1.2108,0.020088,-0.0010089,-0.0010089,0.00014507,0.42857,1,0.097222
-5.1843,-2.0739,3.4737,1.1138,0.013611,-0.005618,-0.005618,0.010286,0.55556,1,0.125
-5.1843,-0.87395,4.3751,1.0883,2.104,-0.06675,-0.06675,0.0024511,0.75,1,0.055556
-5.1843,-0.27395,0.4449,1.2858,1.4537,0.038036,0.038036,0.0014615,1,1,0.055556
-5.1843,-0.07395,1.2547,1.2849,1.4847,-0.028279,-0.028279,0.0005389,0.6,1,0.069444
-5.1843,2.1261,6.1778,1.006,0.050636,-0.013903,-0.013903,0.0038174,0.28571,1,0.097222
-4.9843,-2.4739,0.071998,0.41777,0.00029323,-0.0056222,-0.0056222,0.1078,0.71429,1,0.097222
-4.9843,-2.274,0.047432,0.8411,0.034148,-0.011062,-0.011062,0.17352,0.85714,1,0.097222
-4.9843,-2.0739,3.416,1.1506,0.0023886,0.00067726,0.00067726,0.00035823,0.6,1,0.069444
-4.9843,-1.8739,0.52186,1.2297,0.08265,0.00065871,0.00065871,0.00051618,0.5,1,0.083333
-4.9843,-1.0739,1.9519,1.0921,15.874,0.68477,0.68477,0.030147,1,1,0.083333
-4.9843,-0.87395,3.6228,1.117,4.1676,-0.30197,-0.30197,0.032253,1,1,0.083333
-4.9843,-0.67395,4.8902,1.1444,3.7686,0.10591,0.10591,0.0036871,1,1,0.083333
-4.9843,-0.07395,2.278,1.2001,1.0971,-0.012748,-0.012748,0.00016432,0.75,1,0.055556
-4.9843,0.32605,3.6932,1.1155,0.050001,0.0039914,0.0039914,0.00031862,0.5,1,0.055556
-4.9843,0.52605,3.4387,1.1403,0.00095172,-0.001317,-0.001317,0.0018224,0.5,1,0.055556
-4.9843,0.92605,4.7159,1.2538,1.9326,-0.11737,-0.11737,0.0121,1,1,0.055556
-4.9843,1.7261,0.01807,1.2839,0.031197,-0.0083554,-0.0083554,0.0059318,0.42857,1,0.097222
-4.9843,1.9261,6.2348,1.1192,0.053982,0.019102,0.019102,0.046312,0.71429,1,0.097222
-4.7843,-2.4739,0.06629,0.52721,0.00040727,-0.0078086,-0.0078086,0.14972,0.6,1,0.069444
-4.7843,-2.0739,3.3695,1.1996,0.00057751,-0.0012678,-0.0012678,0.0064476,0.6,1,0.069444
-4.7843,-0.87395,1.6736,1.1777,1.5119,-0.044218,-0.044218,0.0091354,1,1,0.083333
-4.7843,-0.67395,3.4979,1.1118,0.086686,-0.0029693,-0.0029693,0.00010171,0.4,1,0.069444
-4.7843,0.72605,5.1934,1.1711,1.6046,-0.034917,-0.034917,0.0025454,1,1,0.069444
-4.7843,1.7261,6.0043,1.089,13.472,-0.78917,-0.78917,0.047375,1,1,0.055556
-4.7843,1.9261,6.0218,1.1496,0.1238,0.013057,0.013057,0.001466,0.5,1,0.083333
-4.5843,-2.6739,3.4218,1.1971,0.004189,0.0012318,0.0012318,0.002406,0.42857,1,0.097222
-4.5843,-2.4739,0.20826,0.99748,0.1088,-0.052722,-0.052722,0.044984,1,1,0.069444
-4.5843,-1.4739,0.30387,1.2282,0.0087947,0.012385,0.012385,0.017441,0.33333,1,0.083333
-4.5843,-0.87395,2.8366,1.1725,9.2671,0.17781,0.17781,0.0037402,1,1,0.097222
-4.5843,0.52605,2.7822,1.157,4.0009,0.063601,0.063601,0.0023035,1,1,0.097222
-4.5843,0.72605,3.7111,1.2147,1.1751,-0.012193,-0.012193,0.0013145,0.8,1,0.069444
-4.5843,1.9261,6.1264,1.1007,0.13684,0.040172,0.040172,0.048361,1,1,0.069444
-4.5843,2.1261,0.16583,1.1509,4.6178,-0.30626,-0.30626,0.024769,1,1,0.055556
-4.3843,-2.6739,3.2446,1.1691,3.8146,0.20415,0.20415,0.012734,1,1,0.055556
-4.3843,-1.2739,5.7837,1.1114,1.112,-0.034531,-0.034531,0.039926,1,1,0.083333
-4.3843,-0.87395,5.2104,1.2254,2.2442,0.1248,0.1248,0.0093798,1,1,0.097222
-4.3843,-0.67395,0.46388,1.2437,0.044272,-0.0086087,-0.0086087,0.0023948,0.5,1,0.083333
-4.3843,-0.07395,3.0232,1.1478,0.010433,0.0010875,0.0010875,0.00043074,0.6,1,0.069444
-4.3843,0.32605,0.33182,1.1533,1.2058,0.16063,0.16063,0.05885,1,1,0.055556
-4.3843,0.52605,0.14473,1.2968,0.020115,-0.01256,-0.01256,0.008656,0.6,1,0.069444
-4.3843,0.72605,0.45208,1.2143,0.085867,-0.0088452,-0.0088452,0.0019188,0.6,1,0.069444
-4.3843,1.5261,3.1738,1.1393,0.08182,0.034363,0.034363,0.055559,0.625,1,0.11111
-4.3843,1.7261,4.1914,1.1651,1.3063,-0.20754,-0.20754,0.071074,1,1,0.069444
-4.1843,-1.4739,5.9912,1.2739,0.28793,-0.0096372,-0.0096372,0.00032256,0.5,1,0.055556
-4.1843,-1.2739,5.2357,1.1767,2.6623,0.042592,0.042592,0.009534,1,1,0.069444
-4.1843,-0.47395,0.44294,1.188,4.1843,-0.11458,-0.11458,0.0058335,1,1,0.055556
-4.1843,-0.27395,0.85409,1.1257,2.8392,0.23108,0.23108,0.052383,1,1,0.083333
-4.1843,-0.07395,2.504,1.0587,2.5764,-0.244,-0.244,0.056139,1,1,0.083333
-4.1843,0.52605,5.764,1.1734,1.1563,0.062304,0.062304,0.033403,1,1,0.097222
-4.1843,0.72605,0.2495,1.212,3.3886,-0.053476,-0.053476,0.0017856,1,1,0.083333
-4.1843,1.5261,4.1383,1.1073,1.2924,-0.1127,-0.1127,0.046126,1,1,0.069444
-3.9843,-1.6739,0.44623,1.2077,5.5116,-0.14047,-0.14047,0.0052111,1,1,0.083333
-3.9843,-1.0739,0.53985,1.0755,0.054385,-0.0077599,-0.0077599,0.0011072,0.5,1,0.055556
-3.9843,-0.27395,2.3797,1.14,3.0036,-0.26036,-0.26036,0.052583,1,1,0.083333
-3.9843,-0.07395,1.73,1.1139,2.5927,0.22376,0.22376,0.040935,1,1,0.125
-3.9843,0.12605,3.0579,0.9661,3.0238,-0.32308,-0.32308,0.054863,1,1,0.097222
-3.9843,1.1261,5.866,1.1113,3.7879,-0.2085,-0.2085,0.024579,1,1,0.097222
-3.9843,1.5261,3.2229,0.99954,0.0061317,-0.0022325,-0.0022325,0.00081282,0.5,1,0.055556
-3.7843,-1.4739,4.6915,1.2361,1.6319,0.017481,0.017481,0.0013394,1,1,0.055556
-3.7843,-1.0739,0.34988,1.1654,3.5326,0.1427,0.1427,0.011027,1,1,0.055556
-3.7843,-0.67395,0.5073,1.3243,0.025539,0.0024731,0.0024731,0.00023948,0.2,1,0.13889
-3.7843,-0.47395,1.6204,1.1844,3.9067,-0.40454,-0.40454,0.049686,1,1,0.097222
-3.7843,0.12605,0.73946,1.1618,1.7943,-0.036408,-0.036408,0.0013134,1,1,0.069444
-3.7843,0.32605,5.7332,1.2556,0.18721,0.010622,0.010622,0.00064281,0.6,1,0.069444
-3.7843,0.52605,6.0251,1.2709,0.025159,0.0026013,0.0026013,0.00026896,0.33333,1,0.083333
-3.7843,1.7261,3.5137,1.1747,0.010618,0.0013566,0.0013566,0.00017332,0.4,1,0.069444
-3.5843,-2.0739,0.26496,1.1892,0.028806,-0.017049,-0.017049,0.010702,0.75,1,0.055556
-3.5843,-1.8739,6.2683,1.2104,0.23642,0.016145,0.016145,0.0011069,0.6,1,0.069444
-3.5843,-1.6739,5.8851,1.2066,4.824,0.15694,0.15694,0.0073341,1,1,0.083333
-3.5843,-0.67395,2.4608,1.1338,3.5942,-0.28934,-0.28934,0.027015,1,1,0.11111
-3.5843,-0.27395,0.30762,1.2621,0.11052,-0.0058677,-0.0058677,0.00031152,0.4,1,0.069444
-3.5843,0.12605,4.5971,1.2008,1.7831,-0.033327,-0.033327,0.0021202,1,1,0.055556
-3.5843,0.52605,0.24574,1.184,0.26527,-0.023286,-0.023286,0.0024821,0.5,1,0.083333
-3.5843,1.1261,1.8888,1.1551,2.0556,0.090699,0.090699,0.028445,1,1,0.097222
-3.5843,1.3261,2.9325,1.1442,0.15941,-0.02843,-0.02843,0.0050702,0.28571,1,0.097222
-3.5843,1.7261,3.5891,1.1143,0.043132,0.012824,0.012824,0.012422,1,1,0.055556
-3.5843,2.3261,6.2609,1.1556,0.051825,0.017953,0.017953,0.0062294,0.6,1,0.069444
-3.3843,-0.87395,5.3161,1.2299,0.062283,-0.0038945,-0.0038945,0.00024352,0.4,1,0.069444
-3.3843,-0.27395,1.6841,1.1881,4.5446,-0.15707,-0.15707,0.0075711,1,1,0.069444
-3.3843,0.32605,0.02068,1.2236,0.19883,-0.021123,-0.021123,0.0043544,0.6,1,0.069444
-3.3843,0.92605,0.66443,1.1649,0.05372,-0.0041349,-0.0041349,0.00031827,0.4,1,0.069444
-3.3843,1.9261,3.4349,1.1053,0.012406,0.017466,0.017466,0.024592,0.5,1,0.083333
-3.3843,2.1261,3.4317,1.1369,0.0097927,0.013558,0.013558,0.019549,0.375,1,0.11111
-3.1843,-2.4739,3.2899,1.2693,0.014722,0.0034179,0.0034179,0.00080059,0.5,1,0.083333
-3.1843,-0.27395,4.1278,1.0217,0.36975,0.009089,0.009089,0.00051583,0.6,1,0.069444
-3.1843,0.92605,1.5238,1.2231,2.2342,-0.16388,-0.16388,0.019729,1,1,0.069444
-3.1843,1.1261,2.0424,1.1416,2.0821,-0.040238,-0.040238,0.030657,1,1,0.097222
-3.1843,1.9261,3.4728,1.13,0.035053,0.015646,0.015646,0.016222,0.83333,1,0.083333
-3.1843,2.3261,6.2556,1.321,0.074547,0.013303,0.013303,0.010793,0.5,1,0.083333
-2.9843,-2.0739,0.15235,1.0661,0.0032365,0.002762,0.002762,0.0023571,0.4,1,0.069444
-2.9843,-1.4739,0.25363,1.2153,0.0085177,-0.0021993,-0.0021993,0.0044379,0.6,1,0.069444
-2.9843,-1.0739,5.6708,1.1417,0.26749,0.052561,0.052561,0.014617,0.8,1,0.069444
-2.9843,-0.87395,4.2834,0.92576,1.0291,0.041947,0.041947,0.0017098,0.5,1,0.055556
-2.9843,-0.27395,3.4126,1.1223,0.1412,-0.026136,-0.026136,0.018242,1,1,0.055556
-2.9843,-0.07395,3.0786,1.2463,0.008214,0.0045849,0.0045849,0.004026,0.6,1,0.069444
-2.9843,1.1261,0.38315,1.215,0.034123,-0.0080129,-0.0080129,0.028475,0.625,1,0.11111
-2.7843,-2.274,3.4944,1.3046,0.0029341,-0.0055613,-0.0055613,0.011177,0.5,1,0.083333
-2.7843,-1.4739,4.8735,1.1999,2.957,0.0089517,0.0089517,0.0075131,1,1,0.11111
-2.7843,-1.2739,3.8501,1.1463,2.1872,-0.090176,-0.090176,0.014733,1,1,0.069444
-2.7843,-0.47395,3.3658,1.0261,0.0016512,-0.0026248,-0.0026248,0.0041725,0.5,1,0.055556
-2.7843,1.1261,0.32551,1.2126,0.0018641,0.00086501,0.00086501,0.0004014,0.5,1,0.055556
-2.7843,1.3261,1.1271,1.1989,3.6483,0.17992,0.17992,0.016321,1,1,0.125
-2.7843,1.9261,3.178,1.1643,0.054976,0.0081672,0.0081672,0.01923,0.66667,1,0.083333
-2.7843,2.1261,3.3127,1.1099,0.020691,0.012366,0.012366,0.016452,0.57143,1,0.097222
-2.5843,-2.274,3.4944,1.3046,0.0029341,-0.0055613,-0.0055613,0.011177,0.42857,1,0.097222
-2.5843,-1.8739,0.25027,1.1222,0.013635,-0.0036588,-0.0036588,0.021706,0.71429,1,0.097222
-2.5843,-1.6739,0.12475,1.241,0.0045778,-0.00073112,-0.00073112,0.0021286,0.5,1,0.11111
-2.5843,-1.4739,5.932,1.1391,1.6105,0.058588,0.058588,0.016453,1,1,0.097222
-2.5843,-0.27395,1.6219,1.2143,2.3643,-0.096924,-0.096924,0.015528,1,1,0.097222
-2.5843,-0.07395,2.2383,1.1517,1.8318,-0.10688,-0.10688,0.010935,1,1,0.069444
-2.5843,0.32605,0.89705,1.2446,4.4198,0.25239,0.25239,0.015137,1,1,0.055556
-2.5843,1.3261,3.3667,1.221,0.053408,-0.028516,-0.028516,0.018632,0.6,1,0.13889
-2.5843,1.5261,0.36066,1.1805,0.10245,-0.037447,-0.037447,0.014712,0.55556,1,0.125
-2.5843,2.1261,5.804,1.2231,11.343,-0.50468,-0.50468,0.024852,1,1,0.083333
-2.5843,2.3261,3.206,1.1958,0.072762,-0.025964,-0.025964,0.02481,0.85714,1,0.097222
-2.3843,-2.4739,2.4857,0.90231,0.030398,-0.0080744,-0.0080744,0.0021544,0.6,1,0.069444
-2.3843,-1.8739,5.6798,1.0039,0.99474,0.017475,0.017475,0.023158,1,1,0.097222
-2.3843,-1.6739,6.2447,1.1383,0.22548,0.038024,0.038024,0.016281,0.85714,1,0.097222
-2.3843,-1.4739,0.31976,1.1329,0.034911,-0.0055381,-0.0055381,0.00087853,0.28571,1,0.097222
-2.3843,-1.2739,3.4132,1.2263,0.00021437,-0.0011404,-0.0011404,0.0096548,0.6,1,0.069444
-2.3843,-0.27395,2.07,1.1777,2.2689,-0.079924,-0.079924,0.015703,1,1,0.097222
-2.3843,-0.07395,2.051,1.1812,2.2101,-0.07523,-0.07523,0.015597,1,1,0.097222
-2.3843,0.72605,0.85862,1.1924,0.16142,-0.0077374,-0.0077374,0.00040542,0.6,1,0.069444
-2.3843,0.92605,1.2966,1.14,1.4366,-0.019411,-0.019411,0.0028186,1,1,0.069444
-2.3843,1.1261,1.5684,1.1663,9.0615,-0.15992,-0.15992,0.0031274,1,1,0.083333
-2.3843,1.3261,3.2233,1.3098,0.0042906,-0.00047798,-0.00047798,0.001284,0.5,1,0.083333
-2.3843,1.5261,1.6536,1.176,2.737,-0.053455,-0.053455,0.026655,1,1,0.16667
-2.1843,-3.274,5.4863,1.2139,1.5134,0.020602,0.020602,0.0012246,0.8,1,0.069444
-2.1843,-2.8739,0.52673,0.94707,2.6702,0.22483,0.22483,0.045248,1,1,0.083333
-2.1843,-2.6739,1.5584,1.0605,3.3382,0.22675,0.22675,0.035358,1,1,0.11111
-2.1843,-2.0739,5.4335,1.0231,2.6197,-0.25992,-0.25992,0.056005,1,1,0.13889
-2.1843,-1.8739,6.0943,0.95712,3.2742,-0.27763,-0.27763,0.052229,1,1,0.125
-2.1843,-1.6739,6.2144,1.1507,0.20932,0.036582,0.036582,0.019961,0.85714,1,0.097222
-2.1843,-1.2739,3.3357,1.2163,0.015308,-0.0093082,-0.0093082,0.0072987,0.6,1,0.069444
-2.1843,-0.67395,0.11472,1.1303,4.5416,0.28393,0.28393,0.023281,1,1,0.055556
-2.1843,-0.27395,6.0704,1.3241,0.0096914,-0.0031163,-0.0031163,0.001002,0.4,1,0.069444
-2.1843,-0.07395,1.2601,1.2328,1.8328,-0.13186,-0.13186,0.034533,1,1,0.083333
-2.1843,0.72605,0.78853,1.1763,0.1358,-0.0024089,-0.0024089,0.0010856,0.8,1,0.069444
-2.1843,1.7261,0.50048,1.0753,0.17481,-0.044171,-0.044171,0.028164,0.71429,1,0.097222
-2.1843,1.9261,0.82089,1.0857,0.084361,-0.017668,-0.017668,0.0037003,0.25,1,0.11111
-2.1843,2.1261,3.222,1.1408,0.0083447,0.0017912,0.0017912,0.00049977,0.3,1,0.13889
-2.1843,2.1261,0.1773,1.2632,0.18686,-0.051046,-0.051046,0.02049,0.4,1,0.13889
-2.1843,2.3261,3.1911,1.3142,0.051486,-0.006528,-0.006528,0.019645,0.71429,1,0.097222
-1.9843,-3.4739,2.4297,0.58397,0.4315,0.054934,0.054934,0.023886,1,1,0.083333
-1.9843,-3.274,2.7193,0.47671,3.0868,0.19137,0.19137,0.11966,1,1,0.20833
-1.9843,-3.0739,5.4539,0.50455,3.9185,0.32693,0.32693,0.11334,1,1,0.13889
-1.9843,-2.8739,5.4709,0.62505,0.37129,0.18691,0.18691,0.11893,0.625,1,0.11111
-1.9843,-2.274,0.18558,0.77804,2.3119,0.12633,0.12633,0.067676,1,1,0.083333
-1.9843,-2.0739,0.345,0.95501,1.3966,-0.090579,-0.090579,0.038394,1,1,0.097222
-1.9843,-1.8739,4.8274,0.94881,3.0396,0.29214,0.29214,0.046731,1,1,0.11111
-1.9843,-1.6739,0.15365,1.2242,0.0012775,0.0011044,0.0011044,0.0037762,0.66667,1,0.083333
-1.9843,-1.4739,0.13205,1.2301,0.0040648,0.0004487,0.0004487,0.0031369,0.83333,1,0.083333
-1.9843,-1.2739,3.3284,1.3113,0.015286,-0.00087041,-0.00087041,0.00012769,0.6,1,0.069444
-1.9843,-1.0739,3.2307,1.2292,0.02792,0.011756,0.011756,0.010509,0.66667,1,0.083333
-1.9843,-0.07395,3.0332,1.2251,0.10653,-0.049279,-0.049279,0.029604,1,1,0.069444
-1.9843,1.7261,0.42541,1.0301,0.010755,-0.0036282,-0.0036282,0.014614,0.8,1,0.069444
-1.9843,1.9261,0.2348,1.1737,0.063485,-0.040708,-0.040708,0.034604,0.75,1,0.11111
-1.9843,2.1261,3.283,1.1117,0.12028,-0.071883,-0.071883,0.047735,0.5,1,0.11111
-1.9843,2.3261,0.66051,1.0857,0.077551,-0.019036,-0.019036,0.0090007,0.5,1,0.11111
-1.9843,2.3261,3.0719,1.3076,0.014327,-0.0088768,-0.0088768,0.022754,0.5,1,0.11111
-1.7843,-3.8739,1.2241,0.15207,2.9804,0.15238,0.15238,0.014329,1,1,0.15278
-1.7843,-3.674,1.9769,0.29556,3.5989,0.22343,0.22343,0.056596,1,1,0.29167
-1.7843,-3.4739,2.2502,0.52933,0.12789,0.048182,0.048182,0.029709,0.63636,1,0.15278
-1.7843,-3.274,1.3651,0.61375,4.1426,-0.56103,-0.56103,0.16457,1,1,0.27778
-1.7843,-3.0739,5.7414,0.607,2.3397,-0.019673,-0.019673,0.1585,1,1,0.25
-1.7843,-2.8739,0.67694,0.60516,5.1937,0.86559,0.86559,0.15777,1,1,0.069444
-1.7843,-2.6739,2.9991,1.036,0.10166,0.064744,0.064744,0.042125,0.5,1,0.083333
-1.7843,-2.4739,5.4371,0.93331,0.0067697,-0.00029344,-0.00029344,0.0013699,0.44444,1,0.125
-1.7843,-2.274,2.8241,0.50506,1.3746,-0.29942,-0.29942,0.11455,0.70004,1,0.13889
-1.7843,-2.274,5.417,0.94816,0.0074144,0.00080195,0.00080195,0.00094342,0.29996,1,0.13889
-1.7843,-2.0739,1.6496,0.68594,4.4106,-0.70467,-0.70467,0.15496,1,1,0.11111
-1.7843,-1.8739,3.4367,1.1658,0.0012676,-0.0039288,-0.0039288,0.017924,0.5,1,0.083333
-1.7843,1.1261,0.52445,1.1531,0.019375,-0.0051145,-0.0051145,0.0051275,0.57143,1,0.097222
-1.7843,1.7261,0.3965,1.0971,0.010995,0.0029188,0.0029188,0.0015009,0.42857,1,0.097222
-1.7843,1.9261,0.14145,1.1641,0.10457,-0.045144,-0.045144,0.028733,0.66667,1,0.083333
-1.7843,2.5261,0.65131,0.95541,0.14712,-0.085348,-0.085348,0.090452,0.625,1,0.11111
-1.7843,2.7261,1.5144,0.88231,1.9486,-0.32734,-0.32734,0.18596,1,1,0.097222
-1.7843,2.9261,3.4079,0.7399,4.0538,0.80112,0.80112,0.21511,1,1,0.097222
-1.7843,3.1261,2.8376,0.75164,4.5926,0.88968,0.88968,0.21292,1,1,0.055556
-1.5843,-3.8739,4.4631,0.12619,3.4362,-0.055652,-0.055652,0.016515,1,1,0.5
-1.5843,-3.674,4.3994,0.20247,3.0704,0.0047474,0.0047474,0.03878,1,1,0.81944
-1.5843,-3.4739,0.7012,0.28007,3.2543,0.081688,0.081688,0.019147,0.79683,1,0.41667
-1.5843,-3.4739,5.0519,0.73497,0.17261,0.058365,0.058365,0.064222,0.20317,1,0.41667
-1.5843,-3.274,0.0092808,0.72233,2.755,-0.3187,-0.3187,0.11725,1,1,0.26389
-1.5843,-3.0739,1.1976,0.68283,2.1249,0.066579,0.066579,0.07396,1,1,0.20833
-1.5843,-2.8739,0.69982,0.8394,3.7327,-0.39099,-0.39099,0.097166,0.81818,1,0.15278
-1.5843,-2.8739,4.4345,1.21,0.0039013,-0.0057251,-0.0057251,0.0084016,0.18182,1,0.15278
-1.5843,-2.6739,6.1914,0.97841,8.0692,0.52864,0.52864,0.045509,1,1,0.11111
-1.5843,-2.274,4.248,0.76229,0.56146,0.21026,0.21026,0.22272,1,1,0.083333
-1.5843,-2.0739,4.4974,0.82412,0.041826,-0.062021,-0.062021,0.10382,0.6,1,0.069444
-1.5843,-1.8739,0.88856,1.1203,4.3304,0.11955,0.11955,0.04285,1,1,0.125
-1.5843,-1.4739,0.18135,1.2138,0.0032325,-0.0021418,-0.0021418,0.0026592,0.8,1,0.069444
-1.5843,-1.2739,0.13175,1.183,0.019931,0.0015774,0.0015774,0.0028659,0.6,1,0.069444
-1.5843,-1.0739,3.339,1.2183,0.026129,-0.0053044,-0.0053044,0.012029,0.66667,1,0.083333
-1.5843,1.3261,0.34121,1.1959,0.10819,-0.024611,-0.024611,0.010862,0.55556,1,0.125
-1.5843,1.9261,0.10713,1.2529,0.031105,-0.011453,-0.011453,0.0042172,0.28571,1,0.097222
-1.5843,2.5261,1.3497,0.80964,2.6637,0.34102,0.34102,0.19171,1,1,0.125
-1.5843,2.7261,1.3275,0.59258,2.3379,-0.03124,-0.03124,0.19217,1,1,0.16667
-1.5843,2.9261,0.039501,0.94296,0.074806,0.035216,0.035216,0.15405,0.54506,1,0.15278
-1.5843,2.9261,2.7609,0.55471,0.57518,0.10791,0.10791,0.10526,0.45494,1,0.15278
-1.3843,-3.8739,4.4383,0.14834,0.9951,-0.028535,-0.028535,0.017672,1,1,0.20833
-1.3843,-3.674,4.5396,0.221,3.0912,0.046073,0.046073,0.054503,1,1,1
-1.3843,-3.4739,1.5539,0.38194,6.9281,0.49716,0.49716,0.083813,1,1,0.55556
-1.3843,-3.274,1.7395,0.52817,0.34867,-0.026695,-0.026695,0.041059,0.632,1,0.26389
-1.3843,-3.274,4.6085,0.80249,0.22951,0.095992,0.095992,0.13591,0.368,1,0.26389
-1.3843,-3.0739,0.93906,0.72171,2.0728,-0.36716,-0.36716,0.12189,0.9,1,0.27778
-1.3843,-3.0739,4.4489,1.0402,0.0023146,0.0037567,0.0037567,0.0060973,0.1,1,0.27778
-1.3843,-2.8739,6.1074,0.8412,2.5754,-0.26318,-0.26318,0.083414,1,1,0.29167
-1.3843,-2.6739,3.1028,0.94026,12.204,-0.75387,-0.75387,0.050757,1,1,0.18056
-1.3843,-2.4739,5.3132,1.0798,2.0074,-0.13697,-0.13697,0.041501,1,1,0.083333
-1.3843,-1.8739,4.0287,1.3116,0.19673,0.033749,0.033749,0.0059916,0.42857,1,0.097222
-1.3843,-1.6739,5.075,1.1993,1.8006,-0.054415,-0.054415,0.030309,1,1,0.13889
-1.3843,-1.2739,4.8978,1.2374,2.0831,0.047973,0.047973,0.011993,1,1,0.083333
-1.3843,1.3261,0.2943,1.2267,0.098773,-0.039587,-0.039587,0.026845,0.66667,1,0.125
-1.3843,1.7261,0.14306,1.0915,0.11016,-0.10251,-0.10251,0.11287,0.85714,1,0.097222
-1.3843,1.9261,0.33398,1.1314,0.0018271,-0.00082828,-0.00082828,0.0022458,0.33333,1,0.125
-1.3843,2.5261,2.9901,0.99617,2.076,0.25355,0.25355,0.17058,1,1,0.11111
-1.3843,2.7261,0.78339,0.65174,0.44135,-0.09642,-0.09642,0.2415,0.63688,1,0.15278
-1.3843,2.7261,3.1478,1.1467,0.12084,0.025835,0.025835,0.012649,0.36312,1,0.15278
-1.3843,2.9261,1.5357,0.61114,1.7495,0.067083,0.067083,0.094924,1,1,0.097222
-1.1843,-3.674,3.9191,0.30986,2.7355,0.18519,0.18519,0.085106,1,1,0.65278
-1.1843,-3.4739,2.4102,0.42993,5.6908,0.51078,0.51078,0.10669,1,1,0.61111
-1.1843,-3.274,3.9337,0.94341,1.453,-0.0032576,-0.0032576,0.031249,0.4523,1,0.22222
-1.1843,-3.274,1.807,0.40214,0.7789,-0.1031,-0.1031,0.029256,0.5477,1,0.22222
-1.1843,-3.0739,0.17462,0.81532,3.8121,-0.45274,-0.45274,0.11144,1,1,0.22222
-1.1843,-2.8739,5.293,0.59853,2.6487,-0.038865,-0.038865,0.16907,1,1,0.25
-1.1843,-2.6739,1.3341,0.6789,6.5429,-0.84463,-0.84463,0.16094,1,1,0.33333
-1.1843,-2.4739,0.95402,0.78354,0.42872,-0.10788,-0.10788,0.089952,0.64286,1,0.19444
-1.1843,-2.4739,3.9604,1.1804,0.13376,-0.0076338,-0.0076338,0.012525,0.35714,1,0.19444
-1.1843,-2.274,1.2186,0.74138,0.0048825,0.0024624,0.0024624,0.0012419,0.33333,1,0.083333
-1.1843,-1.8739,4.3439,1.179,1.0169,-0.13832,-0.13832,0.048874,1,1,0.097222
-1.1843,-1.6739,4.8125,1.1777,1.8446,-0.1252,-0.1252,0.023522,1,1,0.11111
-1.1843,-1.4739,0.21599,1.1706,0.0033694,-0.0062988,-0.0062988,0.018537,0.66667,1,0.083333
-1.1843,-1.2739,0.17082,1.1992,0.021556,-0.0012079,-0.0012079,0.0061492,0.5,1,0.13889
-1.1843,-0.87395,0.70587,1.291,7.4739,0.34021,0.34021,0.016605,1,1,0.097222
-1.1843,-0.67395,3.2168,1.3405,0.016215,0.01282,0.01282,0.010136,0.28571,1,0.097222
-1.1843,1.3261,3.3127,1.2008,0.012875,0.0045568,0.0045568,0.0031737,0.5,1,0.083333
-1.1843,1.5261,2.9373,1.1596,4.1884,0.31745,0.31745,0.029958,1,1,0.125
-1.1843,1.7261,0.35546,0.9233,0.077929,-0.05144,-0.05144,0.079493,0.66667,1,0.125
-1.1843,1.9261,2.9296,0.96808,0.13189,0.082025,0.082025,0.058194,0.6,1,0.13889
-1.1843,2.7261,3.7716,1.1401,3.0061,0.42164,0.42164,0.075565,1,1,0.097222
-1.1843,2.9261,0.90474,0.83294,1.725,-0.39835,-0.39835,0.1602,1,1,0.11111
-1.1843,3.1261,5.9336,0.89404,1.753,0.17725,0.17725,0.080319,1,1,0.097222
-0.98434,-3.8739,0.77592,0.24404,3.2769,-0.20031,-0.20031,0.053859,1,1,0.27778
-0.98434,-3.674,6.2213,0.28333,4.8307,-0.25721,-0.25721,0.077715,1,1,0.68056
-0.98434,-3.4739,4.4264,0.55173,2.4454,-0.15627,-0.15627,0.09953,1,1,0.36111
-0.98434,-3.274,4.7454,0.76354,2.3772,-0.14546,-0.14546,0.12741,1,1,0.22222
-0.98434,-3.0739,5.4155,0.55902,2.0228,-0.015689,-0.015689,0.13688,1,1,0.15278
-0.98434,-2.8739,5.4903,0.42333,3.1674,0.52045,0.52045,0.14929,1,1,0.22222
-0.98434,-2.6739,0.85518,0.64627,4.8549,0.58292,0.58292,0.1274,1,1,0.19444
-0.98434,-2.274,1.0929,0.90859,2.7207,0.36192,0.36192,0.1108,1,1,0.15278
-0.98434,-2.0739,1.2003,0.9145,4.2227,0.45786,0.45786,0.089569,1,1,0.11111
-0.98434,-1.8739,0.0022937,0.96437,2.7089,-0.28957,-0.28957,0.15176,1,1,0.083333
-0.98434,-1.6739,0.15031,1.0087,1.3611,-0.14385,-0.14385,0.12345,1,1,0.13889
-0.98434,-1.2739,5.6562,1.1515,2.3932,-0.1807,-0.1807,0.038315,1,1,0.125
-0.98434,-1.0739,3.1421,1.2658,0.1815,-0.026575,-0.026575,0.0094408,0.49998,1,0.13889
-0.98434,-1.0739,0.67781,1.1127,0.4415,-0.084091,-0.084091,0.042562,0.50002,1,0.13889
-0.98434,-0.87395,3.3383,1.2391,2.4404,0.050735,0.050735,0.018348,1,1,0.125
-0.98434,-0.67395,3.3401,1.2417,0.90517,0.097224,0.097224,0.02243,1,1,0.083333
-0.98434,-0.27395,4.0349,1.2648,1.2275,0.038029,0.038029,0.0057646,1,1,0.083333
-0.98434,-0.07395,3.3767,1.1892,0.0042023,0.00095617,0.00095617,0.00021756,0.33333,1,0.083333
-0.98434,1.3261,0.039548,1.215,0.022942,-0.0076098,-0.0076098,0.0083023,0.57143,1,0.097222
-0.98434,1.5261,5.8285,1.1035,3.7741,-0.25753,-0.25753,0.040044,1,1,0.125
-0.98434,1.7261,0.87244,1.0233,1.6405,-0.13248,-0.13248,0.11035,1,1,0.097222
-0.98434,1.9261,0.19096,1.0053,0.032668,-0.035539,-0.035539,0.11066,0.63636,1,0.15278
-0.98434,2.3261,6.1892,0.7172,2.9618,-0.64075,-0.64075,0.19978,1,1,0.097222
-0.98434,2.5261,2.881,1.1199,0.13342,0.030343,0.030343,0.0069006,0.28571,1,0.097222
-0.98434,2.7261,3.5255,0.75964,2.9855,0.052845,0.052845,0.18005,1,1,0.15278
-0.98434,2.9261,3.9047,0.35497,0.15766,-0.011826,-0.011826,0.031827,0.39983,1,0.13889
-0.98434,2.9261,6.2043,0.99664,0.2503,0.015998,0.015998,0.08701,0.60017,1,0.13889
-0.98434,3.1261,3.3181,0.54287,0.0094121,0.0081313,0.0081313,0.0087626,0.5,1,0.083333
-0.78434,-3.8739,0.2685,0.15329,1.943,-0.095996,-0.095996,0.031947,1,1,0.29167
-0.78434,-3.674,0.37181,0.24162,3.2699,-0.28146,-0.28146,0.086327,1,1,0.58333
-0.78434,-3.4739,1.7384,0.52928,3.8252,0.52413,0.52413,0.10829,0.78568,1,0.23611
-0.78434,-3.4739,2.2274,0.68572,1.8091,-0.16858,-0.16858,0.016613,0.21432,1,0.23611
-0.78434,-3.274,0.82437,0.40899,0.58169,-0.058235,-0.058235,0.053505,0.45924,1,0.33333
-0.78434,-3.274,4.0849,0.66927,0.23609,-0.12248,-0.12248,0.12417,0.54076,1,0.33333
-0.78434,-3.0739,6.0374,0.77775,3.183,-0.39849,-0.39849,0.15743,0.65961,1,0.30556
-0.78434,-3.0739,5.2419,0.28672,1.6828,0.19814,0.19814,0.029465,0.34039,1,0.30556
-0.78434,-2.8739,0.19456,0.59538,3.9708,0.61483,0.61483,0.18152,1,1,0.23611
-0.78434,-2.6739,0.73543,0.91566,0.025399,0.012159,0.012159,0.012655,0.375,1,0.11111
-0.78434,-2.4739,1.0245,0.81878,4.9523,0.73745,0.73745,0.17576,1,1,0.16667
-0.78434,-2.274,1.0568,0.91608,2.2878,0.27063,0.27063,0.12986,1,1,0.13889
-0.78434,-2.0739,0.95463,0.86447,0.15896,-0.0075301,-0.0075301,0.063126,1,1,0.083333
-0.78434,-1.8739,0.49335,0.96466,1.1619,-0.15145,-0.15145,0.096882,1,1,0.11111
-0.78434,-1.6739,6.2161,1.1013,2.5184,-0.28469,-0.28469,0.12499,1,1,0.15278
-0.78434,-1.4739,1.7075,1.288,2.1118,-0.077872,-0.077872,0.0092178,0.83333,1,0.083333
-0.78434,-1.2739,0.54928,1.1177,1.5658,0.039896,0.039896,0.035042,0.67272,1,0.16667
-0.78434,-1.2739,3.7792,1.17,0.28396,0.0057447,0.0057447,0.00026994,0.32728,1,0.16667
-0.78434,-1.0739,4.728,1.1369,3.3285,-0.25939,-0.25939,0.03238,1,1,0.11111
-0.78434,-0.87395,3.1143,1.1852,1.7167,0.055784,0.055784,0.015194,1,1,0.097222
-0.78434,-0.67395,2.2896,1.1651,2.6483,0.21006,0.21006,0.023196,1,1,0.055556
-0.78434,-0.27395,4.0843,1.2359,2.9343,0.041133,0.041133,0.011312,1,1,0.11111
-0.78434,-0.07395,3.4163,1.2155,0.07451,-0.0085261,-0.0085261,0.00097563,0.4,1,0.069444
-0.78434,0.12605,1.8788,1.2713,3.2382,-0.083897,-0.083897,0.0023782,1,1,0.069444
-0.78434,0.92605,4.7322,1.2407,0.13584,0.009065,0.009065,0.0029082,0.75,1,0.055556
-0.78434,1.3261,2.9625,1.1507,0.058825,0.04902,0.04902,0.053265,0.6,1,0.13889
-0.78434,1.5261,2.9786,1.1378,0.059412,0.038075,0.038075,0.040897,0.7,1,0.13889
-0.78434,1.7261,4.4525,1.0173,2.9894,0.36392,0.36392,0.11372,1,1,0.125
-0.78434,1.9261,3.0075,0.8499,0.035628,0.066839,0.066839,0.13665,0.39935,1,0.20833
-0.78434,1.9261,0.18193,0.95992,0.75675,-0.14031,-0.14031,0.10339,0.60065,1,0.20833
-0.78434,2.1261,5.1068,0.70764,10.756,1.2902,1.2902,0.17865,0.84616,1,0.18056
-0.78434,2.1261,0.15535,0.93956,0.0011199,-0.0060217,-0.0060217,0.032378,0.15384,1,0.18056
-0.78434,2.3261,0.95056,0.62782,2.2209,0.097767,0.097767,0.16008,1,1,0.15278
-0.78434,2.5261,5.7487,0.55664,2.4934,-0.4852,-0.4852,0.1338,1,1,0.16667
-0.78434,2.7261,5.2514,0.65497,2.6111,-0.41674,-0.41674,0.14464,1,1,0.16667
-0.78434,2.9261,4.7595,0.72192,1.417,0.19646,0.19646,0.065343,1,1,0.16667
-0.78434,3.1261,3.7872,0.53811,4.827,0.38321,0.38321,0.030788,0.46633,1,0.22222
-0.78434,3.1261,2.7909,0.27294,0.57159,0.11958,0.11958,0.054008,0.53367,1,0.22222
-0.78434,3.3261,3.5825,0.35362,3.2425,0.38781,0.38781,0.073553,1,1,0.18056
-0.58434,-3.674,3.6244,0.43968,10.947,1.1049,1.1049,0.12122,1,1,0.083333
-0.58434,-3.4739,4.0786,0.43227,10.437,-1.1906,-1.1906,0.14553,1,1,0.15278
-0.58434,-3.274,5.852,0.52296,2.2069,-0.38151,-0.38151,0.15339,1,1,0.25
-0.58434,-3.0739,5.9378,0.33165,2.6934,0.086821,0.086821,0.075253,0.68334,1,0.34722
-0.58434,-3.0739,3.8422,1.1203,0.081205,-0.0090889,-0.0090889,0.022978,0.31666,1,0.34722
-0.58434,-2.8739,0.75505,0.62937,5.2733,0.65617,0.65617,0.14845,1,1,0.27778
-0.58434,-2.6739,0.86704,0.69982,0.018972,0.0010726,0.0010726,0.070435,0.42857,1,0.097222
-0.58434,-2.4739,4.3614,1.1352,0.10531,-0.054288,-0.054288,0.027986,0.27273,1,0.15278
-0.58434,-2.4739,0.36322,0.92544,0.023248,-0.031761,-0.031761,0.055689,0.27273,1,0.15278
-0.58434,-2.274,0.82016,0.8755,0.105,0.028595,0.028595,0.035684,0.57143,1,0.097222
-0.58434,-2.0739,0.58124,0.85881,0.00025345,-0.00035478,-0.00035478,0.00049662,0.28571,1,0.097222
-0.58434,-1.8739,1.3893,1.0704,1.1701,0.1601,0.1601,0.04364,1,1,0.083333
-0.58434,-1.4739,1.7337,1.1612,1.5874,0.065572,0.065572,0.016674,1,1,0.097222
-0.58434,-1.2739,0.070342,1.1778,2.2159,-0.018582,-0.018582,0.0079279,1,1,0.15278
-0.58434,-1.0739,0.39766,1.2215,2.0925,-0.0894,-0.0894,0.0092877,1,1,0.13889
-0.58434,-0.67395,3.7828,1.2392,0.25047,-0.011945,-0.011945,0.0088012,1,1,0.11111
-0.58434,-0.27395,3.9595,1.2215,2.2028,0.05236,0.05236,0.011888,1,1,0.097222
-0.58434,-0.07395,2.4857,1.1687,2.9945,-0.16444,-0.16444,0.017235,1,1,0.125
-0.58434,0.12605,2.1864,1.2505,12.108,-0.5567,-0.5567,0.027519,1,1,0.11111
-0.58434,0.92605,5.0161,0.90589,0.2981,-0.10151,-0.10151,0.14314,1,1,0.055556
-0.58434,1.3261,4.6068,1.1982,3.1354,0.12698,0.12698,0.032651,1,1,0.15278
-0.58434,1.5261,2.9286,1.0661,0.067496,0.044291,0.044291,0.037441,0.625,1,0.11111
-0.58434,1.7261,6.0157,0.83656,5.618,-0.62711,-0.62711,0.079927,1,1,0.083333
-0.58434,1.9261,0.38163,0.90193,3.8751,-0.27088,-0.27088,0.051335,1,1,0.19444
-0.58434,2.1261,5.8979,0.91288,6.2177,0.45238,0.45238,0.047056,1,1,0.18056
-0.58434,2.3261,0.1609,0.70315,1.2825,0.0022235,0.0022235,0.10703,0.77779,1,0.125
-0.58434,2.3261,1.7005,1.0323,0.6416,0.016713,0.016713,0.00043535,0.22221,1,0.125
-0.58434,2.5261,6.2354,0.81702,1.1633,-0.0171,-0.0171,0.1531,1,1,0.16667
-0.58434,2.7261,6.2407,0.80616,2.0908,-0.010219,-0.010219,0.15152,1,1,0.15278
-0.58434,2.9261,5.3126,0.63437,1.9497,0.12051,0.12051,0.092954,1,1,0.19444
-0.58434,3.1261,3.9908,0.38528,3.1502,0.31436,0.31436,0.10053,1,1,0.43056
-0.58434,3.3261,3.1116,0.26877,3.8506,0.049786,0.049786,0.047414,1,1,0.5
-0.58434,3.5261,4.1589,0.24044,4.3226,-0.28759,-0.28759,0.034212,1,1,0.22222
-0.38434,-3.4739,5.2815,0.25999,1.9271,-0.041235,-0.041235,0.088031,1,1,0.29167
-0.38434,-3.274,5.6025,0.34052,2.4009,-0.041198,-0.041198,0.10539,1,1,0.31944
-0.38434,-3.0739,0.42466,0.32935,2.6453,0.23903,0.23903,0.09504,0.8632,1,0.40278
-0.38434,-3.0739,3.7593,1.0797,0.013847,-0.010736,-0.010736,0.010066,0.1368,1,0.40278
-0.38434,-2.8739,1.7098,0.52414,7.3766,1.005,1.005,0.21689,1,1,0.41667
-0.38434,-2.6739,4.3393,1.0824,0.12431,-0.034994,-0.034994,0.011357,0.5,1,0.083333
-0.38434,-2.4739,5.4547,0.94416,2.2797,0.1171,0.1171,0.041125,1,1,0.11111
-0.38434,-2.274,1.2926,1.0088,1.2165,-0.091909,-0.091909,0.02887,0.60152,1,0.13889
-0.38434,-2.274,4.136,1.219,0.14985,-0.051832,-0.051832,0.019447,0.39848,1,0.13889
-0.38434,-2.0739,4.3625,1.0735,4.9619,-0.32208,-0.32208,0.029471,1,1,0.125
-0.38434,-1.8739,0.91135,1.0748,0.11748,0.017473,0.017473,0.017914,0.71429,1,0.097222
-0.38434,-1.2739,3.2591,1.1987,4.351,-0.17215,-0.17215,0.0094741,1,1,0.083333
-0.38434,-1.0739,0.9451,1.1025,0.15484,-0.015033,-0.015033,0.0015406,0.33333,1,0.125
-0.38434,-1.0739,3.4866,1.2408,0.031343,0.0037917,0.0037917,0.00046433,0.33333,1,0.125
-0.38434,-0.87395,3.1874,1.1945,3.0645,0.13065,0.13065,0.0077382,1,1,0.125
-0.38434,-0.67395,2.9236,1.2216,1.6955,0.048584,0.048584,0.012556,1,1,0.125
-0.38434,-0.07395,3.0328,1.1144,1.2404,-0.060188,-0.060188,0.012248,1,1,0.097222
-0.38434,0.12605,3.9043,1.0143,0.038076,-0.029371,-0.029371,0.022656,0.4,1,0.069444
-0.38434,1.3261,2.4096,1.1553,2.4158,-0.055303,-0.055303,0.031535,1,1,0.22222
-0.38434,1.5261,0.010865,1.1388,10.298,0.58728,0.58728,0.040751,1,1,0.13889
-0.38434,1.7261,2.2893,0.9895,2.5647,-0.10495,-0.10495,0.060612,0.81818,1,0.15278
-0.38434,1.7261,6.1872,1.286,0.0024265,-0.0044871,-0.0044871,0.0082974,0.18182,1,0.15278
-0.38434,1.9261,4.4582,1.007,9.8398,-0.60488,-0.60488,0.045129,1,1,0.18056
-0.38434,2.1261,0.2708,0.98726,6.2898,0.33899,0.33899,0.029642,1,1,0.19444
-0.38434,2.3261,0.31542,0.59585,1.4366,0.066821,0.066821,0.1328,1,1,0.20833
-0.38434,2.5261,0.95558,0.85567,1.6921,0.049953,0.049953,0.10986,1,1,0.18056
-0.38434,2.7261,0.65711,0.91279,2.1136,0.081589,0.081589,0.10355,1,1,0.16667
-0.38434,2.9261,5.2382,0.51175,2.7655,0.34555,0.34555,0.086274,1,1,0.25
-0.38434,3.1261,4.0578,0.28834,1.5676,0.037019,0.037019,0.048736,0.89773,1,0.54167
-0.38434,3.1261,1.6377,1.0441,0.014934,-0.0021962,-0.0021962,0.025029,0.10227,1,0.54167
-0.38434,3.3261,3.9375,0.22605,2.9666,-0.11415,-0.11415,0.043718,1,1,0.93056
-0.38434,3.5261,5.5885,0.19081,2.9254,0.15089,0.15089,0.031586,1,1,0.56944
-0.18434,-3.4739,6.2109,0.12547,1.2743,0.031949,0.031949,0.0041553,0.85714,1,0.097222
-0.18434,-3.274,1.0377,0.35678,4.2952,0.36695,0.36695,0.084913,1,1,0.33333
-0.18434,-3.0739,5.9279,0.36205,2.2006,-0.14232,-0.14232,0.10933,1,1,0.54167
-0.18434,-2.8739,3.963,0.59309,0.1162,-0.04247,-0.04247,0.1429,0.45832,1,0.33333
-0.18434,-2.8739,0.60419,0.52199,0.30868,0.022965,0.022965,0.11373,0.54168,1,0.33333
-0.18434,-2.6739,3.7722,1.1371,0.0090307,-0.0023818,-0.0023818,0.0043385,0.32341,1,0.20833
-0.18434,-2.6739,2.5772,0.88099,9.6069,0.74997,0.74997,0.068498,0.67659,1,0.20833
-0.18434,-2.274,3.9157,1.04,0.15804,-0.068067,-0.068067,0.086437,0.63636,1,0.15278
-0.18434,-2.274,0.96681,0.93248,0.14243,0.039684,0.039684,0.011101,0.27273,1,0.15278
-0.18434,-2.0739,6.1285,1.0731,5.1318,-0.36798,-0.36798,0.043139,1,1,0.16667
-0.18434,-1.8739,1.7375,1.065,0.063633,-0.0041622,-0.0041622,0.00027225,0.22222,1,0.125
-0.18434,-1.6739,3.6112,1.1451,5.6944,0.37168,0.37168,0.025806,1,1,0.13889
-0.18434,-1.4739,1.1513,1.1573,2.6786,0.062471,0.062471,0.023489,1,1,0.13889
-0.18434,-1.2739,4.8018,1.2011,2.1607,-0.1533,-0.1533,0.020066,1,1,0.125
-0.18434,-1.0739,1.0417,1.1708,1.4571,0.0034148,0.0034148,0.0089241,1,1,0.069444
-0.18434,-0.67395,1.8605,1.1353,2.2471,-0.060803,-0.060803,0.008994,1,1,0.11111
-0.18434,-0.47395,2.5072,1.1624,3.193,-0.028789,-0.028789,0.010266,1,1,0.15278
-0.18434,-0.07395,3.9449,1.1925,4.0209,0.086529,0.086529,0.0035636,1,1,0.13889
-0.18434,0.12605,3.7331,1.1525,0.22198,-0.0040279,-0.0040279,0.00068201,0.39656,1,0.13889
-0.18434,0.12605,0.30153,1.2667,1.2673,-0.022202,-0.022202,0.0020786,0.50344,1,0.13889
-0.18434,0.32605,2.2434,1.1052,4.1979,-0.30406,-0.30406,0.032991,1,1,0.097222
-0.18434,0.52605,1.4576,1.222,0.0027615,0.0012896,0.0012896,0.00060221,0.5,1,0.055556
-0.18434,1.1261,2.343,1.1607,3.3785,-0.27416,-0.27416,0.046195,1,1,0.11111
-0.18434,1.3261,2.6164,1.1351,3.0333,-0.10645,-0.10645,0.027981,1,1,0.19444
-0.18434,1.5261,2.5375,1.157,3.5824,-0.15299,-0.15299,0.021052,1,1,0.16667
-0.18434,1.7261,4.1467,1.0703,9.9403,-0.53723,-0.53723,0.03181,0.80002,1,0.13889
-0.18434,1.7261,1.3797,1.2139,0.079809,-0.0039056,-0.0039056,0.00019113,0.19998,1,0.13889
-0.18434,1.9261,3.3753,1.104,6.6931,-0.28663,-0.28663,0.016668,1,1,0.15278
-0.18434,2.1261,2.71,0.86333,3.9728,-0.62239,-0.62239,0.14354,1,1,0.15278
-0.18434,2.3261,6.2649,1.0717,0.96346,0.020023,0.020023,0.0090015,0.28378,1,0.29167
-0.18434,2.3261,5.8513,0.31117,3.3267,-0.25342,-0.25342,0.055405,0.71622,1,0.29167
-0.18434,2.5261,0.4966,0.81445,1.8136,0.16803,0.16803,0.14519,1,1,0.19444
-0.18434,2.7261,0.61031,0.87239,1.5349,0.12629,0.12629,0.077634,1,1,0.18056
-0.18434,2.9261,2.806,0.3799,0.0062165,-0.018127,-0.018127,0.052856,0.13333,1,0.20833
-0.18434,2.9261,5.058,0.60836,2.6748,0.43698,0.43698,0.11086,0.86667,1,0.20833
-0.18434,3.1261,4.0509,0.40792,3.1016,-0.35187,-0.35187,0.093251,1,1,0.41667
-0.18434,3.3261,4.6991,0.21872,4.1279,0.20882,0.20882,0.040065,1,1,0.94444
-0.18434,3.5261,3.15,0.20455,2.919,-0.15118,-0.15118,0.040485,1,1,0.36111
0.01566,-3.274,5.3469,0.3251,2.0944,-0.23477,-0.23477,0.12911,1,1,0.19444
0.01566,-3.0739,0.46117,0.34548,3.1361,0.44126,0.44126,0.11071,1,1,0.27778
0.01566,-2.8739,0.91966,0.6035,3.5794,0.39805,0.39805,0.087623,1,1,0.29167
0.01566,-2.6739,1.8032,0.7829,6.3178,0.59259,0.59259,0.077678,1,1,0.27778
0.01566,-2.4739,3.0122,0.9675,3.9074,-0.35763,-0.35763,0.077092,1,1,0.18056
0.01566,-2.274,0.90261,0.97688,7.4872,-0.61784,-0.61784,0.057087,1,1,0.13889
0.01566,-2.0739,1.6812,1.0006,4.6777,0.43475,0.43475,0.04052,1,1,0.069444
0.01566,-1.6739,0.51556,1.0226,0.0067585,-0.0051476,-0.0051476,0.0039206,0.28571,1,0.097222
0.01566,-1.4739,3.5352,1.2916,0.013817,0.0045095,0.0045095,0.0014718,0.42857,1,0.097222
0.01566,-1.2739,5.8623,1.1337,1.6124,-0.060125,-0.060125,0.045251,1,1,0.069444
0.01566,-1.0739,2.7514,1.1775,6.4067,0.3642,0.3642,0.029587,1,1,0.13889
0.01566,-0.87395,3.3183,1.1816,4.7976,0.21587,0.21587,0.026285,1,1,0.15278
0.01566,-0.67395,2.8249,1.1838,1.2669,0.1066,0.1066,0.014836,1,1,0.125
0.01566,-0.47395,1.237,1.0713,0.097197,-0.017994,-0.017994,0.003331,0.2,1,0.13889
0.01566,-0.07395,3.2591,1.2543,0.0075002,0.0068356,0.0068356,0.0062445,0.375,1,0.11111
0.01566,1.1261,5.1303,1.1837,3.1918,0.17429,0.17429,0.028105,1,1,0.097222
0.01566,1.3261,0.34577,1.1778,3.2966,-0.21101,-0.21101,0.03395,1,1,0.13889
0.01566,1.9261,2.9291,1.0803,0.12573,0.047144,0.047144,0.022523,0.71429,1,0.097222
0.01566,2.1261,2.4831,0.91314,2.6642,-0.42839,-0.42839,0.14555,1,1,0.083333
0.01566,2.3261,6.2292,0.45599,3.2594,-0.30268,-0.30268,0.17039,1,1,0.23611
0.01566,2.5261,5.3366,0.6627,1.7992,-0.076285,-0.076285,0.18461,1,1,0.18056
0.01566,2.7261,5.8702,0.77172,2.1425,0.03175,0.03175,0.061044,1,1,0.18056
0.01566,2.9261,1.9415,0.47549,0.44798,0.077921,0.077921,0.096441,0.57146,1,0.29167
0.01566,2.9261,5.6964,0.68327,0.1656,0.1187,0.1187,0.11035,0.42854,1,0.29167
0.01566,3.1261,0.83472,0.33196,2.2234,0.088069,0.088069,0.068594,1,1,0.56944
0.01566,3.3261,1.1368,0.23139,2.4473,0.09349,0.09349,0.051103,1,1,0.84722
0.01566,3.5261,1.6493,0.13652,1.7805,0.031182,0.031182,0.013957,1,1,0.15278
0.21566,-2.8739,0.58244,0.73603,0.10847,-0.070101,-0.070101,0.1083,0.6,1,0.13889
0.21566,-2.8739,3.8119,0.93429,0.013028,-0.016086,-0.016086,0.035868,0.4,1,0.13889
0.21566,-2.6739,5.8722,0.78808,1.9229,-0.092491,-0.092491,0.066428,1,1,0.18056
0.21566,-2.4739,3.8572,1.0847,0.038502,-0.0059435,-0.0059435,0.047355,0.49999,1,0.22222
0.21566,-2.4739,0.40566,0.82188,0.4431,0.065326,0.065326,0.097219,0.50001,1,0.22222
0.21566,-2.274,3.8515,0.9794,0.005934,0.0049014,0.0049014,0.037159,0.71429,1,0.097222
0.21566,-1.8739,2.8824,1.2295,1.6778,0.01775,0.01775,0.00064751,0.75,1,0.055556
0.21566,-1.6739,3.7252,1.2246,0.037357,-0.0012138,-0.0012138,0.00084376,0.5,1,0.13889
0.21566,-1.4739,3.678,1.2488,0.040196,-0.0061508,-0.0061508,0.0051608,0.41667,1,0.16667
0.21566,-0.87395,4.4091,1.1974,1.4141,0.040396,0.040396,0.015049,1,1,0.069444
0.21566,-0.67395,4.2197,1.2129,1.042,-0.0074876,-0.0074876,0.012814,1,1,0.083333
0.21566,-0.47395,0.94413,1.1707,3.9819,0.12284,0.12284,0.0095601,1,1,0.083333
0.21566,-0.27395,4.8676,1.1563,1.5996,0.044264,0.044264,0.014005,1,1,0.11111
0.21566,-0.07395,2.5804,1.1916,2.4186,-0.20012,-0.20012,0.019927,1,1,0.11111
0.21566,0.12605,4.5799,1.0368,0.0073317,0.0069729,0.0069729,0.0088338,0.42857,1,0.097222
0.21566,0.32605,4.2486,1.0439,0.20419,-0.052886,-0.052886,0.022791,0.57143,1,0.097222
0.21566,0.72605,3.4167,0.92291,1.7628,-0.12774,-0.12774,0.011365,1,1,0.055556
0.21566,1.3261,3.4028,1.115,1.0221,0.058222,0.058222,0.05865,1,1,0.15278
0.21566,1.5261,3.6266,1.0743,1.603,0.10437,0.10437,0.05815,0.78598,1,0.19444
0.21566,1.5261,0.10818,1.1635,0.00019571,-0.0004966,-0.0004966,0.0020523,0.21402,1,0.19444
0.21566,1.7261,4.0498,0.9911,2.7393,0.13395,0.13395,0.035293,1,1,0.11111
0.21566,2.1261,0.23369,1.0304,2.0787,0.069281,0.069281,0.041822,1,1,0.16667
0.21566,2.3261,5.8944,0.70153,3.7364,0.61818,0.61818,0.1641,1,1,0.22222
0.21566,2.5261,3.7762,0.76593,3.0438,-0.12277,-0.12277,0.19026,1,1,0.16667
0.21566,2.7261,5.339,0.85015,1.7763,0.1714,0.1714,0.049383,1,1,0.15278
0.21566,2.9261,1.7281,0.86662,6.157,0.48737,0.48737,0.047278,0.58272,1,0.31944
0.21566,2.9261,0.62351,0.26608,2.0428,0.023325,0.023325,0.015628,0.41728,1,0.31944
0.21566,3.1261,0.61055,0.31719,2.04,0.24442,0.24442,0.08133,1,1,0.47222
0.21566,3.3261,0.59393,0.23058,1.9688,0.19221,0.19221,0.058404,1,1,0.43056
0.41566,-2.6739,0.33117,0.92073,0.0005598,-0.00085247,-0.00085247,0.0012982,0.25,1,0.11111
0.41566,-2.4739,3.811,0.75378,0.012665,-0.0018032,-0.0018032,0.0005879,0.25,1,0.16667
0.41566,-2.4739,0.41507,0.80521,0.011569,-0.016301,-0.016301,0.022967,0.16667,1,0.16667
0.41566,-2.274,3.8609,1.0731,0.041991,0.018701,0.018701,0.034293,0.63636,1,0.15278
0.41566,-2.0739,3.9081,1.1598,0.035677,-0.0070635,-0.0070635,0.027987,0.81818,1,0.15278
0.41566,-1.8739,3.7383,1.2884,0.0046717,-0.0051416,-0.0051416,0.0056588,0.28571,1,0.097222
0.41566,-1.4739,0.42401,1.0261,0.20564,0.054909,0.054909,0.021496,0.6,1,0.13889
0.41566,-1.4739,3.781,1.2634,0.030677,-0.0073727,-0.0073727,0.0060089,0.4,1,0.13889
0.41566,-1.2739,0.41109,1.2384,0.05518,0.0062273,0.0062273,0.00070278,0.28571,1,0.097222
0.41566,-1.0739,6.035,1.2371,1.6991,-0.06318,-0.06318,0.011789,1,1,0.11111
0.41566,-0.67395,4.7628,1.2885,2.1023,-0.033464,-0.033464,0.00053269,0.5,1,0.055556
0.41566,-0.47395,3.4271,1.243,0.026143,0.0011704,0.0011704,0.0030924,0.71429,1,0.097222
0.41566,-0.27395,3.602,1.1705,3.8932,0.157,0.157,0.0085178,1,1,0.069444
0.41566,-0.07395,0.0088833,1.3084,0.0023975,0.0017613,0.0017613,0.0015147,0.5,1,0.083333
0.41566,0.12605,6.0382,1.2194,3.9168,0.19073,0.19073,0.021464,1,1,0.097222
0.41566,0.32605,4.9374,1.1481,1.6348,0.032088,0.032088,0.033174,1,1,0.097222
0.41566,1.1261,4.2884,1.0537,2.1305,0.13611,0.13611,0.054615,1,1,0.13889
0.41566,1.3261,5.2039,0.99322,5.0206,0.42858,0.42858,0.041663,0.81818,1,0.15278
0.41566,1.3261,3.1022,1.2958,0.043282,-0.0035378,-0.0035378,0.00028917,0.18182,1,0.15278
0.41566,1.5261,4.7489,0.85816,0.029658,0.00012274,0.00012274,0.001051,0.5,1,0.11111
0.41566,1.7261,4.48,0.9561,3.2323,-0.20023,-0.20023,0.021245,1,1,0.11111
0.41566,1.9261,3.3817,0.99329,7.1839,-0.46371,-0.46371,0.043539,1,1,0.16667
0.41566,2.1261,5.1335,0.86538,2.6337,-0.21749,-0.21749,0.053504,1,1,0.18056
0.41566,2.3261,5.8301,0.76924,1.832,0.18995,0.18995,0.13271,1,1,0.22222
0.41566,2.5261,1.1277,0.84103,2.1029,-0.12316,-0.12316,0.16609,1,1,0.15278
0.41566,2.7261,1.9712,1.0018,2.6409,-0.20525,-0.20525,0.048259,0.77099,1,0.18056
0.41566,2.7261,5.8736,0.95643,0.0015426,-0.0040406,-0.0040406,0.011753,0.22901,1,0.18056
0.41566,2.9261,2.1436,0.70995,0.20779,0.014494,0.014494,0.10315,0.47368,1,0.26389
0.41566,2.9261,5.5986,0.46078,0.20728,0.091095,0.091095,0.14618,0.52632,1,0.26389
0.41566,3.1261,0.41843,0.36207,2.828,0.22765,0.22765,0.065615,1,1,0.33333
0.41566,3.3261,0.43584,0.29441,1.5661,0.11673,0.11673,0.01934,1,1,0.097222
0.61566,-2.6739,0.44091,0.94918,0.014268,-0.0071584,-0.0071584,0.043094,0.75,1,0.11111
0.61566,-2.4739,0.46053,0.9962,0.013786,-0.01326,-0.01326,0.056871,0.75,1,0.11111
0.61566,-2.274,0.29561,1.2378,0.01411,-0.0023264,-0.0023264,0.00038357,0.16667,1,0.16667
0.61566,-2.274,3.8375,1.0919,0.04504,0.020143,0.020143,0.041725,0.66667,1,0.16667
0.61566,-2.0739,3.9312,1.0773,0.056615,0.0061309,0.0061309,0.020956,0.66667,1,0.125
0.61566,-1.8739,3.9775,1.1439,0.0085871,-0.010881,-0.010881,0.016714,0.57143,1,0.097222
0.61566,-1.6739,4.0672,1.1368,0.068535,0.005502,0.005502,0.017261,0.55556,1,0.125
0.61566,-1.4739,1.8369,1.1404,3.1368,0.15495,0.15495,0.024833,1,1,0.15278
0.61566,-1.2739,4.1086,1.2336,3.6136,-0.11011,-0.11011,0.0046187,1,1,0.125
0.61566,-1.0739,2.3609,1.1761,2.0873,0.06798,0.06798,0.0063001,1,1,0.097222
0.61566,-0.87395,0.61028,1.1594,0.00061306,0.0016443,0.0016443,0.0044103,0.28571,1,0.097222
0.61566,-0.47395,3.0185,1.2104,3.1906,0.13433,0.13433,0.0097238,1,1,0.097222
0.61566,-0.27395,3.0288,1.2236,3.2239,0.18319,0.18319,0.011864,1,1,0.097222
0.61566,-0.07395,3.1667,1.2405,0.004731,-0.0026406,-0.0026406,0.002104,0.66667,1,0.083333
0.61566,0.92605,2.6834,0.97803,0.093262,0.0086637,0.0086637,0.0019315,0.5,1,0.083333
0.61566,1.1261,1.6709,1.0844,1.6576,-0.29046,-0.29046,0.064463,1,1,0.097222
0.61566,1.3261,1.0456,1.0852,5.3951,-0.43001,-0.43001,0.062273,1,1,0.097222
0.61566,1.5261,1.048,1.1512,3.0833,0.26779,0.26779,0.024489,1,1,0.083333
0.61566,1.7261,0.96781,1.1116,3.2198,0.082862,0.082862,0.009895,0.6,1,0.20833
0.61566,1.9261,3.096,1.1836,0.0075052,-0.00029087,-0.00029087,0.0041175,0.28528,1,0.29167
0.61566,1.9261,6.0857,0.67668,1.1653,0.032625,0.032625,0.25844,0.71472,1,0.29167
0.61566,2.1261,6.0688,1.0018,0.093726,0.066753,0.066753,0.057746,0.7,1,0.13889
0.61566,2.3261,5.6465,1.0179,3.2928,-0.19708,-0.19708,0.057698,1,1,0.16667
0.61566,2.5261,2.3607,1.0042,0.35401,0.076337,0.076337,0.040547,0.57143,1,0.19444
0.61566,2.5261,5.9875,1.1303,0.019451,0.011338,0.011338,0.01403,0.42857,1,0.19444
0.61566,2.7261,2.0494,0.84286,0.049142,-0.002348,-0.002348,0.00011298,0.27273,1,0.15278
0.61566,2.7261,6.0244,0.94539,0.0070997,-0.001678,-0.001678,0.00039661,0.18182,1,0.15278
0.61566,2.9261,5.42,0.37501,0.004677,-0.0021226,-0.0021226,0.025142,0.55556,1,0.125
0.61566,3.1261,5.7163,0.26972,0.051003,0.022486,0.022486,0.0099508,0.5,1,0.11111
0.81566,-2.4739,0.49885,0.9552,0.027082,-0.0054198,-0.0054198,0.043078,0.75,1,0.11111
0.81566,-2.274,0.45239,0.92312,0.024532,0.011238,0.011238,0.0062075,0.36364,1,0.15278
0.81566,-2.0739,3.7703,1.2128,0.021916,0.0041831,0.0041831,0.032772,0.63636,1,0.15278
0.81566,-2.0739,0.4134,1.2333,0.021377,-0.0048934,-0.0048934,0.017545,0.36364,1,0.15278
0.81566,-1.8739,3.7844,1.2252,0.050121,-0.016282,-0.016282,0.0084901,0.8,1,0.069444
0.81566,-1.6739,3.9723,1.1603,0.07342,-0.0061026,-0.0061026,0.016626,0.72727,1,0.15278
0.81566,-1.4739,0.37175,0.95309,0.03121,-0.016651,-0.016651,0.030845,0.46154,1,0.18056
0.81566,-1.4739,3.8579,1.1498,0.098545,-0.016183,-0.016183,0.015521,0.53846,1,0.18056
0.81566,-1.2739,3.593,1.2662,0.033206,0.010419,0.010419,0.0033986,0.3,1,0.13889
0.81566,-1.2739,0.15746,1.1915,0.013306,-0.021618,-0.021618,0.040925,0.4,1,0.13889
0.81566,-1.0739,0.88291,1.2322,5.0477,0.14098,0.14098,0.0085052,1,1,0.13889
0.81566,-0.87395,0.5398,1.1657,0.033991,-0.0015787,-0.0015787,0.0099451,0.5,1,0.13889
0.81566,-0.87395,3.827,1.2681,0.18597,-0.0067182,-0.0067182,0.0070637,0.5,1,0.13889
0.81566,-0.67395,5.3907,1.2325,2.6342,-0.063192,-0.063192,0.011887,1,1,0.11111
0.81566,-0.27395,3.6258,1.2074,3.9803,0.15507,0.15507,0.0084533,1,1,0.11111
0.81566,-0.07395,3.2593,1.208,0.029191,-0.0074356,-0.0074356,0.0028812,0.375,1,0.11111
0.81566,0.12605,4.7897,1.262,3.7744,0.23746,0.23746,0.014964,0.8,1,0.069444
0.81566,0.72605,1.414,1.0657,1.0288,-0.11059,-0.11059,0.013942,1,1,0.083333
0.81566,0.92605,2.547,1.0728,0.46968,0.016383,0.016383,0.02098,1,1,0.11111
0.81566,1.1261,1.3591,1.165,1.887,-0.10562,-0.10562,0.048111,1,1,0.069444
0.81566,1.3261,5.5799,1.1951,4.6427,-0.338,-0.338,0.037279,1,1,0.11111
0.81566,1.7261,0.11282,0.10262,0.33584,-0.00076657,-0.00076657,0.0075344,0.5,1,0.13889
0.81566,1.9261,1.3446,0.52652,1.8465,0.60515,0.60515,0.2528,0.73333,1,0.20833
0.81566,1.9261,6.2198,1.2225,0.0085107,-0.0024587,-0.0024587,0.0061737,0.26667,1,0.20833
0.81566,2.1261,6.1517,1.1453,0.020941,0.012164,0.012164,0.019883,0.5,1,0.13889
0.81566,2.3261,0.45843,0.9894,2.1557,-0.28957,-0.28957,0.061295,1,1,0.16667
0.81566,2.5261,0.61225,0.92471,1.1967,-0.12562,-0.12562,0.025617,0.61568,1,0.18056
0.81566,2.5261,3.0085,1.2254,0.013629,0.0064836,0.0064836,0.01097,0.38432,1,0.18056
0.81566,2.7261,5.9393,1.0343,0.0014536,0.0053447,0.0053447,0.022242,0.375,1,0.11111
0.81566,2.9261,6.1481,0.9642,0.0021341,0.011762,0.011762,0.089908,0.6,1,0.069444
0.81566,3.1261,1.1315,0.6728,1.3588,0.24763,0.24763,0.10976,1,1,0.069444
1.0157,-2.4739,0.55634,0.91294,0.037712,-0.008027,-0.008027,0.0080306,0.71429,1,0.097222
1.0157,-2.274,0.44182,0.98034,0.042643,0.0014608,0.0014608,0.034026,0.875,1,0.11111
1.0157,-2.0739,0.45601,1.2144,0.0014946,-0.0071654,-0.0071654,0.034353,0.28571,1,0.097222
1.0157,-1.8739,4.8353,1.1712,2.0075,0.0055787,0.0055787,0.012634,1,1,0.083333
1.0157,-1.4739,0.35564,0.93947,0.011438,-0.0019374,-0.0019374,0.0196,0.55556,1,0.125
1.0157,-1.4739,3.9759,1.0862,0.0027468,0.0065002,0.0065002,0.015382,0.22222,1,0.125
1.0157,-1.2739,3.9337,1.126,0.079303,-0.0021746,-0.0021746,0.0064945,0.6,1,0.13889
1.0157,-1.0739,4.9955,1.2488,2.1325,0.02213,0.02213,0.0062633,1,1,0.097222
1.0157,-0.87395,3.3055,1.1972,5.1592,0.18801,0.18801,0.0092715,1,1,0.15278
1.0157,-0.67395,5.3475,1.2602,1.9031,0.06909,0.06909,0.0068063,1,1,0.083333
1.0157,-0.27395,4.1796,1.2436,1.4363,-0.073455,-0.073455,0.0093442,1,1,0.13889
1.0157,-0.07395,3.3801,1.2603,0.014483,-0.0094893,-0.0094893,0.0085691,0.6,1,0.13889
1.0157,0.52605,3.6861,1.1676,2.4739,0.19346,0.19346,0.028864,1,1,0.097222
1.0157,0.92605,4.3399,1.1597,3.1772,0.25069,0.25069,0.03135,1,1,0.11111
1.0157,1.3261,0.78819,1.1193,3.0625,0.31129,0.31129,0.033379,1,1,0.055556
1.0157,1.5261,2.9148,0.78279,3.9647,-0.33051,-0.33051,0.037582,1,1,0.055556
1.0157,1.7261,1.2761,0.81079,3.3926,0.35833,0.35833,0.11881,1,1,0.23611
1.0157,1.9261,1.3595,0.78977,3.284,0.44954,0.44954,0.1516,1,1,0.22222
1.0157,2.1261,1.9797,0.60533,0.063398,-0.02032,-0.02032,0.006892,0.25,1,0.16667
1.0157,2.1261,6.1188,1.169,0.0075807,0.013452,0.013452,0.026751,0.41667,1,0.16667
1.0157,2.3261,6.0907,1.2133,0.008703,0.012354,0.012354,0.02739,0.46154,1,0.18056
1.0157,2.3261,1.8678,0.62933,0.042649,-0.015965,-0.015965,0.0059784,0.23077,1,0.18056
1.0157,2.5261,6.2154,1.1446,0.022364,-0.01922,-0.01922,0.030527,0.38462,1,0.18056
1.0157,2.7261,6.1395,1.1364,0.010949,0.00061315,0.00061315,0.026291,0.55556,1,0.125
1.0157,2.9261,5.94,0.98485,0.054782,0.072635,0.072635,0.096316,0.6,1,0.069444
1.0157,3.1261,6.072,0.70665,3.4794,-0.49254,-0.49254,0.097337,1,1,0.069444
1.2157,-2.274,0.45267,1.0188,0.018263,0.010872,0.010872,0.049091,0.77778,1,0.125
1.2157,-2.0739,0.51068,0.96163,0.016029,0.0074826,0.0074826,0.0036862,0.44444,1,0.125
1.2157,-1.8739,3.8925,1.1982,0.06354,0.0011353,0.0011353,0.012264,0.77778,1,0.125
1.2157,-1.6739,2.3258,1.1908,14.642,0.71051,0.71051,0.03587,1,1,0.097222
1.2157,-1.4739,4.598,1.1076,3.9154,-0.28682,-0.28682,0.030225,1,1,0.13889
1.2157,-1.2739,4.9957,1.1006,1.9247,-0.11073,-0.11073,0.020552,0.85714,1,0.19444
1.2157,-1.2739,0.035895,1.2486,0.0023946,-0.00067751,-0.00067751,0.00019168,0.14286,1,0.19444
1.2157,-1.0739,4.6368,1.1744,1.6912,-0.058005,-0.058005,0.018799,1,1,0.18056
1.2157,-0.87395,4.8358,1.1991,1.9316,-0.061323,-0.061323,0.014247,1,1,0.19444
1.2157,-0.67395,0.29333,1.1803,0.049805,-0.0030883,-0.0030883,0.019963,0.54545,1,0.15278
1.2157,-0.47395,5.5585,1.2876,3.5729,0.18325,0.18325,0.014906,1,1,0.13889
1.2157,-0.27395,4.2795,1.2596,1.2799,-0.00033742,-0.00033742,0.0073886,1,1,0.13889
1.2157,-0.07395,4.2589,1.2454,1.7375,-0.033159,-0.033159,0.012472,1,1,0.125
1.2157,0.12605,3.2714,1.2066,0.016097,-0.0091033,-0.0091033,0.0051481,0.5,1,0.055556
1.2157,0.32605,4.2437,1.1941,2.1863,0.15489,0.15489,0.030881,1,1,0.055556
1.2157,0.52605,4.0665,1.1876,1.8689,0.16791,0.16791,0.031603,1,1,0.083333
1.2157,0.72605,3.4247,1.0316,0.78471,0.0085313,0.0085313,0.00079327,0.6,1,0.069444
1.2157,0.92605,2.8778,1.0637,0.0058934,-0.0011685,-0.0011685,0.035044,0.57143,1,0.097222
1.2157,1.1261,4.7456,1.1298,9.7516,-0.54971,-0.54971,0.031177,1,1,0.069444
1.2157,1.3261,3.4504,1.3099,0.033135,-0.015336,-0.015336,0.0070986,0.42857,1,0.097222
1.2157,1.5261,2.4222,0.82241,0.010621,0.0036539,0.0036539,0.0040462,0.4,1,0.13889
1.2157,1.7261,2.6036,0.88874,3.6647,-0.38079,-0.38079,0.13513,1,1,0.18056
1.2157,1.9261,1.0271,0.91811,6.4539,-0.75469,-0.75469,0.132,1,1,0.23611
1.2157,2.1261,6.1819,1.1782,0.021184,0.0099411,0.0099411,0.018515,0.66667,1,0.16667
1.2157,2.3261,6.1816,1.2387,0.001671,0.0012102,0.0012102,0.004806,0.5,1,0.11111
1.2157,2.3261,3.1621,1.1742,0.013568,-0.0035637,-0.0035637,0.02621,0.375,1,0.11111
1.2157,2.5261,3.0396,1.2511,0.019127,0.0050215,0.0050215,0.003779,0.33333,1,0.16667
1.2157,2.5261,6.2039,1.1767,0.011257,-0.010688,-0.010688,0.02455,0.5,1,0.16667
1.2157,2.7261,5.9267,1.0665,0.066447,0.033065,0.033065,0.024663,1,1,0.055556
1.4157,-2.274,0.54384,1.0027,0.023563,0.015031,0.015031,0.011005,0.625,1,0.11111
1.4157,-2.0739,0.48289,0.98554,0.003756,0.0015709,0.0015709,0.0036179,0.71429,1,0.097222
1.4157,-1.6739,2.8896,1.2237,12.865,0.7018,0.7018,0.041108,1,1,0.125
1.4157,-1.2739,0.22172,1.0535,0.038002,-0.021026,-0.021026,0.032645,0.85714,1,0.097222
1.4157,-1.0739,3.8876,1.1128,0.010559,0.011979,0.011979,0.014501,0.33333,1,0.125
1.4157,-0.87395,4.2131,1.1957,1.2236,-0.0030334,-0.0030334,0.01968,1,1,0.16667
1.4157,-0.67395,0.28879,1.1726,0.042043,-0.0030839,-0.0030839,0.0096709,0.66667,1,0.125
1.4157,-0.47395,6.2579,1.2816,2.8564,-0.19134,-0.19134,0.0178,1,1,0.097222
1.4157,-0.07395,3.3813,1.159,0.00093916,-0.00098583,-0.00098583,0.0010586,0.33333,1,0.125
1.4157,0.92605,2.7954,0.89267,0.0012278,-0.0014864,-0.0014864,0.0017995,0.4,1,0.069444
1.4157,1.1261,4.2464,1.0823,2.4243,0.21392,0.21392,0.041002,1,1,0.069444
1.4157,1.9261,6.1415,1.0953,0.054279,0.024819,0.024819,0.031007,0.7,1,0.13889
1.4157,2.1261,0.035136,1.2327,0.031196,-0.011548,-0.011548,0.0069349,0.625,1,0.11111
1.4157,2.3261,6.1973,1.144,0.0039824,0.0084449,0.0084449,0.023559,0.5,1,0.083333
1.4157,2.5261,6.2182,1.077,0.011709,0.0056175,0.0056175,0.015111,0.4,1,0.13889
1.4157,2.5261,3.0356,1.1346,0.018541,-0.0083982,-0.0083982,0.051027,0.6,1,0.13889
1.4157,2.7261,6.1222,0.97977,0.00090782,-0.001615,-0.001615,0.002873,0.33333,1,0.083333
1.6157,-2.0739,0.49919,1.0557,0.0074231,-0.0013358,-0.0013358,0.024011,0.75,1,0.11111
1.6157,-1.8739,0.43808,1.1234,0.015606,-0.0063921,-0.0063921,0.031588,0.75,1,0.11111
1.6157,-1.4739,0.25285,0.781,0.022967,-0.011863,-0.011863,0.0088057,0.33333,1,0.125
1.6157,-1.4739,3.7161,1.2561,0.00060148,0.00045825,0.00045825,0.00034913,0.22222,1,0.125
1.6157,-1.2739,0.27284,0.98126,0.035146,-0.0029568,-0.0029568,0.032908,0.7,1,0.13889
1.6157,-1.0739,3.6055,1.1287,0.052777,-0.013995,-0.013995,0.012333,0.5,1,0.16667
1.6157,-1.0739,0.22026,1.1292,0.044104,-0.019402,-0.019402,0.025903,0.5,1,0.16667
1.6157,-0.87395,3.6308,1.1929,0.06117,-0.0086054,-0.0086054,0.016169,0.66667,1,0.16667
1.6157,-0.67395,3.7199,1.2388,0.046064,-0.0066834,-0.0066834,0.010669,0.7,1,0.13889
1.6157,-0.47395,0.39372,1.2986,0.032924,-0.011666,-0.011666,0.0053036,0.33333,1,0.125
1.6157,-0.47395,3.8365,1.2195,0.0013742,0.0053445,0.0053445,0.020848,0.33333,1,0.125
1.6157,-0.27395,3.4426,1.2718,0.053205,0.0048329,0.0048329,0.0049049,1,1,0.069444
1.6157,-0.07395,3.4053,1.2941,0.079419,-0.010751,-0.010751,0.011489,0.8,1,0.13889
1.6157,0.12605,4.6421,1.283,14.817,0.57023,0.57023,0.022565,1,1,0.097222
1.6157,0.92605,2.8123,0.82445,0.00032997,0.00046857,0.00046857,0.00066538,0.5,1,0.055556
1.6157,1.7261,3.2989,1.2282,0.010589,0.0026354,0.0026354,0.0067876,0.75,1,0.11111
1.6157,1.9261,0.10671,1.1722,0.024727,-0.0072194,-0.0072194,0.002375,0.5,1,0.13889
1.6157,2.1261,0.048809,1.2136,0.024616,-0.010229,-0.010229,0.0066438,0.88889,1,0.125
1.6157,2.3261,6.2054,1.2322,0.0056926,-0.00035182,-0.00035182,0.015186,0.64286,1,0.19444
1.6157,2.5261,6.1687,1.1307,0.013635,0.0064082,0.0064082,0.02253,0.63636,1,0.15278
1.6157,2.5261,3.0666,1.2951,0.020317,-0.0063694,-0.0063694,0.0025183,0.27273,1,0.15278
1.8157,-2.0739,0.46108,1.0691,0.010636,0.0060842,0.0060842,0.028602,0.71429,1,0.097222
1.8157,-1.8739,0.4672,0.98819,0.022229,0.0023392,0.0023392,0.0017524,0.54545,1,0.15278
1.8157,-1.6739,0.49484,0.96042,0.022625,0.0014128,0.0014128,0.0019814,0.42857,1,0.097222
1.8157,-1.4739,3.7127,1.3062,0.00078316,-0.00087859,-0.00087859,0.00098565,0.2,1,0.13889
1.8157,-1.2739,0.094657,1.2704,0.00267,0.0010758,0.0010758,0.0015893,0.3,1,0.13889
1.8157,-1.0739,0.20082,1.2168,0.022963,-0.0044918,-0.0044918,0.0009989,0.66667,1,0.083333
1.8157,-0.87395,3.7337,1.2617,0.030215,-0.0053225,-0.0053225,0.0026542,0.625,1,0.11111
1.8157,-0.67395,3.7775,1.2106,0.022366,-0.00035745,-0.00035745,0.021903,0.75,1,0.11111
1.8157,-0.47395,3.8365,1.2195,0.0013742,0.0053445,0.0053445,0.020848,0.27273,1,0.15278
1.8157,-0.27395,0.26725,1.2267,0.094482,0.013479,0.013479,0.0036896,0.57143,1,0.097222
1.8157,-0.07395,3.2382,1.2485,0.049576,0.0068446,0.0068446,0.018621,0.75,1,0.11111
1.8157,0.12605,3.1558,1.1211,0.079509,0.018372,0.018372,0.013039,0.55556,1,0.125
1.8157,1.1261,2.6398,0.94669,0.059304,-0.014044,-0.014044,0.0089513,0.6,1,0.069444
1.8157,1.5261,3.4121,1.2779,0.0014248,-0.0020118,-0.0020118,0.0068899,0.57143,1,0.097222
1.8157,1.7261,1.5329,1.1811,3.3966,0.15376,0.15376,0.018198,1,1,0.16667
1.8157,1.9261,6.2371,1.2006,0.0050586,0.00086411,0.00086411,0.00034308,0.57143,1,0.097222
1.8157,2.1261,0.080813,1.1678,0.019895,-0.0037597,-0.0037597,0.0014968,0.85714,1,0.097222
1.8157,2.3261,3.0567,1.2472,0.0047408,-0.0023743,-0.0023743,0.0025742,0.44444,1,0.125
1.8157,2.3261,6.1211,1.1592,0.012393,0.0091402,0.0091402,0.01296,0.44444,1,0.125
1.8157,2.5261,3.0486,1.2061,0.0037016,-0.0028963,-0.0028963,0.0025902,0.33333,1,0.16667
1.8157,2.5261,6.1539,1.1481,0.023328,0.0088957,0.0088957,0.01113,0.58333,1,0.16667
1.8157,2.7261,6.1923,1.1615,0.027725,0.0039279,0.0039279,0.012082,0.57143,1,0.097222
2.0157,-1.8739,0.45825,0.9732,0.01496,0.0023594,0.0023594,0.003076,0.85714,1,0.097222
2.0157,-1.6739,0.49712,1.0348,0.011656,-0.0003522,-0.0003522,0.0096371,0.625,1,0.11111
2.0157,-1.4739,3.5167,1.1726,0.006692,0.00012779,0.00012779,0.00031937,0.33333,1,0.125
2.0157,-1.4739,0.56935,1.3698,0.0027716,0.0057942,0.0057942,0.01414,0.33333,1,0.125
2.0157,-1.2739,0.29141,0.95118,0.016036,0.015875,0.015875,0.015775,0.33333,1,0.125
2.0157,-1.0739,0.26268,1.0804,0.042826,-0.02444,-0.02444,0.038264,0.66667,1,0.125
2.0157,-0.87395,3.4234,1.194,0.0057999,-0.0033371,-0.0033371,0.0046136,0.57143,1,0.097222
2.0157,-0.67395,3.4979,1.1408,0.018105,-0.015488,-0.015488,0.018636,0.71429,1,0.097222
2.0157,-0.47395,3.6081,1.1957,0.042941,0.0041197,0.0041197,0.011768,0.55556,1,0.125
2.0157,-0.27395,3.8389,1.1746,0.0054373,0.0048313,0.0048313,0.0075924,0.44444,1,0.125
2.0157,-0.07395,3.4267,1.2287,0.104,-0.0089236,-0.0089236,0.015229,0.75,1,0.16667
2.0157,0.12605,3.4426,1.2247,0.003574,-0.0021129,-0.0021129,0.0096174,0.375,1,0.11111
2.0157,0.72605,3.5076,1.0966,1.2995,0.084199,0.084199,0.028814,1,1,0.083333
2.0157,0.92605,2.7085,0.96652,0.01105,-0.0058614,-0.0058614,0.0099688,0.57143,1,0.097222
2.0157,1.7261,3.2451,1.1308,0.018315,0.0059319,0.0059319,0.0046126,0.5,1,0.11111
2.0157,2.1261,0.060694,1.2403,0.026777,-0.01089,-0.01089,0.015012,0.77778,1,0.125
2.0157,2.3261,6.2705,1.2569,0.027213,-0.0059065,-0.0059065,0.016343,0.61538,1,0.18056
2.0157,2.3261,3.0436,1.1325,0.0023069,-0.0019349,-0.0019349,0.025529,0.38462,1,0.18056
2.0157,2.5261,6.1273,1.1667,0.0037059,0.00041458,0.00041458,0.00018271,0.33333,1,0.125
2.2157,-1.6739,0.4614,1.0663,0.032717,0.011745,0.011745,0.012026,0.66667,1,0.125
2.2157,-1.4739,0.495,1.1972,0.021715,-0.012333,-0.012333,0.0070605,0.5,1,0.083333
2.2157,-1.2739,3.5344,1.2101,0.0053875,0.0010889,0.0010889,0.0029998,0.5,1,0.13889
2.2157,-1.0739,0.10567,1.3095,0.0059543,-0.0069113,-0.0069113,0.0082768,0.23077,1,0.18056
2.2157,-0.87395,3.1469,1.1526,4.2989,0.19138,0.19138,0.017612,1,1,0.11111
2.2157,-0.67395,0.201,1.1208,0.045274,-0.015372,-0.015372,0.015826,0.54545,1,0.15278
2.2157,-0.47395,3.5811,1.1857,0.033067,0.003906,0.003906,0.0088016,0.63636,1,0.15278
2.2157,-0.27395,4.4557,1.2244,2.17,0.091337,0.091337,0.0098411,1,1,0.13889
2.2157,-0.07395,3.362,1.273,0.10429,-0.0077163,-0.0077163,0.016919,0.69231,1,0.18056
2.2157,-0.07395,0.30804,1.2138,0.043153,0.0082406,0.0082406,0.012074,0.30769,1,0.18056
2.2157,0.12605,3.3373,1.1979,0.054904,0.016998,0.016998,0.036586,0.81818,1,0.15278
2.2157,0.72605,2.8821,1.1222,0.044654,0.01889,0.01889,0.013613,0.66667,1,0.125
2.2157,1.7261,0.11371,1.1399,0.0017062,-0.00084484,-0.00084484,0.01346,0.33333,1,0.16667
2.2157,1.7261,3.3261,1.2771,0.0026552,-0.0019516,-0.0019516,0.0041792,0.41667,1,0.16667
2.2157,1.9261,3.2435,1.1743,0.014506,0.011457,0.011457,0.024166,0.6,1,0.13889
2.2157,1.9261,0.082187,1.2659,0.0018838,0.0015062,0.0015062,0.0019346,0.3,1,0.13889
2.2157,2.1261,0.06492,1.2606,0.016033,-0.010494,-0.010494,0.011433,0.88889,1,0.125
2.2157,2.3261,0.013525,1.2481,0.021494,-0.0063406,-0.0063406,0.016427,0.71429,1,0.19444
2.2157,2.3261,3.0759,1.1993,0.0028797,0.0037436,0.0037436,0.012237,0.28571,1,0.19444
2.2157,2.5261,6.2099,1.2385,0.0024034,0.0031134,0.0031134,0.0089196,0.38462,1,0.18056
2.2157,2.5261,3.0766,1.2468,0.00098126,-0.0015857,-0.0015857,0.0025624,0.15385,1,0.18056
2.4157,-1.6739,0.26921,1.0438,0.0088699,0.002605,0.002605,0.00076508,0.28571,1,0.097222
2.4157,-1.4739,0.26921,1.0438,0.0088699,0.002605,0.002605,0.00076508,0.28571,1,0.097222
2.4157,-1.0739,0.58805,1.2195,0.0028331,0.0077654,0.0077654,0.026619,0.4,1,0.13889
2.4157,-0.87395,0.41585,1.1458,0.017788,-0.0070627,-0.0070627,0.0083972,0.5,1,0.11111
2.4157,-0.67395,3.4412,1.1924,0.002178,-0.0011128,-0.0011128,0.006363,0.5,1,0.13889
2.4157,-0.27395,2.2926,1.1003,2.2526,0.024045,0.024045,0.01716,1,1,0.069444
2.4157,-0.07395,3.3865,1.2435,0.08665,-0.0048069,-0.0048069,0.030395,0.69231,1,0.18056
2.4157,0.12605,3.5207,1.2385,0.010549,-0.0099322,-0.0099322,0.048915,0.7,1,0.13889
2.4157,0.52605,2.9235,1.1388,0.010044,-0.00092612,-0.00092612,0.00095918,0.5,1,0.083333
2.4157,0.72605,2.8427,1.095,0.019701,0.0059751,0.0059751,0.0038375,0.71429,1,0.097222
2.4157,1.7261,3.2848,1.1504,0.017838,0.0033993,0.0033993,0.01945,0.63636,1,0.15278
2.4157,1.7261,0.57527,1.1966,0.00017069,-0.00091494,-0.00091494,0.0049042,0.18182,1,0.15278
2.4157,2.1261,6.2628,1.2828,0.020615,-0.0030715,-0.0030715,0.0041418,0.8,1,0.069444
2.4157,2.3261,3.0883,1.1684,0.010982,-0.0040118,-0.0040118,0.011143,0.41667,1,0.16667
2.4157,2.5261,0.028725,1.213,0.019636,-0.0073571,-0.0073571,0.011353,0.54545,1,0.15278
2.4157,2.7261,3.0305,1.221,0.0059915,-0.0019266,-0.0019266,0.00061951,0.33333,1,0.083333
2.6157,-1.6739,0.52521,1.0869,0.012825,-0.0073238,-0.0073238,0.019435,1,1,0.055556
2.6157,-1.4739,0.51953,1.1381,0.024003,-0.0032375,-0.0032375,0.010072,0.625,1,0.11111
2.6157,-1.2739,1.9235,1.1277,2.5121,0.21296,0.21296,0.036866,1,1,0.083333
2.6157,-1.0739,3.5511,1.2179,0.013021,-0.0032915,-0.0032915,0.0044654,0.57143,1,0.097222
2.6157,-0.87395,3.5127,1.2198,0.015987,-0.0025826,-0.0025826,0.0047187,0.625,1,0.11111
2.6157,-0.47395,4.9798,1.1903,6.6511,-0.40122,-0.40122,0.030926,1,1,0.13889
2.6157,-0.27395,3.2978,1.2193,0.066325,-0.018763,-0.018763,0.015402,0.75,1,0.11111
2.6157,-0.07395,3.3932,1.2855,0.039918,0.00073071,0.00073071,0.027737,0.66667,1,0.16667
2.6157,-0.07395,0.23667,1.1984,0.041517,0.014634,0.014634,0.0088426,0.33333,1,0.16667
2.6157,0.12605,3.4093,1.198,0.017041,-0.0098155,-0.0098155,0.017706,0.53846,1,0.18056
2.6157,0.12605,0.12744,1.2322,0.031401,-0.008181,-0.008181,0.0024129,0.30769,1,0.18056
2.6157,0.32605,3.3089,1.2434,0.0010573,0.0026641,0.0026641,0.012259,0.6,1,0.069444
2.6157,0.52605,2.8495,1.1016,0.010073,-0.0017814,-0.0017814,0.0013716,0.57143,1,0.097222
2.6157,0.72605,2.9165,1.0857,0.016069,0.015268,0.015268,0.029484,0.83333,1,0.083333
2.6157,1.7261,3.4361,1.0991,0.033677,0.0071547,0.0071547,0.01043,0.66667,1,0.125
2.6157,1.9261,3.2966,1.1341,0.023198,-0.0020925,-0.0020925,0.015999,0.58333,1,0.16667
2.6157,1.9261,6.2792,1.2144,0.019608,-0.0052026,-0.0052026,0.0050953,0.41667,1,0.16667
2.6157,2.1261,6.2711,1.2816,0.024385,-0.0083558,-0.0083558,0.0086132,0.63636,1,0.15278
2.6157,2.1261,3.0884,1.195,0.016604,0.0033407,0.0033407,0.015641,0.36364,1,0.15278
2.6157,2.3261,0.00698,1.2703,0.028355,-0.015952,-0.015952,0.018365,0.69231,1,0.18056
2.6157,2.5261,6.2028,1.2456,0.0031221,0.00040928,0.00040928,0.0047065,0.57143,1,0.097222
2.8157,-1.4739,0.52784,1.0785,0.014929,-0.0045575,-0.0045575,0.01117,0.875,1,0.11111
2.8157,-1.2739,0.4902,1.0692,0.024011,-0.013528,-0.013528,0.013827,0.66667,1,0.125
2.8157,-1.0739,0.34033,1.2445,0.027762,-0.017616,-0.017616,0.017935,0.5,1,0.16667
2.8157,-1.0739,3.5263,1.2784,0.0013913,-0.0014096,-0.0014096,0.0014281,0.16667,1,0.16667
2.8157,-0.87395,0.38784,1.2727,0.03497,-0.0021293,-0.0021293,0.021903,0.6,1,0.13889
2.8157,-0.87395,3.5015,1.2928,0.002151,-0.0016542,-0.0016542,0.0013693,0.3,1,0.13889
2.8157,-0.67395,0.25272,1.1371,0.061117,0.018107,0.018107,0.037097,0.7,1,0.13889
2.8157,-0.47395,3.2937,1.1677,0.066175,-0.014255,-0.014255,0.01993,0.44444,1,0.125
2.8157,-0.27395,3.3119,1.1561,0.050673,-0.012716,-0.012716,0.023576,0.75,1,0.11111
2.8157,-0.07395,0.39911,1.1614,0.03379,-0.016262,-0.016262,0.023317,0.57143,1,0.097222
2.8157,0.12605,0.15782,1.1843,0.13487,0.0010549,0.0010549,0.0098281,0.4,1,0.20833
2.8157,0.12605,3.3987,1.2149,0.047867,-0.0038799,-0.0038799,0.017592,0.6,1,0.20833
2.8157,0.32605,3.4018,1.2231,0.057409,0.0010446,0.0010446,0.01261,0.77778,1,0.125
2.8157,0.52605,2.9361,1.1082,0.027185,0.015003,0.015003,0.025406,0.66667,1,0.125
2.8157,0.72605,2.9461,1.0893,0.03186,0.019586,0.019586,0.029657,0.83333,1,0.083333
2.8157,1.7261,3.2936,1.1575,0.0020515,-0.00089637,-0.00089637,0.026136,0.5,1,0.13889
2.8157,1.9261,0.13977,1.2125,0.018329,-0.001736,-0.001736,0.019066,0.41176,1,0.23611
2.8157,1.9261,3.3172,1.1656,0.0049793,-0.0010462,-0.0010462,0.017247,0.58824,1,0.23611
2.8157,2.1261,6.2142,1.3427,0.0067084,0.0038024,0.0038024,0.0021553,0.16667,1,0.16667
2.8157,2.1261,3.0668,1.1843,0.014436,0.01268,0.01268,0.018297,0.41667,1,0.16667
2.8157,2.3261,3.0799,1.1977,0.0097728,0.012507,0.012507,0.02877,0.5,1,0.16667
2.8157,2.3261,0.01693,1.2431,0.024898,-0.022671,-0.022671,0.044312,0.5,1,0.16667
2.8157,2.5261,0.025692,1.2126,0.022147,-0.00095865,-0.00095865,0.046434,0.54545,1,0.15278
3.0157,-1.2739,0.44855,0.97464,0.0057211,0.013612,0.013612,0.0426,0.55556,1,0.125
3.0157,-1.0739,0.24127,1.0399,0.056812,0.019456,0.019456,0.098346,0.75,1,0.16667
3.0157,-0.87395,0.31929,1.1914,0.077408,-0.01708,-0.01708,0.013294,0.625,1,0.11111
3.0157,-0.67395,3.467,1.2856,0.036439,0.011968,0.011968,0.0067535,0.66667,1,0.125
3.0157,-0.47395,3.4056,1.1943,0.013913,-0.0036412,-0.0036412,0.011996,0.57143,1,0.097222
3.0157,-0.07395,3.3126,1.2938,0.017205,0.013897,0.013897,0.015111,0.5,1,0.11111
3.0157,0.12605,4.7704,1.1302,1.9357,-0.19014,-0.19014,0.072354,1,1,0.125
3.0157,0.32605,3.2868,1.1999,0.07695,0.0013423,0.0013423,0.030834,0.6875,1,0.22222
3.0157,0.32605,6.2198,1.228,0.25849,0.020426,0.020426,0.002645,0.3125,1,0.22222
3.0157,0.52605,3.0925,1.0463,0.027681,-0.0057281,-0.0057281,0.021235,0.85714,1,0.097222
3.0157,1.7261,3.4182,1.1332,0.00082886,0.00081548,0.00081548,0.00080231,0.28571,1,0.097222
3.0157,1.9261,3.272,1.1557,0.018345,-0.0040448,-0.0040448,0.0041215,0.53333,1,0.20833
3.0157,2.1261,6.2591,1.3122,0.018842,-0.0048484,-0.0048484,0.005393,0.54545,1,0.15278
3.0157,2.3261,6.2299,1.1732,0.013116,0.0098898,0.0098898,0.058302,0.66667,1,0.125
3.0157,2.5261,6.223,1.2168,0.012794,0.021175,0.021175,0.072663,0.66667,1,0.125
3.2157,-1.2739,0.4483,1.0031,0.0043732,0.010353,0.010353,0.033229,0.875,1,0.11111
3.2157,-1.0739,0.44753,1.0853,0.0016616,-0.0050284,-0.0050284,0.027216,0.57143,1,0.097222
3.2157,-0.87395,3.6401,1.2818,0.0029485,0.001768,0.001768,0.0010602,0.22222,1,0.125
3.2157,-0.67395,0.12171,1.0508,0.10011,0.059586,0.059586,0.048453,0.6,1,0.13889
3.2157,-0.67395,3.469,1.2707,0.020701,0.0068585,0.0068585,0.0052947,0.4,1,0.13889
3.2157,-0.47395,0.27694,1.1585,0.067336,0.044413,0.044413,0.055145,0.58333,1,0.16667
3.2157,-0.27395,3.3793,1.2391,0.051651,-0.0053539,-0.0053539,0.046315,0.66667,1,0.16667
3.2157,-0.27395,0.08075,1.3672,0.00097531,-0.0038207,-0.0038207,0.014967,0.16667,1,0.16667
3.2157,-0.07395,3.2041,1.3191,0.00040946,0.0010863,0.0010863,0.0028821,0.28571,1,0.097222
3.2157,0.12605,0.14983,1.2491,0.08999,0.0017897,0.0017897,0.0010902,0.36364,1,0.15278
3.2157,0.12605,3.3392,1.2376,0.022764,0.0010296,0.0010296,0.05872,0.54545,1,0.15278
3.2157,0.32605,0.18214,1.1067,0.20927,-0.069802,-0.069802,0.078173,0.45,1,0.27778
3.2157,0.32605,3.3582,1.2488,0.054032,-0.00039278,-0.00039278,0.034376,0.55,1,0.27778
3.2157,0.52605,3.2745,1.1479,0.061807,0.00026411,0.00026411,0.030395,0.9,1,0.13889
3.2157,1.7261,0.11444,1.075,0.005268,-0.0038784,-0.0038784,0.004685,0.66667,1,0.083333
3.2157,1.9261,0.036608,1.1739,0.017576,-0.01129,-0.01129,0.012861,0.53333,1,0.20833
3.2157,1.9261,3.2399,1.1773,0.019101,0.0065526,0.0065526,0.0063953,0.46667,1,0.20833
3.2157,2.1261,6.2287,1.3277,0.010251,-0.0036699,-0.0036699,0.006568,0.61538,1,0.18056
3.2157,2.3261,3.0755,1.1723,0.02141,0.016873,0.016873,0.022657,0.33333,1,0.20833
3.2157,2.3261,6.2597,1.3235,0.0069368,-0.006525,-0.006525,0.010166,0.46667,1,0.20833
3.2157,2.5261,3.098,1.1839,0.021162,0.018741,0.018741,0.021771,0.6,1,0.13889
3.2157,2.5261,0.015237,1.3203,0.0042462,-0.00065391,-0.00065391,0.0023566,0.4,1,0.13889
3.4157,-1.0739,0.42185,1.125,0.025102,-0.0077284,-0.0077284,0.035592,0.6,1,0.13889
3.4157,-1.0739,3.5097,1.3015,0.0046487,-0.0018602,-0.0018602,0.0013724,0.3,1,0.13889
3.4157,-0.87395,0.44311,1.233,0.024688,-0.019056,-0.019056,0.023535,0.54545,1,0.15278
3.4157,-0.87395,3.4729,1.2447,0.013821,0.0060437,0.0060437,0.0036656,0.36364,1,0.15278
3.4157,-0.67395,0.2667,1.1056,0.14102,0.045324,0.045324,0.032401,0.625,1,0.11111
3.4157,-0.47395,0.34588,1.2543,0.058533,-0.0095569,-0.0095569,0.024311,0.53846,1,0.18056
3.4157,-0.47395,3.3556,1.3117,0.043068,0.008449,0.008449,0.012851,0.46154,1,0.18056
3.4157,-0.27395,3.5867,0.9466,0.0069466,0.0031242,0.0031242,0.0019996,0.375,1,0.11111
3.4157,-0.07395,3.5786,0.97798,0.0010579,0.00043372,0.00043372,0.00017782,0.33333,1,0.083333
3.4157,0.12605,0.17785,1.0828,0.12347,-0.073897,-0.073897,0.069903,0.625,1,0.22222
3.4157,0.12605,3.3176,1.1686,0.040415,-0.026195,-0.026195,0.035382,0.375,1,0.22222
3.4157,0.32605,0.084027,1.0543,0.10616,-0.070534,-0.070534,0.13082,0.41176,1,0.23611
3.4157,0.32605,3.3428,1.1792,0.036857,0.001773,0.001773,0.027444,0.58824,1,0.23611
3.4157,0.52605,3.3166,1.138,0.031789,0.0034158,0.0034158,0.040658,0.84615,1,0.18056
3.4157,1.7261,1.6156,1.1383,2.6595,0.056732,0.056732,0.0094785,1,1,0.083333
3.4157,1.9261,3.2094,1.1707,0.017701,0.0074871,0.0074871,0.010164,0.66667,1,0.20833
3.4157,1.9261,0.065055,1.0924,0.0013202,-0.0029435,-0.0029435,0.0065626,0.13333,1,0.20833
3.4157,2.1261,3.2002,1.1468,0.022863,0.0081007,0.0081007,0.010454,0.64286,1,0.19444
3.4157,2.3261,3.0921,1.1611,0.0065487,0.0062009,0.0062009,0.020377,0.45455,1,0.15278
3.4157,2.5261,3.0759,1.1705,0.00051105,-0.0017719,-0.0017719,0.0065637,0.33333,1,0.125
3.4157,2.5261,0.035037,1.3219,0.0040934,-0.00096429,-0.00096429,0.00092082,0.33333,1,0.125
3.6157,-1.0739,0.46579,1.1872,0.0035758,0.0028766,0.0028766,0.0026607,0.375,1,0.11111
3.6157,-0.87395,0.43021,1.1768,0.029195,-0.011049,-0.011049,0.014752,0.75,1,0.11111
3.6157,-0.67395,3.3914,1.2721,0.00072656,-0.0010323,-0.0010323,0.0017408,0.5,1,0.11111
3.6157,-0.47395,3.3697,1.2852,0.00053703,0.0001224,0.0001224,0.00017233,0.33333,1,0.125
3.6157,-0.47395,0.44035,1.3353,0.004893,0.0044051,0.0044051,0.0039659,0.22222,1,0.125
3.6157,-0.27395,3.2624,1.2609,0.0067489,0.005091,0.005091,0.0058248,0.45455,1,0.15278
3.6157,-0.07395,3.3723,1.157,0.025594,-0.009246,-0.009246,0.039229,0.77778,1,0.125
3.6157,0.12605,3.3328,1.2129,0.051189,-0.015079,-0.015079,0.046602,0.58333,1,0.16667
3.6157,0.12605,0.047253,1.1415,0.073299,-0.018054,-0.018054,0.014522,0.33333,1,0.16667
3.6157,0.32605,3.3515,1.1603,0.065979,-0.021747,-0.021747,0.047351,0.53333,1,0.20833
3.6157,0.32605,0.073016,0.99441,0.12045,0.078477,0.078477,0.1251,0.46667,1,0.20833
3.6157,0.52605,3.2825,1.1437,0.049281,0.01062,0.01062,0.051551,0.73333,1,0.20833
3.6157,1.9261,0.018255,1.2456,0.034124,-0.017466,-0.017466,0.013205,0.54545,1,0.15278
3.6157,1.9261,3.1979,1.1466,0.024657,0.0055492,0.0055492,0.0052312,0.45455,1,0.15278
3.6157,2.1261,0.036958,1.2778,0.032205,-0.018723,-0.018723,0.012422,0.46154,1,0.18056
3.6157,2.1261,3.2904,1.175,0.0065044,-0.002606,-0.002606,0.0026905,0.46154,1,0.18056
3.6157,2.5261,3.122,1.1295,0.0038707,-0.003726,-0.003726,0.01409,0.44444,1,0.125
3.8157,-1.2739,0.19418,0.63577,0.033735,0.049556,0.049556,0.11647,0.83333,1,0.083333
3.8157,-0.67395,3.2515,1.2102,0.03574,0.0040469,0.0040469,0.0038576,0.5,1,0.16667
3.8157,-0.47395,3.2021,1.2176,0.042236,0.0049547,0.0049547,0.0020922,0.4,1,0.13889
3.8157,-0.47395,0.35789,1.2272,0.036593,0.0049393,0.0049393,0.01308,0.6,1,0.13889
3.8157,-0.27395,0.39217,1.2441,0.025285,0.0067867,0.0067867,0.022172,0.72727,1,0.15278
3.8157,-0.07395,0.008042,1.0755,0.18579,0.13077,0.13077,0.14248,0.41667,1,0.16667
3.8157,-0.07395,3.3163,1.3808,0.0051408,0.00765,0.00765,0.011498,0.33333,1,0.16667
3.8157,0.12605,3.5752,0.96899,0.023227,-0.0032439,-0.0032439,0.00060245,0.19652,1,0.20833
3.8157,0.12605,5.1614,1.0168,1.6357,-0.12457,-0.12457,0.15924,0.80348,1,0.20833
3.8157,0.32605,3.3946,1.185,0.063285,-0.013386,-0.013386,0.04113,0.53333,1,0.20833
3.8157,0.52605,3.2683,1.1425,0.054756,0.010197,0.010197,0.050856,0.78571,1,0.19444
3.8157,0.72605,3.2016,1.4044,0.00013724,-0.00029293,-0.00029293,0.00062525,0.33333,1,0.083333
3.8157,1.9261,0.081106,1.2332,0.039126,-0.018514,-0.018514,0.012091,0.41667,1,0.16667
3.8157,1.9261,3.0563,1.1005,0.016651,0.010492,0.010492,0.016186,0.58333,1,0.16667
3.8157,2.1261,3.1653,1.1504,0.0055866,0.0032563,0.0032563,0.012591,0.5,1,0.19444
3.8157,2.3261,3.1494,1.1897,0.011814,-0.0049028,-0.0049028,0.010541,0.58333,1,0.16667
3.8157,2.3261,0.10272,1.1992,0.00025387,-0.00023614,-0.00023614,0.0014315,0.25,1,0.16667
3.8157,2.5261,3.1294,1.2255,0.016597,-0.0051695,-0.0051695,0.012368,0.41667,1,0.16667
3.8157,2.5261,0.096724,1.2534,0.016085,0.010591,0.010591,0.016623,0.58333,1,0.16667
4.0157,-0.87395,0.35109,1.2107,0.017832,-2.1079e-05,-2.1079e-05,0.011173,0.7,1,0.13889
4.0157,-0.67395,0.32851,1.2228,0.011046,0.0019532,0.0019532,0.023456,0.8,1,0.13889
4.0157,-0.47395,3.3369,1.2894,0.00034056,-0.00070339,-0.00070339,0.0016719,0.42857,1,0.097222
4.0157,-0.27395,3.3464,1.2484,0.017386,0.0098337,0.0098337,0.01042,0.55556,1,0.125
4.0157,-0.07395,3.3726,1.1775,0.058637,0.0096575,0.0096575,0.029196,0.63636,1,0.15278
4.0157,0.12605,3.3648,1.0749,0.063304,-0.04069,-0.04069,0.042632,0.54545,1,0.15278
4.0157,0.32605,3.238,1.2581,0.046014,0.010955,0.010955,0.0044422,0.33333,1,0.16667
4.0157,0.32605,6.2349,1.2856,0.046269,-0.0012738,-0.0012738,0.0019696,0.33333,1,0.16667
4.0157,0.52605,3.5189,1.0617,3.6235,0.20529,0.20529,0.029708,1,1,0.15278
4.0157,0.72605,3.51,0.8907,0.064712,0.0042342,0.0042342,0.00027706,0.25,1,0.11111
4.0157,1.9261,3.035,1.0766,0.018858,0.0055485,0.0055485,0.0087724,0.61538,1,0.18056
4.0157,1.9261,0.013758,1.1681,0.010763,-0.0015331,-0.0015331,0.0063793,0.38462,1,0.18056
4.0157,2.1261,3.1733,1.1174,0.019779,0.0023876,0.0023876,0.0041612,0.6,1,0.13889
4.0157,2.3261,3.2057,1.098,0.01145,0.0087565,0.0087565,0.0074933,0.5,1,0.11111
4.0157,2.5261,0.094766,1.2651,0.015462,0.010264,0.010264,0.017602,0.7,1,0.13889
4.0157,2.7261,0.047385,1.2704,0.0033875,-0.0013382,-0.0013382,0.0075942,0.8,1,0.069444
4.2157,-1.0739,0.47893,1.2079,0.0019075,0.001341,0.001341,0.0009428,0.5,1,0.055556
4.2157,-0.87395,0.35507,1.1018,0.024554,-0.013423,-0.013423,0.04045,0.7,1,0.13889
4.2157,-0.67395,0.22122,1.1376,0.022483,-0.0024254,-0.0024254,0.012241,0.54545,1,0.15278
4.2157,-0.67395,3.2771,1.2681,0.040811,0.0041782,0.0041782,0.0044028,0.45455,1,0.15278
4.2157,-0.47395,3.289,1.2815,0.013484,0.0036639,0.0036639,0.0078203,0.57143,1,0.097222
4.2157,-0.07395,3.2707,1.2035,0.046998,-0.017581,-0.017581,0.022031,0.4,1,0.13889
4.2157,0.12605,0.40279,1.287,0.029104,-0.0064495,-0.0064495,0.0014292,0.14286,1,0.19444
4.2157,0.12605,3.0616,1.1754,2.0411,-0.2312,-0.2312,0.066656,0.85714,1,0.19444
4.2157,0.32605,0.15771,1.3125,0.0055465,0.0009153,0.0009153,0.00015104,0.13333,1,0.20833
4.2157,0.32605,2.8767,1.1312,1.1445,-0.021538,-0.021538,0.049758,0.86667,1,0.20833
4.2157,0.52605,2.9153,1.0917,2.0876,-0.031737,-0.031737,0.0583,1,1,0.23611
4.2157,0.72605,3.5315,1.1505,0.030452,-0.014158,-0.014158,0.047684,0.75,1,0.16667
4.2157,1.9261,6.146,1.2059,0.029498,-0.0019377,-0.0019377,0.016846,0.58333,1,0.16667
4.2157,2.1261,3.0887,1.1862,8.0446,-0.35464,-0.35464,0.01793,1,1,0.16667
4.2157,2.3261,3.068,1.155,0.015403,0.0043179,0.0043179,0.0062329,0.53846,1,0.18056
4.2157,2.3261,6.254,1.241,0.0041045,-0.0022719,-0.0022719,0.010645,0.46154,1,0.18056
4.2157,2.5261,0.018545,1.2572,0.0018314,0.0012545,0.0012545,0.00085937,0.18182,1,0.15278
4.4157,-0.87395,0.29715,1.0832,0.033449,-0.020066,-0.020066,0.025169,0.55556,1,0.125
4.4157,-0.67395,3.3976,1.2657,0.0053178,-0.0048365,-0.0048365,0.011186,0.25,1,0.16667
4.4157,-0.67395,0.28267,1.2479,0.021235,0.0088001,0.0088001,0.0051755,0.58333,1,0.16667
4.4157,-0.47395,3.3646,1.2376,0.0048567,-0.00079586,-0.00079586,0.00013042,0.2,1,0.13889
4.4157,-0.27395,0.21328,1.1087,0.13078,0.09031,0.09031,0.1099,0.55556,1,0.125
4.4157,-0.07395,1.8683,1.1716,3.5629,0.19172,0.19172,0.062069,1,1,0.13889
4.4157,0.12605,2.3917,1.2262,4.1202,-0.063065,-0.063065,0.027492,1,1,0.16667
4.4157,0.32605,3.1932,1.2311,0.080424,0.03996,0.03996,0.022861,0.81818,1,0.15278
4.4157,0.52605,3.3856,1.1456,0.11167,-0.018423,-0.018423,0.04764,0.90909,1,0.15278
4.4157,0.72605,3.6204,1.1281,0.064243,-0.042687,-0.042687,0.058793,0.85714,1,0.19444
4.4157,1.7261,2.878,1.0793,0.028895,-0.0025352,-0.0025352,0.0090346,0.66667,1,0.083333
4.4157,1.9261,6.1751,1.1135,0.022525,0.0011706,0.0011706,0.027435,0.57143,1,0.19444
4.4157,2.1261,3.0997,1.1304,0.019418,0.0091521,0.0091521,0.015589,0.75,1,0.16667
4.4157,2.3261,3.1081,1.1479,0.01856,0.004129,0.004129,0.0068904,0.72727,1,0.15278
4.4157,2.5261,0.0161,1.2545,0.0060285,0.001515,0.001515,0.011413,0.8,1,0.13889
4.6157,-0.87395,0.3195,1.0482,0.036512,-0.015586,-0.015586,0.019699,0.71429,1,0.097222
4.6157,-0.67395,0.30999,1.1379,0.029729,-0.00016553,-0.00016553,0.034611,0.78571,1,0.19444
4.6157,-0.47395,0.33587,1.1882,0.028263,0.004872,0.004872,0.018721,0.6,1,0.13889
4.6157,-0.47395,3.3124,1.2646,0.011737,0.00039941,0.00039941,0.0073455,0.4,1,0.13889
4.6157,-0.07395,2.1004,1.1468,2.357,0.12549,0.12549,0.039497,1,1,0.13889
4.6157,0.12605,0.20049,1.2922,0.022316,-0.00066585,-0.00066585,0.0025282,0.36364,1,0.15278
4.6157,0.12605,3.1099,1.1164,0.19706,0.036642,0.036642,0.027132,0.63636,1,0.15278
4.6157,0.32605,2.5702,1.1369,1.6859,-0.085048,-0.085048,0.024006,1,1,0.125
4.6157,0.52605,3.338,1.2585,0.035124,0.0035019,0.0035019,0.0015484,0.66667,1,0.125
4.6157,0.72605,3.6048,1.0719,0.071881,-0.019259,-0.019259,0.036892,0.63636,1,0.15278
4.6157,0.92605,3.7363,1.0245,0.09469,-0.026993,-0.026993,0.03995,0.69231,1,0.18056
4.6157,1.7261,2.8438,1.0069,0.014184,-0.015888,-0.015888,0.018206,0.5,1,0.11111
4.6157,1.9261,3.0173,1.0921,0.046912,0.010144,0.010144,0.027253,0.58333,1,0.16667
4.6157,1.9261,6.1663,1.0955,0.018057,-0.010361,-0.010361,0.031504,0.41667,1,0.16667
4.6157,2.1261,6.2396,1.199,0.028637,-0.0052244,-0.0052244,0.0167,0.55556,1,0.125
4.6157,2.1261,3.0549,1.0571,0.016167,0.0017949,0.0017949,0.018801,0.44444,1,0.125
4.6157,2.3261,3.2268,1.104,0.021271,0.015051,0.015051,0.011991,0.71429,1,0.097222
4.6157,2.5261,0.055236,1.2575,0.002933,-0.00032703,-0.00032703,0.012232,0.7,1,0.13889
4.6157,2.7261,0.090534,1.2416,0.0035606,-0.00031236,-0.00031236,0.015409,1,1,0.069444
4.8157,-0.87395,3.1429,1.1985,0.01503,0.0061863,0.0061863,0.0025462,0.5,1,0.055556
4.8157,-0.67395,0.2359,1.1332,0.020237,0.0018681,0.0018681,0.026741,0.58333,1,0.16667
4.8157,-0.67395,3.245,1.1756,0.020005,-0.00087591,-0.00087591,0.0018989,0.41667,1,0.16667
4.8157,-0.47395,3.3739,1.2138,0.012621,0.003046,0.003046,0.0084505,0.5,1,0.13889
4.8157,-0.27395,0.40975,1.2999,0.0017429,0.0004969,0.0004969,0.0010451,0.33333,1,0.125
4.8157,-0.07395,2.9688,1.0997,0.16494,0.043123,0.043123,0.028953,0.44444,1,0.125
4.8157,-0.07395,0.42341,1.1554,0.056536,0.024379,0.024379,0.055828,0.55556,1,0.125
4.8157,0.12605,0.23404,1.2897,0.054983,0.015553,0.015553,0.0083533,0.6,1,0.13889
4.8157,0.32605,3.2204,1.1658,0.10612,0.023121,0.023121,0.023165,0.71429,1,0.19444
4.8157,0.32605,0.14232,1.2768,0.028296,0.010394,0.010394,0.0094564,0.28571,1,0.19444
4.8157,0.52605,3.4036,1.2159,0.061841,-0.0079206,-0.0079206,0.012859,0.77778,1,0.125
4.8157,0.72605,3.512,1.1452,0.038767,-0.0048674,-0.0048674,0.039205,0.875,1,0.11111
4.8157,0.92605,3.6756,1.062,0.099842,-0.015738,-0.015738,0.049365,0.69231,1,0.18056
4.8157,1.9261,3.1241,1.1288,0.073759,0.04704,0.04704,0.030997,0.45455,1,0.15278
4.8157,2.1261,3.1773,1.1083,0.019497,0.0022807,0.0022807,0.01999,0.64286,1,0.19444
4.8157,2.3261,3.1939,1.1151,0.028996,0.0055711,0.0055711,0.016741,0.7,1,0.13889
4.8157,2.5261,3.3367,1.1413,0.0096055,0.012121,0.012121,0.015295,0.33333,1,0.125
4.8157,2.5261,0.012948,1.2307,0.0125,0.0064474,0.0064474,0.012229,0.55556,1,0.125
5.0157,-0.67395,0.21896,1.108,0.070699,0.029516,0.029516,0.023825,0.66667,1,0.125
5.0157,-0.47395,0.39303,1.296,0.0019822,0.00085298,0.00085298,0.0059054,0.625,1,0.11111
5.0157,-0.27395,3.1647,1.1922,0.066428,0.030285,0.030285,0.018751,0.46154,1,0.18056
5.0157,-0.27395,0.37635,1.2626,0.007617,0.0064266,0.0064266,0.0064186,0.38462,1,0.18056
5.0157,-0.07395,3.0951,1.1684,0.095887,0.043414,0.043414,0.028099,0.53333,1,0.20833
5.0157,-0.07395,0.20908,1.1051,0.04628,0.035266,0.035266,0.06448,0.46667,1,0.20833
5.0157,0.12605,3.1321,1.23,0.080347,0.034575,0.034575,0.017813,0.42857,1,0.19444
5.0157,0.12605,0.20019,1.2573,0.10002,-0.0052819,-0.0052819,0.013552,0.5,1,0.19444
5.0157,0.32605,3.2602,1.1789,0.031002,0.011746,0.011746,0.037028,0.64286,1,0.19444
5.0157,0.52605,3.5158,1.2382,0.0011054,0.0013922,0.0013922,0.017445,0.6,1,0.069444
5.0157,0.72605,3.4863,1.1895,0.045924,-0.0071191,-0.0071191,0.025689,1,1,0.097222
5.0157,0.92605,3.4869,1.134,0.036209,0.0069839,0.0069839,0.019876,0.625,1,0.11111
5.0157,1.1261,3.6755,1.0404,0.06558,-0.017681,-0.017681,0.0048964,0.42857,1,0.097222
5.0157,1.5261,3.1469,1.0304,0.17243,-0.031283,-0.031283,0.0091597,0.83333,1,0.083333
5.0157,1.7261,2.7431,1.1404,0.0072463,-0.003336,-0.003336,0.0015359,0.28571,1,0.097222
5.0157,2.1261,3.2693,1.0675,0.010811,0.013091,0.013091,0.035284,0.57143,1,0.097222
5.0157,2.3261,3.1502,1.0979,0.035936,-0.010566,-0.010566,0.022163,0.8,1,0.069444
5.0157,2.5261,0.008286,1.2223,0.011928,0.0050492,0.0050492,0.011872,0.625,1,0.11111
5.0157,2.7261,6.2818,1.2154,0.011857,0.0059206,0.0059206,0.01315,0.83333,1,0.083333
5.2157,-0.67395,3.1007,1.1615,0.0044685,0.0031509,0.0031509,0.0035127,0.35714,1,0.19444
5.2157,-0.67395,0.18596,1.1117,0.063363,0.034528,0.034528,0.050012,0.57143,1,0.19444
5.2157,-0.47395,0.21924,1.2071,0.010003,0.0058004,0.0058004,0.019547,0.4,1,0.13889
5.2157,-0.47395,3.1227,1.1896,0.0031606,0.00084639,0.00084639,0.00044791,0.4,1,0.13889
5.2157,-0.27395,3.3455,1.2729,0.0062174,-0.002973,-0.002973,0.0036533,0.33333,1,0.125
5.2157,-0.07395,3.1339,1.1753,0.094621,0.024915,0.024915,0.01434,0.46154,1,0.18056
5.2157,-0.07395,0.20206,1.139,0.0005501,-0.0010843,-0.0010843,0.0021738,0.30769,1,0.18056
5.2157,0.12605,0.25597,1.2584,0.10164,0.0026425,0.0026425,0.0096225,0.64286,1,0.19444
5.2157,0.12605,3.2679,1.1331,0.024329,0.026936,0.026936,0.056121,0.35714,1,0.19444
5.2157,0.32605,0.37887,1.285,0.058848,0.0035499,0.0035499,0.0069915,0.66667,1,0.16667
5.2157,0.52605,3.3823,1.2,0.028946,0.0022445,0.0022445,0.010699,0.75,1,0.11111
5.2157,0.72605,3.5339,1.1924,0.052898,-0.012982,-0.012982,0.011164,0.85714,1,0.097222
5.2157,0.92605,3.6661,1.0599,0.03454,-0.0058853,-0.0058853,0.0082336,0.57143,1,0.097222
5.2157,1.1261,3.9047,1.1738,4.6883,0.37576,0.37576,0.036938,1,1,0.11111
5.2157,1.3261,3.2114,1.1048,3.4499,0.22268,0.22268,0.024411,1,1,0.11111
5.2157,1.5261,3.5972,1.0053,1.2914,0.073291,0.073291,0.011703,1,1,0.083333
5.2157,1.9261,3.0941,1.1087,0.022311,-0.003267,-0.003267,0.016002,0.55556,1,0.125
5.2157,2.1261,3.1389,1.0493,0.012813,0.0048861,0.0048861,0.029999,0.61538,1,0.18056
5.2157,2.1261,0.1208,1.1764,0.012567,-0.0033643,-0.0033643,0.018528,0.38462,1,0.18056
5.2157,2.3261,3.044,1.1504,0.01806,-0.011507,-0.011507,0.0080762,0.42857,1,0.097222
5.4157,-0.67395,0.058228,1.033,0.010423,0.0028485,0.0028485,0.028285,0.55556,1,0.125
5.4157,-0.47395,3.1304,1.2148,0.0047016,0.0038458,0.0038458,0.0035732,0.4,1,0.13889
5.4157,-0.47395,0.22212,1.1416,0.00060541,-0.0033377,-0.0033377,0.018401,0.2,1,0.13889
5.4157,-0.27395,1.3575,1.1521,2.1943,-0.054995,-0.054995,0.038932,1,1,0.16667
5.4157,-0.07395,0.17191,1.2016,0.096756,0.027342,0.027342,0.02967,0.69231,1,0.18056
5.4157,0.12605,3.2544,1.2814,0.023055,0.0061641,0.0061641,0.003568,0.55556,1,0.125
5.4157,0.32605,3.2311,1.1609,0.036358,0.015121,0.015121,0.04997,0.66667,1,0.125
5.4157,0.52605,3.4276,1.1661,0.03471,-0.012825,-0.012825,0.014209,0.6,1,0.13889
5.4157,0.52605,0.4261,1.2452,0.10884,-0.0037594,-0.0037594,0.00654,0.4,1,0.13889
5.4157,0.72605,3.4999,1.1688,0.01704,-0.004666,-0.004666,0.0096662,0.77778,1,0.125
5.4157,0.92605,3.6262,1.151,0.039751,-0.0041069,-0.0041069,0.015634,0.875,1,0.11111
5.4157,1.1261,3.7519,1.1587,0.01014,0.00092951,0.00092951,0.0049507,0.71429,1,0.097222
5.4157,1.3261,3.0581,1.0622,2.1706,0.17514,0.17514,0.023401,1,1,0.13889
5.4157,1.5261,3.0293,1.0301,0.088196,0.031379,0.031379,0.018666,0.71429,1,0.097222
5.4157,1.7261,3.206,1.0716,0.11886,-0.0014244,-0.0014244,0.0010097,0.8,1,0.069444
5.4157,1.9261,3.1811,1.1836,0.10294,-0.01659,-0.01659,0.0056053,0.71429,1,0.097222
5.4157,2.1261,3.1182,1.0945,0.025066,0.003575,0.003575,0.032152,0.69231,1,0.18056
5.4157,2.1261,0.1631,1.0681,0.0030113,-0.0033911,-0.0033911,0.0054431,0.23077,1,0.18056
5.4157,2.3261,3.2748,1.2214,0.0051191,0.0014162,0.0014162,0.00052301,0.33333,1,0.125
5.4157,2.5261,6.2333,1.1918,0.019819,-0.0083103,-0.0083103,0.0080377,0.5,1,0.083333
5.6157,-0.67395,0.030307,0.90827,0.0034606,-0.0010323,-0.0010323,0.033824,0.66667,1,0.083333
5.6157,-0.47395,0.050245,1.115,0.012355,0.016388,0.016388,0.039866,0.4,1,0.13889
5.6157,-0.27395,3.1473,1.1653,0.061825,0.030673,0.030673,0.031015,0.72727,1,0.15278
5.6157,-0.07395,3.1479,1.2281,0.0028867,-0.00077474,-0.00077474,0.00021212,0.2,1,0.20833
5.6157,-0.07395,0.1726,1.1755,0.11479,0.025444,0.025444,0.031921,0.6,1,0.20833
5.6157,0.12605,3.2973,1.2266,0.039342,0.0031129,0.0031129,0.0023921,0.5,1,0.13889
5.6157,0.12605,0.20739,1.2065,0.1182,0.010798,0.010798,0.0023168,0.4,1,0.13889
5.6157,0.32605,3.1005,1.2978,0.0041344,0.0034562,0.0034562,0.0044432,0.4,1,0.13889
5.6157,0.52605,0.48266,1.3167,0.059512,-0.0065543,-0.0065543,0.0062643,0.7,1,0.13889
5.6157,0.72605,3.4832,1.2342,0.015597,0.0094982,0.0094982,0.0059188,0.44444,1,0.125
5.6157,0.92605,0.035643,1.3404,0.35248,-0.016127,-0.016127,0.0059849,0.45455,1,0.15278
5.6157,0.92605,3.5977,1.1483,0.024525,-0.0029527,-0.0029527,0.015591,0.54545,1,0.15278
5.6157,1.1261,0.082442,1.3934,0.13184,0.0039458,0.0039458,0.00067467,0.36364,1,0.15278
5.6157,1.1261,3.7258,1.0781,0.014571,0.0054671,0.0054671,0.0039945,0.36364,1,0.15278
5.6157,1.3261,3.6008,1.049,2.5585,0.25426,0.25426,0.039105,1,1,0.13889
5.6157,1.5261,2.886,0.97955,2.7095,0.34167,0.34167,0.057872,1,1,0.11111
5.6157,1.9261,3.8424,1.0774,1.3559,0.073747,0.073747,0.019567,1,1,0.083333
5.6157,2.1261,3.2603,1.0308,0.099553,0.0039142,0.0039142,0.024738,0.75,1,0.16667
5.6157,2.3261,0.099536,1.2097,0.032862,-0.002664,-0.002664,0.011848,0.55556,1,0.125
5.6157,2.5261,6.2576,1.1895,0.011135,-0.004859,-0.004859,0.0063083,0.625,1,0.11111
5.8157,-0.67395,3.1395,1.1393,0.0095593,0.0056791,0.0056791,0.0094322,0.45455,1,0.15278
5.8157,-0.67395,6.2753,0.78083,0.0018619,-0.0010434,-0.0010434,0.00058467,0.18182,1,0.15278
5.8157,-0.47395,3.1009,1.0813,0.070904,0.034666,0.034666,0.029521,0.57143,1,0.19444
5.8157,-0.47395,0.10193,1.0549,0.012558,0.012354,0.012354,0.045964,0.42857,1,0.19444
5.8157,-0.27395,0.05305,1.3385,0.034277,-0.0042323,-0.0042323,0.00052258,0.28571,1,0.097222
5.8157,-0.07395,0.21153,1.1738,0.083114,0.006893,0.006893,0.031194,0.8,1,0.13889
5.8157,0.12605,1.2041,1.2312,2.2171,-0.058385,-0.058385,0.028523,1,1,0.19444
5.8157,0.32605,0.24989,1.2686,0.038443,0.016711,0.016711,0.0081381,0.35714,1,0.19444
5.8157,0.32605,3.1463,1.2179,0.025631,0.0090121,0.0090121,0.044377,0.57143,1,0.19444
5.8157,0.52605,5.6938,1.2975,1.8524,0.090634,0.090634,0.011084,1,1,0.11111
5.8157,0.72605,3.5658,1.2651,0.007818,0.0035984,0.0035984,0.0025978,0.4,1,0.13889
5.8157,0.72605,0.57442,1.3912,0.024811,-0.0017957,-0.0017957,0.00012996,0.2,1,0.13889
5.8157,0.92605,0.50465,1.3349,0.0065472,-0.0080195,-0.0080195,0.0098228,0.14286,1,0.19444
5.8157,0.92605,2.9,1.1176,1.3059,-0.067464,-0.067464,0.029664,0.85714,1,0.19444
5.8157,1.1261,3.2615,1.0532,0.30916,0.060104,0.060104,0.031712,0.63636,1,0.15278
5.8157,1.1261,0.23306,1.2892,0.2513,0.01346,0.01346,0.012849,0.36364,1,0.15278
5.8157,1.3261,3.9495,1.0678,1.7582,0.1814,0.1814,0.031237,1,1,0.125
5.8157,1.5261,3.2875,0.97464,1.5773,0.20221,0.20221,0.086501,1,1,0.15278
5.8157,2.1261,3.3551,1.0402,0.08375,-0.012278,-0.012278,0.019583,0.66667,1,0.16667
5.8157,2.3261,0.031337,1.1397,0.013003,-0.0068037,-0.0068037,0.0048949,0.27273,1,0.15278
5.8157,2.3261,3.4058,1.0255,0.051157,4.6447e-05,4.6447e-05,0.023531,0.63636,1,0.15278
5.8157,2.5261,5.237,1.0896,1.9932,0.13992,0.13992,0.047697,1,1,0.097222
6.0157,-0.67395,0.02318,1.1868,0.0046648,-0.0002581,-0.0002581,0.0018845,0.44444,1,0.125
6.0157,-0.47395,3.0977,0.90356,4.6502,-0.20237,-0.20237,0.010778,1,1,0.055556
6.0157,-0.27395,0.052638,1.0649,0.018465,0.001907,0.001907,0.046859,0.66667,1,0.125
6.0157,-0.07395,3.1966,1.2766,0.027627,0.0096569,0.0096569,0.0055812,0.46154,1,0.18056
6.0157,0.12605,2.9969,1.1931,0.0086507,-0.0010628,-0.0010628,0.00020823,0.25,1,0.16667
6.0157,0.32605,3.2285,1.3059,0.045534,0.0060477,0.0060477,0.0043851,0.45455,1,0.15278
6.0157,0.32605,0.22185,1.2655,0.24616,-0.0035865,-0.0035865,0.0069967,0.54545,1,0.15278
6.0157,0.52605,3.4718,1.2859,0.029176,-0.0048561,-0.0048561,0.00080826,0.33333,1,0.083333
6.0157,0.72605,0.31366,1.187,3.9134,-0.33131,-0.33131,0.060533,1,1,0.11111
6.0157,0.92605,3.1891,1.004,0.18852,0.083024,0.083024,0.050454,0.66667,1,0.16667
6.0157,0.92605,0.086243,1.2439,0.23996,0.015741,0.015741,0.0042862,0.33333,1,0.16667
6.0157,1.1261,3.7125,1.1534,0.013045,-0.0046771,-0.0046771,0.011988,0.7,1,0.13889
6.0157,1.5261,3.4059,0.70818,0.047599,0.019371,0.019371,0.2116,0.77778,1,0.125
6.0157,2.1261,3.2994,1.0093,0.027503,-0.0066231,-0.0066231,0.026658,0.8,1,0.13889
6.0157,2.3261,3.6863,1.1338,0.021167,-0.010419,-0.010419,0.005128,0.22222,1,0.125
6.0157,2.3261,0.11176,1.1141,0.017482,-0.0035812,-0.0035812,0.0007336,0.22222,1,0.125
6.0157,2.5261,3.668,0.71829,0.011743,-0.010868,-0.010868,0.010067,0.42857,1,0.097222
6.0157,2.7261,0.17034,1.1073,0.0043686,0.0011035,0.0011035,0.001722,0.5,1,0.11111
6.2157,-0.67395,3.1003,1.1367,0.01241,0.011713,0.011713,0.021771,0.6,1,0.13889
6.2157,-0.47395,3.1479,1.1319,0.0062524,0.0062888,0.0062888,0.013627,0.625,1,0.11111
6.2157,-0.27395,0.02478,1.0935,0.042618,0.015553,0.015553,0.071363,0.7,1,0.13889
6.2157,-0.07395,6.2827,1.1396,0.023311,-0.0031591,-0.0031591,0.039524,0.7,1,0.13889
6.2157,0.12605,6.2432,1.1897,0.10331,-0.0038087,-0.0038087,0.0055421,0.42857,1,0.19444
6.2157,0.12605,3.1731,1.2285,0.043843,0.0076424,0.0076424,0.0037914,0.5,1,0.19444
6.2157,0.32605,0.22209,1.224,0.04559,0.0085757,0.0085757,0.0016879,0.36364,1,0.15278
6.2157,0.52605,0.50155,1.3647,0.0014815,0.00084332,0.00084332,0.00048005,0.25,1,0.11111
6.2157,0.92605,3.1119,1.038,0.15461,0.086815,0.086815,0.063846,0.64286,1,0.19444
6.2157,0.92605,0.098275,1.2994,0.21813,0.0058988,0.0058988,0.00015952,0.14286,1,0.19444
6.2157,1.1261,6.2699,1.3022,0.25736,-0.033211,-0.033211,0.021085,0.45455,1,0.15278
6.2157,1.1261,3.4159,1.1406,0.13431,0.039784,0.039784,0.043422,0.54545,1,0.15278
6.2157,1.3261,3.6327,1.1007,0.033907,0.017148,0.017148,0.011719,0.57143,1,0.097222
6.2157,1.7261,3.75,0.7856,2.4364,0.29372,0.29372,0.20731,1,1,0.19444
6.2157,2.1261,3.3695,0.90537,0.038452,-0.027194,-0.027194,0.067154,0.7,1,0.13889
6.2157,2.3261,3.4297,0.84347,0.011082,-0.0067973,-0.0067973,0.054153,0.7,1,0.13889
6.2157,2.7261,0.18924,1.1326,0.03112,0.013383,0.013383,0.0081643,0.5,1,0.13889
6.2157,2.7261,3.7416,0.84485,0.005554,0.0096711,0.0096711,0.01684,0.2,1,0.13889
6.4157,-0.47395,0.25235,1.1598,0.016074,-0.014124,-0.014124,0.013111,0.5,1,0.11111
6.4157,-0.07395,0.23365,1.196,0.0046827,0.0074452,0.0074452,0.011837,0.28571,1,0.097222
6.4157,0.12605,3.1081,1.1529,0.033898,0.0070102,0.0070102,0.046054,0.5,1,0.16667
6.4157,0.12605,0.077373,1.2292,0.1402,0.0035608,0.0035608,0.0034603,0.5,1,0.16667
6.4157,0.32605,3.2955,1.223,0.052261,0.01644,0.01644,0.061051,0.6,1,0.13889
6.4157,0.72605,3.0831,0.85199,0.20971,0.091281,0.091281,0.16893,0.63636,1,0.15278
6.4157,0.72605,0.20058,1.2735,0.17029,0.0044117,0.0044117,0.008621,0.36364,1,0.15278
6.4157,0.92605,3.0729,1.0421,0.13071,0.071994,0.071994,0.056666,0.7,1,0.13889
6.4157,1.5261,3.603,1.0355,0.08638,0.045512,0.045512,0.042244,0.88889,1,0.125
6.4157,1.7261,3.2964,1.0654,0.0061989,-0.0121,-0.0121,0.025839,0.5,1,0.083333
6.4157,1.9261,3.4744,0.91955,0.098288,-0.077558,-0.077558,0.13278,0.875,1,0.11111
6.4157,2.1261,3.3696,0.70929,0.080821,-0.049202,-0.049202,0.15417,0.83333,1,0.083333
6.4157,2.3261,3.4079,0.94492,0.0024494,0.0071988,0.0071988,0.027025,0.57143,1,0.097222
6.4157,2.5261,3.4924,0.69163,0.021106,-0.03379,-0.03379,0.14937,0.625,1,0.11111
6.4157,2.7261,6.1124,1.0524,3.6036,0.21052,0.21052,0.023735,1,1,0.097222
6.4157,2.9261,3.5054,0.81622,0.020998,-0.0022718,-0.0022718,0.11488,0.83333,1,0.083333
6.6157,-0.87395,3.0632,1.1704,0.0051797,0.0055074,0.0055074,0.0064097,0.5,1,0.083333
6.6157,-0.67395,3.0605,1.1266,0.018656,0.011762,0.011762,0.016216,0.55556,1,0.125
6.6157,-0.67395,0.000825,0.88814,0.020931,-0.016198,-0.016198,0.099874,0.44444,1,0.125
6.6157,-0.47395,0.058697,1.282,0.0011826,-0.00051381,-0.00051381,0.00022393,0.5,1,0.083333
6.6157,-0.27395,0.22733,1.1768,0.061398,-0.040369,-0.040369,0.027167,0.45455,1,0.15278
6.6157,-0.07395,0.14771,1.1156,0.00030643,-0.00049732,-0.00049732,0.00080713,0.22222,1,0.125
6.6157,0.12605,3.2322,1.059,0.050509,0.032223,0.032223,0.054049,0.77778,1,0.125
6.6157,0.32605,3.3871,1.205,0.0082692,-0.0018705,-0.0018705,0.00042312,0.28571,1,0.097222
6.6157,0.52605,0.60323,1.1773,1.5919,-0.18291,-0.18291,0.06853,1,1,0.125
6.6157,0.72605,0.7264,1.1413,2.9151,-0.32848,-0.32848,0.048156,1,1,0.16667
6.6157,0.92605,2.7368,0.97879,0.0079745,0.01081,0.01081,0.014654,0.22222,1,0.125
6.6157,1.1261,3.5069,1.1762,0.0070224,0.0046387,0.0046387,0.0030642,0.5,1,0.055556
6.6157,1.3261,3.6197,1.1732,0.013614,0.0021904,0.0021904,0.0288,0.71429,1,0.097222
6.6157,1.5261,3.5332,0.87437,0.10043,0.113,0.113,0.16096,0.875,1,0.11111
6.6157,1.7261,3.5275,0.81848,0.087664,0.069989,0.069989,0.17408,1,1,0.11111
6.6157,2.1261,3.191,0.96609,0.013578,-0.0060477,-0.0060477,0.0097271,0.5,1,0.083333
6.6157,2.3261,3.2784,0.91874,0.023344,-0.0014332,-0.0014332,0.0018576,0.375,1,0.11111
6.6157,2.5261,0.14737,1.0303,0.035526,0.024131,0.024131,0.02296,0.57143,1,0.097222
6.6157,2.7261,0.22859,1.121,0.0077869,-0.0044802,-0.0044802,0.0035275,0.4,1,0.13889
6.6157,2.9261,0.20712,1.1446,0.0085373,-0.0039474,-0.0039474,0.0024785,0.33333,1,0.125
6.6157,2.9261,3.4602,0.82582,0.023764,-0.0031269,-0.0031269,0.11511,0.55556,1,0.125
6.8157,-0.47395,3.0622,1.1109,0.012294,0.00396,0.00396,0.011442,0.66667,1,0.083333
6.8157,-0.27395,0.08024,1.2752,0.056468,-0.036058,-0.036058,0.023764,0.4,1,0.13889
6.8157,-0.07395,0.22148,1.0406,0.10775,-0.040797,-0.040797,0.035879,0.6,1,0.13889
6.8157,0.12605,1.7323,1.0834,2.3376,0.0019443,0.0019443,0.032831,1,1,0.18056
6.8157,0.52605,0.38414,1.0862,3.4072,-0.30906,-0.30906,0.064929,1,1,0.16667
6.8157,0.72605,3.0304,1.0579,0.13604,0.052378,0.052378,0.044124,0.38461,1,0.18056
6.8157,0.72605,0.082408,1.1661,0.25951,-0.051836,-0.051836,0.066,0.61539,1,0.18056
6.8157,0.92605,3.3043,1.1059,0.081015,0.0027552,0.0027552,0.001016,0.57143,1,0.097222
6.8157,1.5261,3.6699,1.1009,0.015544,0.0010632,0.0010632,0.010899,0.66667,1,0.125
6.8157,1.7261,3.5611,1.0533,0.058797,0.0090852,0.0090852,0.018354,0.85714,1,0.097222
6.8157,2.1261,2.7311,0.85529,1.7022,-0.039879,-0.039879,0.10104,1,1,0.125
6.8157,2.7261,0.1849,0.88765,0.03737,0.022294,0.022294,0.044838,0.77778,1,0.125
7.0157,-0.87395,6.2605,0.53948,0.036627,-0.01089,-0.01089,0.11579,0.66667,1,0.083333
7.0157,-0.67395,6.2614,1.1354,0.0018309,0.012757,0.012757,0.11617,0.42857,1,0.097222
7.0157,-0.27395,6.2716,1.1427,0.071405,-0.057258,-0.057258,0.10731,0.57143,1,0.097222
7.0157,-0.07395,3.0179,1.1454,0.02125,0.011974,0.011974,0.0083994,0.46154,1,0.18056
7.0157,-0.07395,0.22948,0.95401,0.061331,-0.020384,-0.020384,0.032917,0.53846,1,0.18056
7.0157,0.12605,0.00020143,1.0513,3.793,-0.2172,-0.2172,0.019372,1,1,0.125
7.0157,0.32605,3.6356,1.0398,3.4525,0.2088,0.2088,0.03014,1,1,0.13889
7.0157,0.52605,5.8661,1.1564,0.0018391,0.0029803,0.0029803,0.0048296,0.18182,1,0.15278
7.0157,0.52605,3.3173,1.1033,2.9626,0.15446,0.15446,0.034147,0.81818,1,0.15278
7.0157,0.72605,6.0361,0.97004,3.1511,-0.26032,-0.26032,0.088807,0.8,1,0.13889
7.0157,0.72605,2.9708,1.1074,0.006372,0.0053575,0.0053575,0.0045044,0.2,1,0.13889
7.0157,1.3261,0.64006,1.1656,0.028982,-0.0054983,-0.0054983,0.010521,0.57143,1,0.097222
7.0157,1.5261,3.628,1.1327,0.017873,0.0058408,0.0058408,0.012943,0.5,1,0.11111
7.0157,1.7261,3.7905,1.0391,0.00023915,0.0014972,0.0014972,0.0273,0.6,1,0.069444
7.0157,1.9261,3.3389,0.92882,0.21317,0.12351,0.12351,0.089848,0.77778,1,0.125
7.0157,2.1261,3.9037,0.82493,1.6573,0.16113,0.16113,0.084657,1,1,0.125
7.0157,2.5261,0.22793,0.91059,0.012313,0.01629,0.01629,0.066237,0.44444,1,0.125
7.0157,2.7261,6.2453,0.74992,0.16475,0.09465,0.09465,0.13354,0.81818,1,0.15278
7.0157,2.9261,0.089102,0.97365,0.049711,0.059123,0.059123,0.11611,0.46154,1,0.18056
7.0157,3.1261,2.3724,0.12875,0.086172,0.0079938,0.0079938,0.00074155,0.53846,1,0.18056
7.2157,-0.87395,6.228,1.1048,0.0038026,0.001102,0.001102,0.00031934,0.28571,1,0.097222
7.2157,-0.67395,3.1228,1.1244,0.0014654,0.0037598,0.0037598,0.010731,0.5,1,0.11111
7.2157,-0.47395,3.1338,1.0529,0.0028312,0.0050485,0.0050485,0.01528,0.66667,1,0.083333
7.2157,-0.07395,0.1506,0.9998,0.018359,-0.0091649,-0.0091649,0.03142,0.5,1,0.13889
7.2157,-0.07395,2.9077,1.0536,0.075154,0.033611,0.033611,0.019792,0.5,1,0.13889
7.2157,0.12605,0.18393,1.0638,0.048855,-0.016349,-0.016349,0.0080375,0.66667,1,0.125
7.2157,0.32605,1.7589,1.1,2.1178,0.081083,0.081083,0.018461,1,1,0.11111
7.2157,0.52605,3.8722,1.1217,3.4893,0.2587,0.2587,0.025389,1,1,0.125
7.2157,0.72605,3.0746,1.0303,0.14403,0.037584,0.037584,0.022347,0.4,1,0.13889
7.2157,0.72605,0.33544,1.0473,0.17212,-0.066488,-0.066488,0.088308,0.6,1,0.13889
7.2157,1.1261,3.6586,1.1901,0.015738,-6.3872e-05,-6.3872e-05,0.0092148,0.8,1,0.069444
7.2157,1.5261,0.62905,1.1776,0.032341,-0.010358,-0.010358,0.0033172,0.5,1,0.055556
7.2157,1.7261,3.5896,0.89706,0.034982,0.01499,0.01499,0.089059,0.66667,1,0.125
7.2157,1.9261,3.8416,0.85793,2.0166,0.11444,0.11444,0.079194,1,1,0.16667
7.2157,2.1261,3.2497,0.83119,0.21396,0.11582,0.11582,0.08728,0.75,1,0.11111
7.2157,2.3261,3.7023,0.96297,0.003663,0.0034302,0.0034302,0.014895,0.5,1,0.11111
7.2157,2.7261,5.8208,0.62897,2.2557,-0.079837,-0.079837,0.11436,1,1,0.19444
7.4157,-0.47395,3.2108,0.89504,0.012425,0.0031795,0.0031795,0.0042137,0.5,1,0.083333
7.4157,-0.27395,2.8999,0.95167,0.03824,0.0019894,0.0019894,0.011338,0.57143,1,0.097222
7.4157,0.12605,0.07416,1.0607,0.0082919,0.0024058,0.0024058,0.00069802,0.18182,1,0.15278
7.4157,0.12605,2.8549,1.0565,0.013186,-0.0019647,-0.0019647,0.00029275,0.18182,1,0.15278
7.4157,0.52605,3.5375,1.0404,3.0953,0.16079,0.16079,0.011144,1,1,0.11111
7.4157,0.72605,3.2444,1.088,3.4887,0.2152,0.2152,0.025393,1,1,0.125
7.4157,1.5261,3.7483,0.94248,0.028018,-0.033762,-0.033762,0.059899,0.55556,1,0.125
7.4157,1.7261,0.66016,1.1255,0.012817,-0.0059524,-0.0059524,0.010328,0.57143,1,0.097222
7.4157,1.9261,3.4365,0.9373,0.11985,0.053495,0.053495,0.048254,0.61538,1,0.18056
7.4157,2.1261,3.5515,0.96586,0.041557,0.0087257,0.0087257,0.023663,0.61538,1,0.18056
7.4157,2.5261,3.737,0.47459,0.029755,0.001059,0.001059,0.022196,0.6,1,0.069444
7.4157,2.7261,0.16652,0.56454,0.024603,0.023154,0.023154,0.024652,0.4375,1,0.22222
7.4157,2.7261,3.5246,0.58265,0.091577,-0.06487,-0.06487,0.096562,0.5,1,0.22222
7.4157,2.9261,0.24041,0.91646,0.022056,-0.010109,-0.010109,0.078198,0.44444,1,0.125
7.4157,2.9261,3.2118,0.78894,0.0094724,0.0012841,0.0012841,0.052795,0.33333,1,0.125
7.6157,-0.87395,2.7381,0.61689,3.0143,-0.37958,-0.37958,0.10793,1,1,0.15278
7.6157,-0.67395,3.1039,0.96281,0.025187,-0.004669,-0.004669,0.0028768,0.5,1,0.11111
7.6157,-0.47395,4.3535,1.0424,2.9013,0.33623,0.33623,0.056159,1,1,0.15278
7.6157,-0.27395,2.8831,0.99316,0.041142,0.0047034,0.0047034,0.012515,0.6,1,0.13889
7.6157,-0.07395,2.8126,0.98427,0.097092,0.022573,0.022573,0.028543,0.53846,1,0.18056
7.6157,0.12605,0.013173,1.0639,0.025385,-0.0033822,-0.0033822,0.00089347,0.36364,1,0.15278
7.6157,0.12605,2.8658,1.0518,0.098489,0.017513,0.017513,0.0045639,0.54545,1,0.15278
7.6157,0.32605,2.9687,1.0638,0.034694,0.00036538,0.00036538,0.00030351,0.5,1,0.083333
7.6157,0.72605,2.0597,1.016,2.9349,0.10501,0.10501,0.028147,1,1,0.097222
7.6157,0.92605,0.44358,0.82526,0.00050559,0.0075837,0.0075837,0.11618,0.57143,1,0.097222
7.6157,1.1261,0.43766,0.71112,0.00053377,0.0074073,0.0074073,0.10279,0.5,1,0.083333
7.6157,1.3261,2.183,0.90242,2.5833,-0.25705,-0.25705,0.045445,1,1,0.055556
7.6157,1.5261,3.8985,0.68556,0.02113,-0.015593,-0.015593,0.011507,0.25,1,0.11111
7.6157,1.5261,1.3907,0.80154,1.9431,-0.5138,-0.5138,0.13685,0.5,1,0.11111
7.6157,1.7261,4.7755,0.66442,1.7577,0.099847,0.099847,0.11897,1,1,0.15278
7.6157,1.9261,3.5746,0.85286,0.033832,0.023826,0.023826,0.027779,0.58333,1,0.16667
7.6157,2.1261,3.5105,0.89533,0.033772,0.024748,0.024748,0.040622,0.45455,1,0.15278
7.6157,2.1261,5.4575,0.38551,0.16392,0.065163,0.065163,0.025904,0.36364,1,0.15278
7.6157,2.5261,3.7381,0.53714,0.025002,-0.028212,-0.028212,0.10383,0.85714,1,0.097222
7.6157,2.7261,0.02278,0.47687,0.0047164,0.0017952,0.0017952,0.0086655,0.38462,1,0.18056
7.6157,2.7261,3.4699,0.55759,0.065921,-0.034179,-0.034179,0.10986,0.53846,1,0.18056
7.6157,3.1261,2.2998,0.44035,1.9062,-0.44137,-0.44137,0.1713,1,1,0.15278
7.6157,3.3261,3.4965,0.13403,0.0017748,0.0042826,0.0042826,0.010344,0.6,1,0.13889
7.8157,-1.0739,2.9656,0.38876,2.7116,0.38239,0.38239,0.12237,1,1,0.125
7.8157,-0.87395,4.427,0.3882,0.18889,-0.0082925,-0.0082925,0.00036405,0.18182,1,0.15278
7.8157,-0.87395,1.8272,0.35496,0.078291,-0.011065,-0.011065,0.0028336,0.27273,1,0.15278
7.8157,-0.67395,2.5099,0.72963,3.0191,-0.40338,-0.40338,0.10954,1,1,0.125
7.8157,-0.47395,4.2904,0.92038,2.7646,0.25096,0.25096,0.062193,1,1,0.22222
7.8157,-0.27395,2.7393,0.8286,0.10227,0.058179,0.058179,0.045957,0.41667,1,0.16667
7.8157,-0.27395,5.9659,0.88329,0.18594,0.044193,0.044193,0.012873,0.33333,1,0.16667
7.8157,-0.07395,1.8883,0.91907,2.1642,0.012966,0.012966,0.022207,1,1,0.13889
7.8157,0.12605,6.2762,1.0029,0.021476,0.0041826,0.0041826,0.0088545,0.38462,1,0.18056
7.8157,0.32605,1.1855,1.0631,1.8436,-0.079063,-0.079063,0.012499,1,1,0.083333
7.8157,0.72605,5.9399,1.0077,2.2197,0.08641,0.08641,0.020232,1,1,0.097222
7.8157,1.5261,5.8827,0.58583,1.971,0.1828,0.1828,0.12462,0.75,1,0.16667
7.8157,1.5261,2.6835,0.35456,0.00071871,-0.0044106,-0.0044106,0.027067,0.25,1,0.16667
7.8157,1.7261,5.1298,0.58039,4.2399,0.22565,0.22565,0.14689,1,1,0.19444
7.8157,1.9261,3.5284,0.92311,0.00034133,-0.0018033,-0.0018033,0.0095277,0.25,1,0.11111
7.8157,2.1261,3.7065,0.69673,0.089911,-0.054215,-0.054215,0.092739,0.52614,1,0.26389
7.8157,2.1261,0.24728,0.4071,0.45682,0.165,0.165,0.12363,0.47386,1,0.26389
7.8157,2.3261,0.025341,0.37282,0.85975,0.21789,0.21789,0.12203,0.5884,1,0.23611
7.8157,2.3261,3.6217,0.80552,0.016444,-0.012646,-0.012646,0.056828,0.4116,1,0.23611
7.8157,2.5261,3.5318,0.63767,0.0042687,0.00095683,0.00095683,0.00021448,0.33333,1,0.083333
7.8157,2.7261,3.3978,0.52788,0.051033,-0.033005,-0.033005,0.048051,0.7,1,0.13889
7.8157,2.9261,3.3575,0.53762,0.026219,-0.0078235,-0.0078235,0.032165,0.625,1,0.11111
7.8157,3.1261,2.134,0.34329,1.3426,-0.39394,-0.39394,0.14279,1,1,0.16667
7.8157,3.3261,2.7138,0.14118,0.58799,-0.063832,-0.063832,0.010911,1,1,0.11111
8.0157,-0.87395,2.9759,0.83523,0.019335,0.0041766,0.0041766,0.00091355,0.5,1,0.083333
8.0157,-0.47395,2.947,0.63886,0.1578,0.0011226,0.0011226,0.041801,0.61905,1,0.29167
8.0157,-0.47395,6.1375,0.98175,0.15284,0.0081998,0.0081998,0.034612,0.38095,1,0.29167
8.0157,-0.27395,3.262,0.81996,0.91208,0.13429,0.13429,0.091139,0.75019,1,0.16667
8.0157,-0.27395,6.2818,1.0671,0.0038776,-0.00080755,-0.00080755,0.00524,0.24981,1,0.16667
8.0157,-0.07395,3.0245,0.81485,0.0025984,-0.0019326,-0.0019326,0.090044,0.54545,1,0.15278
8.0157,0.12605,0.027607,0.85573,0.021781,-0.015636,-0.015636,0.017021,0.46154,1,0.18056
8.0157,0.32605,0.049477,0.8311,0.031632,-0.015428,-0.015428,0.0075487,0.375,1,0.11111
8.0157,0.32605,2.8733,0.83205,0.031494,-0.0039938,-0.0039938,0.00050648,0.25,1,0.11111
8.0157,0.72605,5.3698,0.94354,3.0257,0.18582,0.18582,0.037141,1,1,0.097222
8.0157,1.5261,1.1534,0.55474,2.1851,-0.0045066,-0.0045066,0.089255,1,1,0.11111
8.0157,1.7261,0.40544,0.58,0.08439,0.052358,0.052358,0.095249,0.71429,1,0.097222
8.0157,1.9261,3.7685,0.81312,0.023584,0.0049525,0.0049525,0.022227,0.5,1,0.083333
8.0157,2.1261,2.4297,0.51752,5.9611,0.58786,0.58786,0.1042,1,1,0.19444
8.0157,2.3261,0.287,0.42941,0.84165,0.10588,0.10588,0.093305,0.69251,1,0.18056
8.0157,2.3261,3.46,0.81067,0.020795,0.015072,0.015072,0.016778,0.30749,1,0.18056
8.0157,2.5261,0.88729,0.51107,4.1092,0.38338,0.38338,0.089139,1,1,0.20833
8.0157,2.7261,3.254,0.45696,3.0024,-0.2906,-0.2906,0.071368,1,1,0.18056
8.0157,2.9261,2.8897,0.38632,2.7221,-0.39264,-0.39264,0.11616,1,1,0.23611
8.2157,-0.87395,4.0387,0.58388,2.0473,0.23928,0.23928,0.072548,1,1,0.097222
8.2157,-0.67395,2.8214,0.52765,0.055726,-0.0072706,-0.0072706,0.018256,0.53846,1,0.18056
8.2157,-0.67395,6.2721,0.98381,0.010929,0.0025956,0.0025956,0.040915,0.46154,1,0.18056
8.2157,-0.47395,2.8995,0.53732,0.17311,-0.020515,-0.020515,0.022905,0.5625,1,0.22222
8.2157,-0.47395,0.056811,0.93037,0.052637,-0.050901,-0.050901,0.088718,0.4375,1,0.22222
8.2157,-0.27395,3.3619,0.59008,0.44144,-0.13558,-0.13558,0.054962,0.33333,1,0.16667
8.2157,-0.27395,0.35302,0.7224,0.29161,-0.18615,-0.18615,0.14239,0.66667,1,0.16667
8.2157,-0.07395,3.4524,0.75598,0.035508,-0.005508,-0.005508,0.00085439,0.18182,1,0.15278
8.2157,-0.07395,6.2705,0.8704,0.023437,-0.027628,-0.027628,0.06141,0.54545,1,0.15278
8.2157,0.12605,6.2122,0.82163,0.021089,-0.015551,-0.015551,0.029194,0.53333,1,0.20833
8.2157,0.12605,3.1546,0.67502,0.054675,0.018797,0.018797,0.053456,0.46667,1,0.20833
8.2157,0.32605,6.2166,0.8964,0.040835,-0.023737,-0.023737,0.0346,0.625,1,0.11111
8.2157,1.1261,3.5578,0.781,0.012309,-0.011616,-0.011616,0.023582,0.5,1,0.11111
8.2157,1.1261,0.81809,1.0419,0.11007,0.038499,0.038499,0.015378,0.375,1,0.11111
8.2157,1.3261,0.64815,0.64241,2.1214,0.21404,0.21404,0.11712,0.83333,1,0.16667
8.2157,1.3261,3.4953,0.65963,0.0004024,0.001299,0.001299,0.0041932,0.16667,1,0.16667
8.2157,1.5261,3.5487,0.46843,3.2435,-0.57433,-0.57433,0.1433,1,1,0.19444
8.2157,1.7261,6.1119,0.36319,1.5876,0.22245,0.22245,0.16796,1,1,0.22222
8.2157,1.9261,0.3351,0.64168,0.058284,0.086613,0.086613,0.1494,0.8,1,0.13889
8.2157,2.1261,3.995,0.62648,3.7342,-0.49013,-0.49013,0.095488,1,1,0.18056
8.2157,2.3261,3.4692,0.72373,0.01902,0.01528,0.01528,0.029097,0.66667,1,0.125
8.2157,2.5261,0.79256,0.51668,3.3609,0.4586,0.4586,0.1186,0.84615,1,0.18056
8.2157,2.5261,3.5621,0.4621,0.0055674,-0.011339,-0.011339,0.023095,0.15385,1,0.18056
8.2157,2.9261,2.8888,0.30892,3.0415,-0.3347,-0.3347,0.053911,1,1,0.18056
8.2157,3.1261,2.6823,0.20589,0.1141,0.013547,0.013547,0.0082305,0.625,1,0.11111
8.4157,-1.0739,3.3058,0.1596,0.036022,0.0093362,0.0093362,0.0027745,0.625,1,0.11111
8.4157,-0.87395,0.056664,0.65707,0.034066,0.0017781,0.0017781,0.015382,0.29412,1,0.23611
8.4157,-0.87395,3.1499,0.32693,0.10963,0.022207,0.022207,0.065083,0.70588,1,0.23611
8.4157,-0.67395,2.7628,0.4142,0.24286,-0.031155,-0.031155,0.026233,0.66667,1,0.16667
8.4157,-0.67395,6.149,0.70305,0.024437,0.010728,0.010728,0.011423,0.33333,1,0.16667
8.4157,-0.47395,2.4632,0.56822,0.048587,0.01675,0.01675,0.026891,0.45455,1,0.15278
8.4157,-0.47395,6.1718,0.96994,0.1851,-0.097121,-0.097121,0.11727,0.54545,1,0.15278
8.4157,-0.27395,2.9461,0.67685,0.043964,0.038021,0.038021,0.040589,0.33333,1,0.16667
8.4157,-0.07395,2.8739,0.47075,0.83129,0.093778,0.093778,0.070672,0.66682,1,0.20833
8.4157,-0.07395,6.1294,0.88362,0.015109,0.013444,0.013444,0.015276,0.33318,1,0.20833
8.4157,0.12605,6.0794,0.81978,0.0067168,0.00097564,0.00097564,0.0096877,0.4375,1,0.22222
8.4157,0.12605,3.1624,0.42697,0.23692,-0.019494,-0.019494,0.057862,0.5625,1,0.22222
8.4157,1.1261,3.6382,0.64425,0.038785,0.034059,0.034059,0.032779,0.57143,1,0.097222
8.4157,1.3261,4.0021,0.53589,3.7926,-0.3749,-0.3749,0.071852,1,1,0.19444
8.4157,1.5261,5.1449,0.35281,2.8398,0.19251,0.19251,0.10526,1,1,0.30556
8.4157,1.7261,5.7064,0.29871,3.4253,0.22282,0.22282,0.13356,1,1,0.20833
8.4157,1.9261,0.037503,0.16946,0.0019609,0.00068107,0.00068107,0.00023656,0.54545,1,0.15278
8.4157,2.3261,3.3857,0.61683,0.050276,0.047766,0.047766,0.058811,0.75,1,0.11111
8.4157,2.9261,5.3355,0.55058,2.2526,0.18926,0.18926,0.030984,1,1,0.097222
8.4157,3.1261,3.7558,0.32502,2.0761,0.17924,0.17924,0.021148,1,1,0.069444
8.4157,3.3261,0.26301,0.12837,0.010173,-0.0019612,-0.0019612,0.00037811,0.28571,1,0.097222
8.6157,-1.0739,3.7107,0.11843,1.4997,0.034537,0.034537,0.0065257,1,1,0.25
8.6157,-0.87395,3.6331,0.22807,2.0035,0.064425,0.064425,0.032784,1,1,0.47222
8.6157,-0.67395,1.9396,0.47006,2.6806,-0.12561,-0.12561,0.075233,1,1,0.29167
8.6157,-0.47395,0.93192,0.85181,2.0968,-0.27646,-0.27646,0.10824,1,1,0.13889
8.6157,-0.27395,2.7565,0.37113,0.10409,0.079016,0.079016,0.088498,0.58333,1,0.16667
8.6157,-0.27395,6.2003,1.1058,0.18577,-0.062132,-0.062132,0.023749,0.33333,1,0.16667
8.6157,-0.07395,5.9624,0.7378,0.062538,-0.028955,-0.028955,0.014903,0.46154,1,0.18056
8.6157,0.12605,3.773,0.30217,1.8374,-0.15605,-0.15605,0.038819,0.63107,1,0.375
8.6157,0.12605,5.9766,0.75963,0.041681,-0.017379,-0.017379,0.011258,0.36893,1,0.375
8.6157,0.32605,2.3145,0.5405,3.0879,-0.31372,-0.31372,0.05476,1,1,0.16667
8.6157,1.1261,3.4378,0.52526,0.0081903,0.010604,0.010604,0.01373,0.5,1,0.055556
8.6157,1.3261,3.6231,0.43655,0.067668,0.015314,0.015314,0.031617,0.66667,1,0.125
8.6157,1.5261,0.55492,0.41097,0.033835,-0.023295,-0.023295,0.044651,0.33047,1,0.16667
8.6157,1.5261,3.6411,0.30418,0.88816,0.0061751,0.0061751,0.017126,0.66953,1,0.16667
8.6157,1.7261,4.5205,0.38321,2.6064,0.26118,0.26118,0.041183,1,1,0.097222
8.6157,2.1261,5.9392,0.10634,0.078491,0.012206,0.012206,0.001898,0.53333,1,0.20833
8.6157,2.3261,4.2002,0.62102,14.29,-1.0168,-1.0168,0.0757,1,1,0.13889
8.6157,2.5261,3.3901,0.65212,0.10898,-0.027447,-0.027447,0.026601,0.85714,1,0.097222
8.6157,2.7261,5.3677,0.62091,4.0239,0.53559,0.53559,0.10655,1,1,0.11111
8.6157,2.9261,4.9295,0.46312,2.0689,0.13571,0.13571,0.018336,1,1,0.097222
8.6157,3.1261,4.3461,0.35817,2.8419,0.25798,0.25798,0.032256,1,1,0.097222
8.6157,3.3261,0.98025,0.13107,1.9572,-0.010663,-0.010663,0.00026952,0.71429,1,0.097222
8.8157,-1.0739,4.0815,0.096724,1.6439,0.0047267,0.0047267,0.002746,1,1,0.125
8.8157,-0.87395,3.7132,0.22579,2.2022,0.035979,0.035979,0.04137,1,1,0.34722
8.8157,-0.67395,4.2558,0.50169,2.552,0.29356,0.29356,0.1296,1,1,0.375
8.8157,-0.47395,4.1169,0.49227,2.5087,0.32249,0.32249,0.13534,1,1,0.23611
8.8157,-0.27395,2.4912,0.11175,0.01085,0.0033475,0.0033475,0.0010328,0.28,1,0.34722
8.8157,-0.27395,4.5191,0.52485,2.8819,0.1891,0.1891,0.067889,0.72,1,0.34722
8.8157,-0.07395,6.2686,0.58007,0.97219,-0.020647,-0.020647,0.040679,0.66995,1,0.33333
8.8157,-0.07395,2.6845,0.21029,0.090191,0.044417,0.044417,0.028642,0.33005,1,0.33333
8.8157,0.12605,6.1941,0.30469,0.17499,-0.062362,-0.062362,0.089534,0.62069,1,0.40278
8.8157,0.12605,2.8008,0.29881,0.19156,-0.042489,-0.042489,0.024041,0.37931,1,0.40278
8.8157,0.32605,2.8952,0.33186,0.10299,-0.057246,-0.057246,0.043324,0.35,1,0.27778
8.8157,0.32605,6.2524,0.067071,0.063202,0.0060662,0.0060662,0.00058224,0.45,1,0.27778
8.8157,1.3261,3.6594,0.20299,0.009512,-0.0018931,-0.0018931,0.0004651,0.5,1,0.083333
8.8157,1.5261,4.7575,0.27815,2.7398,0.11345,0.11345,0.016606,1,1,0.18056
8.8157,1.7261,4.7202,0.22071,1.8617,0.078869,0.078869,0.021794,1,1,0.20833
8.8157,1.9261,4.7321,0.10478,1.9569,-0.031312,-0.031312,0.0019462,1,1,0.125
8.8157,2.1261,0.46204,0.85876,0.019425,-0.039272,-0.039272,0.088482,0.33333,1,0.125
8.8157,2.3261,0.26275,0.88881,0.066233,0.015279,0.015279,0.023889,0.5,1,0.19444
8.8157,2.3261,3.6671,0.31577,0.2585,-0.070141,-0.070141,0.10023,0.5,1,0.19444
8.8157,2.5261,3.5465,0.40641,1.9792,0.20831,0.20831,0.11797,0.88889,1,0.25
8.8157,2.5261,0.41791,0.29339,0.0045698,0.0087295,0.0087295,0.016676,0.11111,1,0.25
8.8157,2.7261,5.7222,0.56433,0.073505,0.017502,0.017502,0.051889,0.46154,1,0.18056
8.8157,2.7261,2.9984,0.089351,0.876,-0.010034,-0.010034,0.0021384,0.46154,1,0.18056
9.0157,-0.67395,3.3817,0.27381,0.72437,0.045189,0.045189,0.036956,0.5775,1,0.45833
9.0157,-0.67395,0.13074,0.45501,0.1029,-0.094808,-0.094808,0.13946,0.4225,1,0.45833
9.0157,-0.47395,4.6057,0.27764,3.2575,0.14175,0.14175,0.070268,1,1,0.66667
9.0157,-0.27395,4.361,0.28611,2.4972,0.19151,0.19151,0.061452,1,1,0.65278
9.0157,-0.07395,5.3955,0.23783,3.1764,0.11122,0.11122,0.063089,1,1,0.5
9.0157,0.12605,0.83428,0.18177,2.1015,-0.056002,-0.056002,0.040383,1,1,0.33333
9.0157,0.32605,0.76524,0.39202,1.8889,-0.17821,-0.17821,0.075214,1,1,0.055556
9.0157,1.5261,4.9627,0.31386,1.2737,0.012402,0.012402,0.018038,1,1,0.097222
9.0157,1.7261,0.43897,0.34521,0.26683,0.0072476,0.0072476,0.0010852,0.2849,1,0.19444
9.0157,1.7261,4.4601,0.16274,1.1795,-0.048229,-0.048229,0.0066486,0.7151,1,0.19444
9.0157,1.9261,3.6119,0.2139,0.018273,-0.0049663,-0.0049663,0.0043984,0.66667,1,0.083333
9.0157,2.3261,2.735,0.29128,4.3851,-0.38774,-0.38774,0.080136,1,1,0.40278
9.0157,2.5261,2.0451,0.23557,4.6535,-0.21773,-0.21773,0.050347,1,1,0.59722
9.0157,2.7261,1.662,0.21304,2.7171,-0.21544,-0.21544,0.032644,1,1,0.23611
9.2157,-0.67395,1.3904,0.23688,2.3502,-0.12774,-0.12774,0.055756,1,1,0.44444
9.2157,-0.47395,0.071518,0.61533,0.050573,-0.064281,-0.064281,0.087705,0.089703,1,0.59722
9.2157,-0.47395,3.5214,0.14914,7.1592,0.22186,0.22186,0.010904,0.9103,1,0.59722
9.2157,-0.27395,3.3272,0.16877,4.4786,-0.22526,-0.22526,0.025429,1,1,0.44444
9.2157,-0.07395,0.45479,0.074037,0.65565,-0.010624,-0.010624,0.0029679,0.56241,1,0.34722
9.2157,-0.07395,3.7602,0.052901,0.22664,-0.0029164,-0.0029164,0.00063367,0.35759,1,0.34722
9.2157,1.9261,5.3872,0.0959,0.67767,0.011788,0.011788,0.00020506,0.5,1,0.055556
9.2157,2.3261,0.59233,0.24943,0.64906,0.014688,0.014688,0.044583,0.63492,1,0.48611
9.2157,2.3261,3.9867,0.11849,0.70231,-0.023834,-0.023834,0.0021835,0.36508,1,0.48611
9.2157,2.5261,0.3685,0.20734,2.7519,0.014408,0.014408,0.033267,1,1,0.66667
9.4157,-0.67395,3.1124,0.12293,4.7432,0.16789,0.16789,0.0080002,0.88889,1,0.125
9.4157,-0.47395,1.4358,0.10125,1.6715,-0.057524,-0.057524,0.0076113,1,1,0.083333
9.4157,2.3261,4.28,0.11361,0.36623,-0.010212,-0.010212,0.0016265,0.5,1,0.13889
9.4157,2.3261,0.40916,0.19009,0.061931,-0.0028739,-0.0028739,0.0036257,0.5,1,0.13889
9.4157,2.5261,0.45209,0.17112,0.20493,-0.028839,-0.028839,0.0074668,0.57143,1,0.19444
9.4157,2.5261,4.5852,0.095071,0.59462,-0.028463,-0.028463,0.0015425,0.42857,1,0.19444
