93.5,534,3.0524,34.881,0.0064449,0.15909,0.15909,13.129,0.49102,1,0.2
93.5,534,3.2419,25.604,0.0053889,-0.098987,-0.098987,15.89,0.50898,1,0.2
93.5,554,3.1243,33.383,0.0089425,-0.18099,-0.18099,16.396,1,1,0.24
93.5,574,3.1824,30.382,0.0071636,-0.32191,-0.32191,27.504,0.8,1,0.3
93.5,594,6.2264,26.036,0.00086951,-0.02471,-0.02471,9.2613,1,1,0.26
93.5,614,6.2218,27.705,0.0030351,-0.039723,-0.039723,13.376,1,1,0.28
93.5,634,6.2419,27.554,0.0026907,-0.050108,-0.050108,11.951,1,1,0.26
113.5,514,3.0524,34.881,0.0064449,0.15909,0.15909,13.129,0.49102,1,0.2
113.5,514,3.2419,25.604,0.0053889,-0.098987,-0.098987,15.89,0.50898,1,0.2
113.5,534,3.0943,33.758,0.0045551,-0.044574,-0.044574,0.52894,0.18341,1,0.6
113.5,534,3.258,26.401,0.0050596,-0.14338,-0.14338,12.025,0.49066,1,0.6
113.5,534,3.0633,34.093,0.0061807,0.13288,0.13288,17.74,0.32593,1,0.6
113.5,554,3.1571,30.771,0.010976,-0.32123,-0.32123,25.327,1,1,0.64
113.5,574,3.176,30.606,0.010221,-0.26093,-0.26093,20.253,0.69565,1,0.92
113.5,574,6.226,25.894,0.00080948,-0.022206,-0.022206,8.8622,0.30435,1,0.92
113.5,594,6.2294,27.008,0.00193,-0.020847,-0.020847,10.326,0.76744,1,0.86
113.5,594,3.201,29.449,0.0064844,-0.29681,-0.29681,22.82,0.23256,1,0.86
113.5,614,6.2311,27.287,0.0017296,-0.043309,-0.043309,11.482,1,1,0.68
113.5,634,6.2459,27.737,0.0028214,-0.014263,-0.014263,11.337,1,1,0.64
113.5,654,6.2511,27.456,0.0031052,0.025852,0.025852,12.832,1,1,0.22
133.5,514,3.2133,27.563,0.012588,-0.29906,-0.29906,13.187,1,1,0.2
133.5,534,3.1808,29.803,0.011865,-0.29576,-0.29576,21.002,1,1,0.6
133.5,554,3.1777,30.049,0.011606,-0.30706,-0.30706,24.257,1,1,0.88
133.5,574,3.1963,29.495,0.0088184,-0.20828,-0.20828,19.124,0.62857,1,0.7
133.5,574,6.2387,26.278,0.0028876,0.035091,0.035091,9.1446,0.37143,1,0.7
133.5,594,6.2585,26.59,0.0031892,0.018493,0.018493,6.9717,0.76744,1,0.86
133.5,614,6.2381,27.275,0.0023567,-0.005742,-0.005742,11.719,1,1,0.92
133.5,634,6.2485,27.128,0.0019451,-0.021572,-0.021572,11.295,1,1,0.62
133.5,654,6.272,27.685,0.0044531,0.060273,0.060273,13.02,1,1,0.22
153.5,514,3.1802,31.686,0.0060514,-0.091288,-0.091288,5.0866,1,1,0.2
153.5,534,3.184,29.671,0.0095685,-0.27041,-0.27041,21.156,1,1,0.6
153.5,554,3.1756,30.84,0.0079869,-0.23632,-0.23632,23.239,0.6875,1,0.64
153.5,574,0.023472,26.681,0.0017297,0.050162,0.050162,1.4547,0.5,1,0.88
153.5,594,6.2521,26.505,0.0032627,0.030672,0.030672,6.4675,1,1,0.86
153.5,614,6.2575,26.598,0.0027194,0.029194,0.029194,7.1724,1,1,0.88
153.5,634,6.2483,27.307,0.0022033,0.0031842,0.0031842,11.609,1,1,0.62
153.5,654,6.2817,28.15,0.0073379,0.11313,0.11313,10.751,1,1,0.24
173.5,534,3.1714,32.331,0.0059571,-0.044951,-0.044951,1.4906,0.45,1,0.4
173.5,554,3.1838,29.138,0.0054679,-0.084623,-0.084623,21.246,0.34375,1,0.64
173.5,574,6.2664,25.787,0.0024309,0.032164,0.032164,1.2452,0.97727,1,0.88
173.5,594,6.2652,25.967,0.0031883,0.045334,0.045334,1.4179,1,1,0.86
173.5,614,6.2272,25.769,0.0012479,0.0021656,0.0021656,4.2078,1,1,0.84
173.5,634,6.2432,26.298,0.0018275,0.0026902,0.0026902,6.1573,1,1,0.42
193.5,554,0.005574,26.106,0.0012347,0.038116,0.038116,1.6103,0.90909,1,0.66
193.5,574,6.2824,25.912,0.0018249,0.051477,0.051477,2.0861,0.94286,1,0.7
193.5,614,6.2208,25.26,0.00053891,-0.010845,-0.010845,0.21829,0.91176,1,0.68
213.5,574,6.2797,25.835,0.0016578,0.043361,0.043361,2.1085,0.95556,1,0.9
213.5,594,6.2752,26.104,0.0025977,0.053036,0.053036,2.1719,1,1,0.88
213.5,614,6.2268,25.139,0.00081932,-0.016527,-0.016527,0.3334,0.91429,1,0.7
233.5,554,3.167,24.554,0.0012062,0.032385,0.032385,2.8135,0.14594,1,0.64
233.5,554,3.2184,36.94,0.00037572,0.015054,0.015054,14.427,0.22906,1,0.64
233.5,594,0.00039115,26.024,0.0022396,0.06391,0.06391,3.1502,0.70588,1,0.68
233.5,614,0.036591,27.399,0.00067574,0.025869,0.025869,0.99039,0.32277,1,0.68
233.5,614,6.246,26.437,0.0018084,0.077733,0.077733,8.256,0.67723,1,0.68
233.5,634,6.2695,28.967,0.0013609,0.0707,0.0707,12.187,1,1,0.22
253.5,534,3.1968,32.331,0.001568,0.21355,0.21355,53.593,1,1,0.2
253.5,554,3.1985,32.737,0.0011649,0.15195,0.15195,40.126,0.69697,1,0.66
253.5,574,3.198,32.822,0.0013745,0.20392,0.20392,50.88,0.94444,1,0.72
253.5,594,3.1824,29.409,0.00091624,0.13242,0.13242,28.885,0.22727,1,0.88
253.5,594,6.2788,27.595,0.0022117,0.049277,0.049277,6.4524,0.77273,1,0.88
253.5,614,6.2599,27.976,0.0013218,0.08984,0.08984,14.243,0.70588,1,0.68
253.5,614,3.1824,29.409,0.00091624,0.13242,0.13242,28.885,0.29412,1,0.68
253.5,634,6.2602,27.751,0.0010828,0.066512,0.066512,11.527,1,1,0.62
253.5,654,6.255,29.208,0.0015974,0.042926,0.042926,13.044,1,1,0.22
273.5,534,3.1993,32.534,0.00055501,0.058659,0.058659,23.922,1,1,0.2
273.5,554,3.1994,34.093,0.0015215,0.14415,0.14415,45.275,0.77273,1,0.88
273.5,574,3.197,34.155,0.0016061,0.12447,0.12447,40.539,0.64865,1,0.74
273.5,574,6.2413,27.472,0.0034358,0.010493,0.010493,5.5672,0.35135,1,0.74
273.5,594,6.2572,27.206,0.004227,0.02883,0.02883,7.2314,0.44444,1,0.72
273.5,594,3.1973,33.013,0.0012635,0.20478,0.20478,51.18,0.55556,1,0.72
273.5,614,6.2568,27.364,0.0011402,0.051749,0.051749,9.3302,1,1,0.7
273.5,634,6.2657,27.966,0.0012481,0.074795,0.074795,12.982,1,1,0.62
273.5,654,6.2406,26.746,0.0010186,-0.020544,-0.020544,8.8272,1,1,0.22
293.5,554,3.1866,32.54,0.0016821,0.026832,0.026832,24.824,0.41176,1,0.68
293.5,574,3.2038,35.104,0.0016726,0.20547,0.20547,46.745,0.34211,1,0.76
293.5,574,6.2697,26.752,0.00037818,-0.021336,-0.021336,1.2039,0.57895,1,0.76
293.5,594,6.2528,27.432,0.0034126,0.035669,0.035669,7.7411,1,1,0.36
293.5,614,0.0019128,28.312,0.0024089,0.15556,0.15556,18.136,1,1,0.48
293.5,634,6.2807,28.107,0.002031,0.13289,0.13289,16.319,1,1,0.62
293.5,654,6.2749,28.912,0.0023241,0.053703,0.053703,15.28,1,1,0.22
313.5,554,3.1767,30.312,0.00039766,0.047021,0.047021,9.5947,0.29545,1,0.88
313.5,574,6.2612,27.24,0.00032496,-0.018247,-0.018247,1.0248,0.81481,1,0.54
313.5,594,6.2745,27.597,0.0018958,0.093877,0.093877,8.5119,1,1,0.7
313.5,614,6.2735,29.251,0.0027582,0.22512,0.22512,21.192,0.52487,1,0.68
313.5,614,6.2805,26.006,0.0027387,0.15627,0.15627,10.538,0.47513,1,0.68
313.5,634,0.00889,28.798,0.0022209,0.15527,0.15527,18.828,1,1,0.62
313.5,654,6.2818,29.648,0.0041019,0.099069,0.099069,19.645,1,1,0.24
333.5,554,3.1816,32.062,0.00014217,0.021624,0.021624,9.789,0.67647,1,0.68
333.5,574,3.1792,30.542,0.00030642,0.047533,0.047533,10.812,0.40541,1,0.74
333.5,574,6.2718,27.466,0.0010797,0.034925,0.034925,3.4487,0.59459,1,0.74
333.5,594,6.2701,27.067,0.0019851,0.10693,0.10693,8.5711,1,1,0.5
333.5,614,6.2802,28.405,0.0020848,0.12863,0.12863,12.506,1,1,0.88
333.5,634,6.2723,28.437,0.0023167,0.10056,0.10056,15.447,1,1,0.64
353.5,554,3.1682,32.985,0.0056814,-0.11529,-0.11529,13.018,1,1,0.66
353.5,594,0.0073305,29.295,0.0016324,0.09494,0.09494,8.2979,1,1,0.5
353.5,614,6.2747,28.946,0.0017989,0.096781,0.096781,11.983,1,1,0.66
353.5,634,6.2802,29.994,0.0017269,-0.00015096,-0.00015096,5.9018,1,1,0.64
353.5,654,6.2679,29.768,0.0017905,-0.047413,-0.047413,6.8104,1,1,0.22
373.5,534,3.149,33.966,0.014986,-0.28456,-0.28456,8.5502,1,1,0.2
373.5,554,3.1503,35.257,0.0087138,-0.1802,-0.1802,17.991,1,1,0.66
373.5,574,3.1425,34.322,0.014203,-0.3044,-0.3044,11.801,0.82353,1,0.34
373.5,594,0.011976,29.039,0.0023498,0.052473,0.052473,10.859,1,1,0.1
373.5,614,0.0035661,29.82,0.001691,0.018094,0.018094,5.9591,0.96154,1,0.52
373.5,634,6.2735,28.423,0.0014302,-0.035559,-0.035559,8.7502,0.97059,1,0.68
373.5,654,6.2568,28.798,0.0022324,-0.050019,-0.050019,6.3514,1,1,0.22
393.5,534,3.1137,37.923,0.0073614,-0.042176,-0.042176,26.395,1,1,0.2
393.5,554,3.101,35.571,0.009373,-0.084746,-0.084746,15.893,1,1,0.66
393.5,574,3.1173,37.688,0.0086886,-0.084137,-0.084137,23.749,0.82353,1,0.34
393.5,594,0.0193,27.361,0.0048803,0.11659,0.11659,9.4238,1,1,0.14
393.5,614,6.2749,26.736,0.0011159,-0.0039554,-0.0039554,10.683,0.88235,1,0.34
393.5,634,0.0052891,28.493,0.0022596,-0.016396,-0.016396,7.4832,1,1,0.64
393.5,654,6.2643,25.824,0.0016596,-0.11166,-0.11166,7.8145,0.72727,1,0.22
413.5,554,3.0833,34.884,0.0036798,-0.011694,-0.011694,16.336,1,1,0.62
413.5,574,3.0449,33.83,0.00039845,-0.0064908,-0.0064908,0.30714,0.72222,1,0.36
413.5,594,0.0098387,27.835,0.0030742,0.081687,0.081687,11.225,0.94118,1,0.34
413.5,614,0.034932,30.32,0.0017717,-0.053555,-0.053555,1.8314,0.8125,1,0.32
413.5,634,0.0080802,28.575,0.0013997,0.0025005,0.0025005,7.5233,0.9697,1,0.66
413.5,654,0.033651,30.328,0.0020804,-0.059589,-0.059589,1.9028,1,1,0.22
433.5,554,3.0976,31.281,0.002455,-0.14146,-0.14146,10.792,0.93939,1,0.66
433.5,574,3.0943,32.219,0.0010703,-0.04154,-0.04154,1.8323,0.44828,1,0.58
433.5,574,0.018184,28.587,0.0018654,0.037016,0.037016,7.964,0.41379,1,0.58
433.5,594,0.009383,27.881,0.0018487,0.062195,0.062195,9.835,0.84211,1,0.38
433.5,594,3.0783,28.861,0.0040063,0.072098,0.072098,1.2975,0.10526,1,0.38
433.5,614,6.2786,28.168,0.0010421,0.031519,0.031519,7.8022,0.96296,1,0.54
433.5,634,0.0029953,28.508,0.0013342,0.014295,0.014295,5.7988,1,1,0.66
453.5,534,3.1509,27.635,0.0010905,-0.073257,-0.073257,10.673,1,1,0.2
453.5,554,3.1288,30.496,0.0022576,-0.026964,-0.026964,19.151,1,1,0.68
453.5,574,3.1429,28.223,0.0016667,-0.10916,-0.10916,13.832,0.88889,1,0.36
453.5,594,0.019487,27.961,0.0020604,0.049224,0.049224,9.2113,0.85714,1,0.42
453.5,594,3.1195,33.017,0.00048598,-0.02241,-0.02241,1.0333,0.095238,1,0.42
453.5,614,6.2743,26.218,0.00023054,-0.0047473,-0.0047473,4.4952,0.88235,1,0.34
453.5,634,0.00041997,27.482,0.0022068,0.066012,0.066012,9.9267,1,1,0.64
473.5,534,3.1287,30.323,0.0028502,0.12188,0.12188,14.571,1,1,0.2
473.5,554,3.1466,30.497,0.0021002,0.011444,0.011444,25.098,1,1,0.66
473.5,574,3.1275,30.84,0.0024637,0.077453,0.077453,14.793,0.88889,1,0.36
473.5,594,0.0045111,24.932,0.0022003,-0.040995,-0.040995,7.7604,0.84211,1,0.38
473.5,614,0.026032,26.915,0.004982,0.12896,0.12896,19.63,0.94118,1,0.34
473.5,634,0.018837,25.76,0.0031562,-0.037702,-0.037702,19.214,1,1,0.64
473.5,654,0.026366,27.885,0.0048459,0.15232,0.15232,21.529,1,1,0.22
493.5,534,3.1608,31.657,0.001049,-0.085267,-0.085267,31.277,1,1,0.2
493.5,554,3.1559,31.501,0.0019395,0.05913,0.05913,33.098,1,1,0.66
493.5,574,3.1614,32.301,0.0014694,-0.064158,-0.064158,31.072,0.59259,1,0.54
493.5,574,6.282,24.714,0.0028521,-0.0036204,-0.0036204,4.5356,0.40741,1,0.54
493.5,594,0.015696,25.03,0.0046111,-0.038515,-0.038515,10.649,0.84211,1,0.38
493.5,614,0.033366,24.183,0.0040094,-0.11093,-0.11093,15.224,0.96429,1,0.56
493.5,634,0.02604,25.546,0.0050108,-0.09988,-0.09988,21.189,1,1,0.64
513.5,534,3.1781,30.758,0.00043229,0.10077,0.10077,47.525,1,1,0.2
513.5,554,3.1536,31.575,0.0018114,-0.0039161,-0.0039161,33.385,1,1,0.68
513.5,574,3.1645,31.033,0.001549,0.039136,0.039136,32.613,0.96429,1,0.56
513.5,594,0.013658,25.148,0.0032558,-0.047002,-0.047002,9.5726,0.82353,1,0.34
513.5,614,0.025328,25.746,0.0081237,-0.22103,-0.22103,10.692,0.94737,1,0.38
513.5,634,0.036668,25.313,0.0047022,-0.14811,-0.14811,15.981,1,1,0.64
513.5,654,6.2239,28.77,0.0026973,-0.010836,-0.010836,0.94232,0.54549,1,0.22
513.5,654,0.084197,22.77,0.0010681,-0.012614,-0.012614,1.8952,0.45451,1,0.22
533.5,534,3.1513,31.127,0.0080819,0.12775,0.12775,18.808,1,1,0.4
533.5,554,3.1437,31.233,0.0033772,0.11056,0.11056,29.844,0.97727,1,0.88
533.5,574,3.1341,30.959,0.0029238,0.045629,0.045629,23.464,0.93333,1,0.6
533.5,594,0.034321,27.081,0.0074473,-0.17455,-0.17455,7.7186,0.53333,1,0.6
533.5,594,3.1302,31.984,0.0045374,-0.028932,-0.028932,18.233,0.46667,1,0.6
533.5,614,0.048279,26.446,0.0049379,-0.045524,-0.045524,9.6301,0.94737,1,0.38
533.5,634,0.015332,26.289,0.0040048,-0.088593,-0.088593,10.584,1,1,0.68
533.5,654,0.047763,27.105,0.0029446,0.017593,0.017593,8.62,1,1,0.2
553.5,514,3.1559,30.951,0.015092,0.23724,0.23724,6.859,1,1,0.2
553.5,534,3.1405,30.868,0.016007,0.39141,0.39141,16.765,1,1,0.6
553.5,554,3.1322,31.042,0.0077008,0.20813,0.20813,20.33,1,1,0.68
553.5,574,3.1221,31.044,0.0048859,0.20149,0.20149,23.317,0.71053,1,0.76
553.5,574,0.010605,26.951,0.0064138,-0.14608,-0.14608,8.8215,0.28947,1,0.76
553.5,594,0.025894,26.912,0.0060968,-0.15737,-0.15737,10.586,0.5,1,0.56
553.5,594,3.1393,33.517,0.0211,0.19213,0.19213,13.703,0.5,1,0.56
553.5,614,0.016766,25.824,0.0036942,-0.11491,-0.11491,11.04,0.93333,1,0.6
553.5,634,0.017635,26.163,0.0019361,-0.035395,-0.035395,9.6442,1,1,0.66
553.5,654,6.2683,25.854,0.0012047,-0.085415,-0.085415,13.116,1,1,0.42
573.5,514,3.164,31.141,0.023866,0.54179,0.54179,17.72,1,1,0.2
573.5,534,3.1775,31.268,0.021381,0.35473,0.35473,10.083,1,1,0.6
573.5,554,3.1451,30.693,0.025868,0.55966,0.55966,20.487,1,1,0.7
573.5,574,3.0805,31.041,0.0033294,0.084304,0.084304,5.8034,0.75,1,0.32
573.5,574,3.4091,35.647,0.0016999,-0.032359,-0.032359,1.1442,0.25,1,0.32
573.5,594,3.1301,33.999,0.023138,0.037475,0.037475,17.227,0.51852,1,0.54
573.5,594,0.01697,26.961,0.005451,-0.18527,-0.18527,11.28,0.48148,1,0.54
573.5,614,0.012557,25.073,0.0014648,-0.10373,-0.10373,10.212,0.60714,1,0.56
573.5,614,3.1574,33.526,0.02391,0.20725,0.20725,13.771,0.39286,1,0.56
573.5,634,6.2485,28.648,0.00045537,-0.023709,-0.023709,2.2527,0.43926,1,0.68
573.5,634,0.011907,23.14,0.00083717,-0.019466,-0.019466,3.1402,0.56074,1,0.68
573.5,654,6.2394,28.485,0.00043594,-0.012535,-0.012535,2.6663,0.5359,1,0.62
573.5,654,0.0061977,23.31,0.0007248,-0.005395,-0.005395,2.1962,0.4641,1,0.62
573.5,674,6.2487,25.867,0.00071123,-0.081137,-0.081137,13.293,1,1,0.2
593.5,514,3.2125,31.713,0.023312,0.26104,0.26104,5.357,1,1,0.2
593.5,534,3.1378,30.77,0.028235,0.41814,0.41814,12.78,1,1,0.82
593.5,554,3.1729,31.53,0.032238,0.50431,0.50431,20.42,1,1,0.48
593.5,574,3.1696,31.61,0.037633,0.48019,0.48019,26.544,0.95,1,0.4
593.5,594,3.1279,33.974,0.023679,0.039837,0.039837,15.145,0.77778,1,0.36
593.5,614,2.4549,6.434,0.0097417,0.076702,0.076702,0.60392,0.15385,1,0.26
593.5,634,6.2687,25.859,0.0012191,-0.074466,-0.074466,8.808,0.86207,1,0.58
593.5,654,6.2494,25.532,0.013712,-0.1636,-0.1636,12.334,0.8,1,0.6
593.5,674,6.2515,26.18,0.00076883,-0.051591,-0.051591,5.8906,1,1,0.2
613.5,514,3.0262,29.939,0.0014304,-0.078042,-0.078042,4.691,1,1,0.2
613.5,534,3.1116,30.04,0.047145,0.51784,0.51784,12.341,1,1,0.62
613.5,554,3.0993,30.698,0.024001,0.33213,0.33213,19.531,1,1,0.52
613.5,574,3.1357,31.169,0.039218,0.45995,0.45995,37.433,0.875,1,0.16
613.5,594,6.1334,27.938,0.036524,0.16141,0.16141,3.0286,0.54545,1,0.22
613.5,614,2.5874,10.704,0.029482,0.66117,0.66117,14.93,0.27273,1,0.22
613.5,634,0.69516,16.682,0.99871,-8.0583,-8.0583,94.332,1,1,0.6
613.5,654,0.57171,18.922,1.0156,-8.8202,-8.8202,97.064,1,1,0.66
613.5,674,0.75684,16.097,1.3292,-12.01,-12.01,143.4,1,1,0.2
633.5,514,2.9056,24.798,0.098756,1.3617,1.3617,23.452,1,1,0.4
633.5,534,3.0552,29.54,0.055606,0.39803,0.39803,9.7309,0.68594,1,0.62
633.5,534,2.5949,20.758,0.00086308,-0.042374,-0.042374,4.2366,0.31406,1,0.62
633.5,554,3.0829,28.499,0.092904,1.1471,1.1471,22.287,1,1,0.3
633.5,574,2.9954,31.696,0.078408,0.50239,0.50239,47.485,0.8,1,0.2
633.5,594,2.8203,15.433,0.0045215,0.12864,0.12864,10.173,0.18889,1,0.4
633.5,594,2.9327,30.497,1.9412,2.0211,2.0211,71.103,0.81111,1,0.4
633.5,614,0.15979,21.1,0.13556,-2.221,-2.221,46.389,0.85714,1,0.42
633.5,614,2.7494,13.791,0.00032023,0.022384,0.022384,1.5646,0.095238,1,0.42
633.5,634,0.19689,19.607,0.17428,-2.6162,-2.6162,45.998,0.84,1,0.5
633.5,654,0.54465,17.175,0.82729,-6.675,-6.675,72.226,1,1,0.84
633.5,674,0.20413,19.347,0.20168,-2.7049,-2.7049,40.095,0.63636,1,0.22
633.5,674,2.4035,6.028,0.0080427,0.063215,0.063215,0.49686,0.36364,1,0.22
653.5,514,2.6482,21.311,0.014385,0.040638,0.040638,3.064,1,1,0.6
653.5,534,2.8059,23.756,0.086372,1.0855,1.0855,19.94,1,1,0.62
653.5,554,2.5869,21.451,0.00077274,-0.043124,-0.043124,5.7834,0.70588,1,0.34
653.5,574,3.0363,29.31,0.16564,2.2601,2.2601,77.175,0.95238,1,0.42
653.5,594,3.0906,25.606,0.16141,2.2198,2.2198,114.66,0.84211,1,0.38
653.5,614,0.012583,24.244,0.0067336,-0.19357,-0.19357,14.545,0.42857,1,0.42
653.5,614,3.0253,24.648,0.18355,2.8761,2.8761,114.26,0.57143,1,0.42
653.5,634,0.083209,20.75,0.012634,-0.35771,-0.35771,12.543,0.94444,1,0.72
653.5,654,0.10409,19.726,0.001607,-0.0051383,-0.0051383,0.40206,0.70968,1,0.62
653.5,674,0.097,19.715,0.0008126,0.0094135,0.0094135,0.12363,0.5,1,0.4
653.5,674,2.5602,1.9989,1.87,0.27877,0.27877,0.082836,0.5,1,0.4
653.5,694,2.7528,2.1567,1.3997,0.43026,0.43026,0.27718,1,1,0.2
653.5,714,3.0096,1.9072,2.1049,0.74848,0.74848,0.32442,1,1,0.2
673.5,514,2.6775,21.16,0.018687,0.093967,0.093967,0.47252,0.66514,1,0.6
673.5,514,2.5909,25.57,0.021852,-1.0745,-1.0745,61.733,0.33486,1,0.6
673.5,534,2.6431,21.575,0.016023,0.066434,0.066434,4.4231,1,1,0.5
673.5,554,2.5931,26.754,0.011854,-0.41631,-0.41631,35.511,0.88889,1,0.36
673.5,574,3.7268,31.738,0.83642,-1.7622,-1.7622,23.536,1,1,0.34
673.5,594,3.1349,24.758,0.15366,1.7801,1.7801,110.85,0.78261,1,0.46
673.5,614,0.10002,20.428,0.0014,-0.024715,-0.024715,1.3338,0.7,1,0.4
673.5,634,0.1043,19.977,0.00094945,0.0080366,0.0080366,0.084662,0.84615,1,0.52
673.5,654,0.069352,21.011,0.0078827,-0.10251,-0.10251,5.1973,0.8,1,1
673.5,674,2.6573,2.0778,1.644,0.36176,0.36176,0.18623,0.66667,1,0.6
673.5,674,0.0985,19.96,0.0011758,0.010046,0.010046,0.099431,0.33333,1,0.6
673.5,694,2.7756,2.0209,1.825,0.47696,0.47696,0.23876,1,1,0.6
673.5,714,2.986,1.9375,1.5763,0.49313,0.49313,0.3021,1,1,0.6
673.5,734,3.0096,1.9072,2.1049,0.74848,0.74848,0.32442,1,1,0.2
693.5,34,1.6218,31.142,0.0050922,0.048486,0.048486,1.4155,1,1,0.2
693.5,54,1.5724,29.034,0.0085416,0.08745,0.08745,4.3163,1,1,0.2
693.5,74,1.5892,32.821,0.007195,0.082564,0.082564,2.281,1,1,0.2
693.5,94,1.5899,32.358,0.0054945,0.18499,0.18499,43.066,1,1,0.2
693.5,114,1.533,32.766,0.0027086,0.0274,0.0274,14.402,1,1,0.2
693.5,134,1.5352,30.066,0.002319,-0.021195,-0.021195,24.008,1,1,0.2
693.5,494,2.4682,24.292,0.02802,-0.4272,-0.4272,33.706,1,1,0.4
693.5,514,2.5332,23.083,0.031981,-0.37742,-0.37742,24.634,1,1,0.62
693.5,534,2.5964,26.809,0.017168,-0.72053,-0.72053,46.372,0.97297,1,0.74
693.5,554,3.3278,29.632,1.0993,0.084445,0.084445,40.943,1,1,0.56
693.5,574,3.1541,33.534,0.50252,-0.87062,-0.87062,54.392,1,1,0.7
693.5,594,3.728,27.41,0.38813,0.79999,0.79999,53.49,0.8261,1,0.46
693.5,594,6.2476,28.536,0.0013026,0.01393,0.01393,12.221,0.1739,1,0.46
693.5,614,0.0060675,25.055,0.0047245,-0.15171,-0.15171,14.816,0.8,1,0.2
693.5,634,0.048558,22.602,0.017325,-0.17059,-0.17059,8.5333,1,1,0.54
693.5,654,0.1003,21.55,0.023186,-0.16463,-0.16463,5.9299,0.96774,1,0.62
693.5,674,3.1506,2.057,1.7409,0.2316,0.2316,0.14924,0.78261,1,0.92
693.5,674,6.259,24.411,0.017152,-0.012845,-0.012845,5.0364,0.21739,1,0.92
693.5,694,2.9692,1.9839,1.5066,0.36645,0.36645,0.35343,1,1,0.8
693.5,714,2.9444,1.9271,2.1433,0.64695,0.64695,0.41012,1,1,0.68
693.5,734,3.1955,1.7487,1.1254,0.39204,0.39204,0.22011,1,1,0.2
713.5,14,1.6045,27.453,0.026761,0.71108,0.71108,35.662,1,1,0.4
713.5,34,1.5937,29.933,0.0067549,0.072508,0.072508,4.6093,1,1,0.6
713.5,54,1.5945,30.999,0.0073635,0.085392,0.085392,5.0715,1,1,0.6
713.5,74,1.5894,31.622,0.0078303,0.16368,0.16368,20.193,1,1,0.62
713.5,94,1.5707,32.649,0.0058434,0.09605,0.09605,19.959,1,1,0.6
713.5,114,1.5527,31.73,0.0042001,0.074427,0.074427,28.571,1,1,0.6
713.5,134,1.534,31.496,0.0020661,0.012199,0.012199,28.581,1,1,0.6
713.5,154,1.5367,33.542,0.0017004,-0.037908,-0.037908,25.83,1,1,0.6
713.5,234,1.5548,35.539,0.0019641,-0.013991,-0.013991,3.5109,1,1,0.4
713.5,254,1.5173,32.824,0.0090654,0.16406,0.16406,29.465,1,1,0.2
713.5,274,1.5234,33.575,0.0010588,-0.035061,-0.035061,11.172,1,1,0.2
713.5,294,1.4267,31.783,0.0021702,0.085057,0.085057,23.232,1,1,0.2
713.5,314,1.5353,34.519,0.00019501,-0.037291,-0.037291,10.017,1,1,0.2
713.5,334,1.4891,29.739,0.0046817,-0.11341,-0.11341,35.116,1,1,0.2
713.5,354,1.4797,35.735,0.0016468,-0.034168,-0.034168,26.156,1,1,0.2
713.5,374,1.5286,34.997,0.0062102,0.10837,0.10837,40.957,1,1,0.2
713.5,394,1.5613,29.026,0.010596,-0.24168,-0.24168,32.387,1,1,0.2
713.5,414,1.5746,28.981,0.0074882,-0.21898,-0.21898,17.069,1,1,0.2
713.5,434,1.5824,26.072,0.0053318,-0.061985,-0.061985,21.755,1,1,0.2
713.5,454,1.5898,31.889,0.0031058,-0.093872,-0.093872,17.783,1,1,0.2
713.5,474,2.3459,22.994,0.0041675,-0.093953,-0.093953,2.1181,0.5,1,0.4
713.5,474,1.5735,20.38,0.0012603,-0.05444,-0.05444,2.3517,0.1,1,0.4
713.5,514,2.4685,25.058,0.028801,-0.33648,-0.33648,34.892,1,1,0.86
713.5,534,2.4524,24.847,0.024014,-0.10437,-0.10437,27.893,0.97143,1,0.7
713.5,554,2.7573,34.902,0.10085,0.98829,0.98829,66.482,0.95652,1,0.92
713.5,574,3.2768,36.472,0.301,-2.4913,-2.4913,40.19,0.64707,1,0.68
713.5,574,6.0951,27.963,0.10659,1.2799,1.2799,19.464,0.35293,1,0.68
713.5,594,3.6528,33.106,1.6994,-6.6277,-6.6277,101.93,0.9,1,0.4
713.5,594,6.2145,25.562,0.00012321,0.0053466,0.0053466,0.23202,0.1,1,0.4
713.5,614,6.242,25.232,0.074976,0.12179,0.12179,13.484,0.6,1,0.3
713.5,614,3.9375,25.785,0.013607,-0.13455,-0.13455,2.9165,0.33333,1,0.3
713.5,634,0.22714,20.309,0.023789,0.041356,0.041356,0.55296,0.77778,1,0.36
713.5,654,0.42894,18.931,0.83545,-5.6371,-5.6371,62.029,0.80646,1,0.62
713.5,654,4.0768,2.3033,0.15052,-0.041179,-0.041179,0.014219,0.19354,1,0.62
713.5,674,3.5084,2.1458,1.3635,0.23777,0.23777,0.17689,0.67742,1,0.62
713.5,674,0.2266,20.278,0.019775,0.02287,0.02287,0.32425,0.32258,1,0.62
713.5,694,2.9881,2.0999,2.0679,0.55709,0.55709,0.43965,1,1,0.8
713.5,714,3.0513,1.9881,2.3664,0.43753,0.43753,0.39219,1,1,0.6
713.5,734,1.4569,35.397,0.00067809,-0.1697,-0.1697,42.473,0.5,1,0.4
733.5,14,1.5995,26.502,0.03792,1.026,1.026,44.193,1,1,0.6
733.5,34,1.5896,27.712,0.019014,0.50047,0.50047,30.096,1,1,0.66
733.5,54,1.5833,29.573,0.007286,0.068785,0.068785,5.5341,1,1,0.52
733.5,74,1.5991,33.169,0.0091608,0.12373,0.12373,3.4374,1,1,0.3
733.5,94,1.5794,32.471,0.0065148,0.19516,0.19516,36.674,1,1,0.34
733.5,114,1.5306,32.044,0.0019692,0.028006,0.028006,29.203,1,1,0.5
733.5,134,1.5256,32.783,0.0017975,-0.041806,-0.041806,38.132,1,1,0.68
733.5,154,1.5274,34.23,0.0016038,-0.047434,-0.047434,26.036,1,1,0.88
733.5,174,1.5552,35.865,0.00031701,-0.016316,-0.016316,0.9857,0.73529,1,0.68
733.5,214,1.5482,35.355,0.0017397,0.020616,0.020616,5.5731,1,1,0.68
733.5,234,1.5417,34.437,0.0052603,0.038828,0.038828,14.144,1,1,0.64
733.5,254,1.526,34.154,0.0051147,0.035472,0.035472,16.484,1,1,0.66
733.5,274,1.4899,32.802,0.0058769,0.1001,0.1001,21.295,1,1,0.62
733.5,294,1.4951,33.292,0.0035065,0.057748,0.057748,16.095,1,1,0.6
733.5,314,1.4837,32.014,0.0043292,0.021497,0.021497,26.623,1,1,0.6
733.5,334,1.5014,33.331,0.002765,-0.050864,-0.050864,30.46,1,1,0.6
733.5,354,1.4991,33.49,0.0046284,-0.00027224,-0.00027224,41.203,1,1,0.6
733.5,374,1.5078,32.532,0.007288,-0.065701,-0.065701,35.574,1,1,0.8
733.5,394,1.5548,31.001,0.0084717,-0.16993,-0.16993,38.119,1,1,0.6
733.5,414,1.5728,28.026,0.0078812,-0.18373,-0.18373,25.647,1,1,0.6
733.5,434,1.5823,28.981,0.0053471,-0.11777,-0.11777,24.509,1,1,0.6
733.5,454,1.6046,27.996,0.009553,0.18586,0.18586,38.209,1,1,0.62
733.5,474,1.8521,26.922,0.12996,-0.83715,-0.83715,38.255,1,1,0.62
733.5,494,2.3553,22.779,0.0036159,-0.081556,-0.081556,1.8395,0.63636,1,0.66
733.5,514,2.3556,22.772,0.0044946,-0.10117,-0.10117,2.2775,0.88889,1,0.72
733.5,534,2.2759,28.902,0.60469,2.4542,2.4542,67.02,1,1,0.88
733.5,554,3.0038,41.595,0.14768,0.45511,0.45511,2.3621,0.34375,1,0.64
733.5,554,6.089,27.644,0.11004,1.3978,1.3978,20.782,0.34375,1,0.64
733.5,574,6.0512,26.596,0.11659,1.5179,1.5179,22.837,0.36111,1,0.72
733.5,574,2.9348,41.529,0.12114,0.24196,0.24196,2.2814,0.63889,1,0.72
733.5,594,6.0887,27.239,0.10095,1.33,1.33,20.864,0.8,1,0.4
733.5,614,5.7384,25.035,2.3699,-3.8443,-3.8443,14.54,1,1,0.22
733.5,634,3.9941,26.37,0.002287,0.0018112,0.0018112,0.022693,0.27273,1,0.22
733.5,654,0.2544,18.239,0.99533,-5.2399,-5.2399,40.313,1,1,0.36
733.5,674,1.4034,1.9089,0.43793,0.10988,0.10988,0.16847,0.34395,1,0.68
733.5,674,4.2137,2.1068,0.81203,0.068457,0.068457,0.14045,0.5384,1,0.68
733.5,694,2.6561,2.0473,3.1982,-0.47092,-0.47092,0.16913,1,1,0.5
733.5,714,4.139,2.3246,0.65523,0.2927,0.2927,0.40344,0.3,1,0.6
733.5,734,1.5216,22.498,0.57713,-1.1369,-1.1369,195.25,1,1,0.8
733.5,754,1.4772,25.498,0.0083771,-0.1139,-0.1139,63.376,1,1,0.6
733.5,794,3.0511,24.361,2.4714,6.0366,6.0366,18.857,1,1,0.4
753.5,14,1.7109,25.828,0.11256,1.9277,1.9277,62.981,0.80645,1,0.62
753.5,14,4.1723,40.368,0.13876,-3.0547,-3.0547,163.26,0.19355,1,0.62
753.5,34,1.5991,27.197,0.040223,1.1579,1.1579,49.116,0.92857,1,0.56
753.5,54,1.5873,27.007,0.043869,1.3497,1.3497,60.45,0.90909,1,0.22
753.5,74,1.5676,29.832,0.0088342,0.11817,0.11817,11.213,1,1,0.4
753.5,94,1.516,30.363,0.0063819,0.0072147,0.0072147,12.602,1,1,0.34
753.5,114,1.5135,33.165,0.0032885,-0.10573,-0.10573,14.389,1,1,0.2
753.5,134,1.518,34.373,0.0016605,-0.088697,-0.088697,33.716,1,1,0.8
753.5,154,1.5157,35.11,0.0016321,-0.079134,-0.079134,30.743,1,1,0.56
753.5,174,1.5409,35.1,0.0017155,-0.050259,-0.050259,10.415,1,1,0.76
753.5,194,1.5573,34.078,0.0015327,0.0061197,0.0061197,14.733,1,1,0.36
753.5,214,1.5463,35.575,0.0015608,0.036885,0.036885,12.223,1,1,0.6
753.5,234,1.5342,35.234,0.0062337,0.08808,0.08808,18.413,1,1,0.54
753.5,254,1.5182,33.699,0.0068836,0.07245,0.07245,35.58,1,1,0.4
753.5,274,1.5132,33.144,0.0016851,-0.00045974,-0.00045974,21.594,1,1,0.38
753.5,294,1.447,32.625,0.0043718,0.13262,0.13262,30.786,1,1,0.4
753.5,314,1.5345,34.624,0.0002786,-0.051233,-0.051233,12.276,0.83333,1,0.36
753.5,334,1.4823,31.922,0.006828,-0.004921,-0.004921,30.56,1,1,0.56
753.5,354,1.4754,32.849,0.003496,0.02812,0.02812,26.667,1,1,0.52
753.5,374,1.5036,32.467,0.0053298,0.096127,0.096127,29.215,1,1,0.6
753.5,394,1.5193,29.86,0.0096297,-0.17613,-0.17613,24.678,1,1,0.56
753.5,414,1.5673,28.884,0.0075271,-0.28533,-0.28533,28.631,1,1,0.42
753.5,434,1.5728,26.661,0.0062427,-0.086153,-0.086153,23.708,1,1,0.38
753.5,454,1.5938,30.409,0.0034866,-0.13557,-0.13557,26.925,1,1,0.36
753.5,474,1.6202,27.374,0.011869,0.47895,0.47895,45.826,0.95238,1,0.42
753.5,494,1.679,25.076,1.3225,-1.0637,-1.0637,21.997,1,1,0.44
753.5,514,1.6276,26.551,0.0048532,-0.11942,-0.11942,23.01,0.86207,1,0.58
753.5,534,1.7393,25.323,0.64192,-0.81679,-0.81679,23.23,1,1,0.52
753.5,554,1.6166,29.557,0.0049002,-0.056693,-0.056693,38.449,0.66655,1,0.72
753.5,554,3.0032,41.594,0.14833,0.45661,0.45661,2.3654,0.30567,1,0.72
753.5,574,0.40385,28.795,2.2436,8.2523,8.2523,49.428,1,1,0.44
753.5,594,1.1192,25.709,1.6644,-3.121,-3.121,60.586,1,1,0.18
753.5,614,0.37264,29.748,1.766,3.5629,3.5629,35.51,1,1,0.14
753.5,634,0.07011,20.737,0.0024778,-0.11803,-0.11803,5.9834,0.27273,1,0.22
753.5,654,1.1915,17.796,0.26294,1.2702,1.2702,133.36,0.73333,1,0.3
753.5,654,4.181,27.157,0.036441,0.037412,0.037412,2.6092,0.26667,1,0.3
753.5,674,2.1637,2.7134,3.1248,-0.66119,-0.66119,2.2726,0.77419,1,0.62
753.5,674,4.1714,27.384,0.0022118,0.1009,0.1009,4.6027,0.064516,1,0.62
753.5,694,1.9931,7.7266,3.103,-0.77999,-0.77999,119.11,1,1,0.54
753.5,714,1.4817,28.775,0.0045453,-0.51506,-0.51506,113.68,0.6,1,0.5
753.5,734,1.4621,34.111,0.00085983,-0.21585,-0.21585,54.2,0.6,1,0.7
753.5,734,4.6087,28.199,0.0045638,-0.054268,-0.054268,1.2467,0.28571,1,0.7
753.5,754,1.4934,24.839,0.009954,-0.0014381,-0.0014381,52.833,1,1,0.68
753.5,774,1.4846,20.535,0.0066914,0.03608,0.03608,0.19456,0.62857,1,0.7
753.5,774,4.6212,28.206,0.0054492,-0.036879,-0.036879,7.9517,0.28571,1,0.7
753.5,794,4.5964,28.235,0.00491,-0.036208,-0.036208,8.4773,0.58824,1,0.68
753.5,794,1.4984,20.61,0.0058709,0.031651,0.031651,0.17067,0.32353,1,0.68
753.5,814,4.6133,27.072,0.0031414,-0.0078123,-0.0078123,9.9285,0.90909,1,0.44
773.5,14,2.9441,31.883,1.7225,4.6218,4.6218,135.48,1,1,0.66
773.5,34,3.2126,32.978,1.6297,4.0663,4.0663,131.3,1,1,0.5
773.5,54,1.9866,31.347,0.99768,0.52381,0.52381,21.566,0.92308,1,0.52
773.5,54,5.1227,37.8,0.19125,0.34407,0.34407,0.61901,0.076923,1,0.52
773.5,74,1.5359,29.277,0.0083037,0.075633,0.075633,12.121,0.96,1,0.5
773.5,94,1.5328,29.711,0.0089016,0.015668,0.015668,10.521,0.66667,1,0.72
773.5,114,1.4918,34.131,0.0041781,-0.05428,-0.05428,22.217,0.94118,1,0.68
773.5,134,5.4086,34.976,4.6131,6.175,6.175,22.525,1,1,0.48
773.5,154,1.5131,35.987,0.0017529,-0.090146,-0.090146,30.761,0.88462,1,0.52
773.5,174,4.9765,33.324,3.8922,10.492,10.492,53.528,1,1,0.32
773.5,194,1.5505,35.569,0.0012942,-0.020224,-0.020224,1.3139,0.45833,1,0.48
773.5,214,1.4595,33.819,0.0030672,0.21547,0.21547,15.234,0.15385,1,0.52
773.5,214,4.7173,31.064,0.0094345,-0.26892,-0.26892,12.939,0.5,1,0.52
773.5,234,1.5219,35.938,0.0067347,0.26808,0.26808,31.08,0.76471,1,0.34
773.5,254,1.5268,36.038,0.0062853,0.25006,0.25006,31.531,0.8125,1,0.32
773.5,274,4.6161,32.164,0.0014772,0.092013,0.092013,5.7312,0.28571,1,0.14
773.5,274,1.4486,33.078,0.00011159,0.03154,0.03154,8.9285,0.42857,1,0.14
773.5,294,1.4763,35.569,0.0013752,0.15478,0.15478,24.152,0.5,1,0.2
773.5,314,4.6318,32.64,0.0027035,0.12346,0.12346,5.6378,0.10526,1,0.38
773.5,314,1.4613,32.162,0.0096158,0.089526,0.089526,24.499,0.84211,1,0.38
773.5,334,1.4763,32.904,0.0083587,0.06285,0.06285,24.362,0.58621,1,0.58
773.5,334,4.7077,33.018,0.0060198,0.045422,0.045422,5.4219,0.41379,1,0.58
773.5,354,4.6822,28.792,0.018794,0.18993,0.18993,12.748,0.13636,1,0.44
773.5,354,1.4798,33.225,0.0072237,0.14152,0.14152,24.05,0.86364,1,0.44
773.5,374,1.495,31.618,0.0043883,0.05392,0.05392,17.46,0.83333,1,0.48
773.5,394,1.5345,31.931,0.0071298,-0.24325,-0.24325,37.423,0.76923,1,0.26
773.5,414,1.545,31.784,0.0069382,-0.29111,-0.29111,40.938,0.5625,1,0.32
773.5,414,4.8203,27.859,0.028722,-0.23551,-0.23551,18.894,0.4375,1,0.32
773.5,434,4.8191,27.475,0.031744,-0.12153,-0.12153,26.099,0.375,1,0.32
773.5,454,1.5107,30.172,0.010176,-0.12057,-0.12057,35.323,0.70588,1,0.34
773.5,454,4.7764,29.455,0.12463,0.64441,0.64441,14.142,0.29412,1,0.34
773.5,474,1.5238,28.674,0.014957,0.13228,0.13228,33.226,0.58824,1,0.34
773.5,474,4.8325,28.523,0.11746,-0.41003,-0.41003,15.738,0.41176,1,0.34
773.5,494,5.182,24.679,0.0067347,-0.14631,-0.14631,3.1786,0.090909,1,0.44
773.5,494,1.5821,28.405,0.0045651,-0.025677,-0.025677,30.113,0.72727,1,0.44
773.5,514,1.5912,28.838,0.0048191,-0.0088077,-0.0088077,29.003,0.75,1,0.4
773.5,534,4.6698,31.376,0.00090784,0.0027273,0.0027273,0.04919,0.075,1,0.8
773.5,534,1.6152,29.372,0.0043998,-0.11715,-0.11715,35.479,0.85,1,0.8
773.5,554,1.5959,32.654,0.0024547,0.22668,0.22668,24.864,0.6087,1,0.46
773.5,574,1.5936,32.26,0.0024913,0.23825,0.23825,29.779,0.58333,1,0.48
773.5,594,5.8484,31.242,4.3914,-11.041,-11.041,37.346,1,1,0.22
773.5,614,0.64043,36.54,2.0091,7.3614,7.3614,100.88,1,1,0.18
773.5,634,5.2078,31.686,2.7562,-9.9124,-9.9124,111.19,1,1,0.24
773.5,654,4.8969,30.787,6.051,13.457,13.457,39.717,1,1,0.2
773.5,674,4.0372,29.849,2.8095,-7.3871,-7.3871,26.704,1,1,0.22
773.5,694,4.5804,28.894,0.022974,-0.064783,-0.064783,4.1767,0.66667,1,0.3
773.5,714,4.5945,28.382,0.0064923,-0.082796,-0.082796,1.9185,0.87097,1,0.62
773.5,734,4.5924,28.506,0.0059327,-0.079559,-0.079559,1.575,0.5,1,0.64
773.5,754,4.5925,28.218,0.0086685,-0.10433,-0.10433,3.9443,0.83871,1,0.62
773.5,774,4.5731,28.183,0.0045658,-0.062728,-0.062728,9.6436,0.51613,1,0.62
773.5,774,1.4876,20.551,0.0066719,0.036003,0.036003,0.19431,0.3871,1,0.62
773.5,794,4.5996,27.703,0.003298,-0.024647,-0.024647,9.5793,0.89189,1,0.74
773.5,814,4.5886,27.147,0.0018252,-0.036341,-0.036341,13.547,0.9375,1,0.64
793.5,14,3.4568,32.933,1.6298,1.8746,1.8746,126.51,1,1,0.66
793.5,34,3.3656,33.246,2.2719,1.8783,1.8783,76.537,1,1,0.64
793.5,54,1.4555,32.652,6.4548,-17.011,-17.011,57.782,0.63692,1,0.66
793.5,54,4.7634,28.519,0.00060954,-0.014249,-0.014249,0.34516,0.36308,1,0.66
793.5,74,4.7647,28.45,0.0010303,-0.020673,-0.020673,0.41485,0.52273,1,0.88
793.5,74,5.1227,37.8,0.19125,0.34407,0.34407,0.61901,0.045455,1,0.88
793.5,74,1.8816,30.813,0.73951,0.32772,0.32772,16.905,0.43182,1,0.88
793.5,94,4.7509,28.726,0.00061627,-0.012334,-0.012334,0.24689,0.51163,1,0.86
793.5,94,1.479,34.394,0.0037611,-0.051765,-0.051765,2.4849,0.34884,1,0.86
793.5,114,4.7004,31.581,0.0039597,-0.15163,-0.15163,12.297,0.69697,1,0.66
793.5,134,4.6754,33.053,0.003219,-0.094172,-0.094172,9.8701,0.53488,1,0.86
793.5,134,1.4848,36.315,0.0024862,-0.018465,-0.018465,14.501,0.46512,1,0.86
793.5,154,4.6721,32.679,0.0050835,-0.016362,-0.016362,16.895,0.77778,1,0.72
793.5,174,4.6931,31.895,0.0043054,0.028729,0.028729,13.064,0.76471,1,0.68
793.5,194,4.7608,31.906,1.0259,3.2308,3.2308,28.014,1,1,0.66
793.5,214,4.7189,31.229,0.0049632,-0.16747,-0.16747,9.8402,1,1,0.74
793.5,234,4.7215,31.251,0.0060306,-0.15502,-0.15502,7.988,0.72222,1,0.72
793.5,234,1.5254,35.438,0.0079276,0.27494,0.27494,29.573,0.27778,1,0.72
793.5,254,4.7016,31.651,0.0015377,-0.019461,-0.019461,5.246,0.94118,1,0.34
793.5,274,4.6839,30.921,0.0029143,0.014845,0.014845,11.011,1,1,0.34
793.5,294,4.6796,29.909,0.0034015,-0.035546,-0.035546,11.483,0.94118,1,0.34
793.5,314,4.7175,32.264,0.003318,0.053501,0.053501,10.826,1,1,0.52
793.5,334,4.7257,32.633,0.0067546,0.041046,0.041046,6.2578,0.71429,1,0.7
793.5,334,1.4591,32.259,0.0096309,0.13002,0.13002,15.877,0.28571,1,0.7
793.5,354,4.736,32.134,0.011922,0.017423,0.017423,8.7643,1,1,0.58
793.5,374,4.7854,31.614,0.012743,0.14868,0.14868,9.3354,0.94444,1,0.36
793.5,394,4.9288,26.463,0.12859,-1.705,-1.705,32.701,1,1,0.4
793.5,414,4.8014,27.592,0.032086,-0.48875,-0.48875,21.56,0.95455,1,0.44
793.5,434,4.7951,25.566,0.021776,-0.18696,-0.18696,22.937,1,1,0.4
793.5,454,4.7058,28.899,0.00034902,-0.05306,-0.05306,22.299,0.80952,1,0.42
793.5,474,4.6726,30.08,0.071687,0.45824,0.45824,11.829,0.88889,1,0.18
793.5,494,4.3753,29.762,1.9847,-3.7243,-3.7243,29.835,1,1,0.32
793.5,514,4.6395,27.387,0.18253,-0.062973,-0.062973,23.413,0.42857,1,0.42
793.5,514,1.557,27.509,0.019018,-0.25863,-0.25863,12.175,0.57143,1,0.42
793.5,534,4.761,28.553,0.021379,-0.020521,-0.020521,17.792,0.85714,1,0.42
793.5,554,1.2252,33.398,3.0045,5.3207,5.3207,25.505,1,1,0.36
793.5,574,4.7242,30.153,0.0038008,0.04439,0.04439,17.525,0.5,1,0.2
793.5,594,4.8326,29.348,1.2898,0.31289,0.31289,28.401,1,1,0.26
793.5,614,4.9196,32.479,1.9206,-8.0009,-8.0009,87.354,1,1,0.28
793.5,634,4.673,32.16,2.9798,-10.631,-10.631,99.416,1,1,0.42
793.5,654,4.7888,32.816,0.0096581,0.33292,0.33292,27.069,0.88235,1,0.34
793.5,674,4.705,31.484,0.005306,0.25956,0.25956,13.268,0.88235,1,0.34
793.5,694,4.6392,29.202,0.0053109,0.041048,0.041048,7.2775,1,1,0.52
793.5,714,4.6067,28.477,0.0056816,-0.025639,-0.025639,4.1251,1,1,0.34
793.5,734,4.5811,28.098,0.0066796,-0.11698,-0.11698,7.59,1,1,1
793.5,754,4.5824,26.489,0.0079819,-0.082183,-0.082183,10.609,1,1,0.6
793.5,774,4.591,27.724,0.008158,-0.10762,-0.10762,9.4964,1,1,0.44
793.5,794,4.591,27.594,0.0016042,-0.018279,-0.018279,15.111,0.91892,1,0.74
793.5,814,4.5966,27.044,0.00087797,-0.018271,-0.018271,13.341,0.90909,1,0.66
813.5,14,3.8024,34.376,1.2702,-2.6308,-2.6308,110.31,1,1,0.22
813.5,34,4.3491,29.925,1.711,3.575,3.575,50.229,1,1,0.42
813.5,54,4.7765,28.214,0.00060654,-0.012156,-0.012156,0.24367,0.64515,1,0.62
813.5,54,1.6036,32.725,3.4735,-6.6692,-6.6692,20.313,0.35485,1,0.62
813.5,114,4.7413,28.959,0.0011603,-0.026663,-0.026663,0.67385,0.45161,1,0.62
813.5,134,4.6736,32.853,0.0027037,-0.098975,-0.098975,11.199,1,1,0.62
813.5,154,4.6834,32.084,0.0021036,-0.081297,-0.081297,10.283,1,1,0.62
813.5,174,4.7418,32.105,1.0908,3.5569,3.5569,28.19,1,1,0.62
813.5,194,4.7052,31.695,0.0021605,-0.072,-0.072,7.3705,1,1,0.68
813.5,214,4.72,31.239,0.0051179,-0.13145,-0.13145,7.4604,1,1,0.68
813.5,234,4.7098,31.74,0.0022249,-0.038819,-0.038819,4.6844,1,1,0.68
813.5,254,4.7024,31.914,0.0022954,-0.0087393,-0.0087393,6.347,1,1,0.68
813.5,274,4.685,31.233,0.0023064,-0.014501,-0.014501,8.5237,1,1,0.66
813.5,294,4.6914,31.445,0.0031614,0.0348,0.0348,12.144,1,1,0.72
813.5,314,4.7014,31.616,0.0037089,0.05241,0.05241,11.526,1,1,0.66
813.5,334,4.728,32.174,0.0068575,0.033789,0.033789,9.6142,1,1,0.86
813.5,354,5.1245,26.341,0.56551,-7.8169,-7.8169,119.87,1,1,0.86
813.5,374,4.8892,28.981,0.13148,-1.7968,-1.7968,36.939,1,1,0.7
813.5,394,4.8949,27.486,0.13211,-1.8094,-1.8094,37.374,1,1,0.72
813.5,414,5.354,20.906,1.1256,-10.332,-10.332,118.75,1,1,0.84
813.5,434,4.7447,27.485,0.014818,-0.32554,-0.32554,25.655,1,1,0.62
813.5,454,4.6956,27.966,0.02225,-0.040942,-0.040942,22.627,1,1,0.62
813.5,474,4.5614,29.983,0.034555,0.43011,0.43011,15.37,0.77375,1,0.52
813.5,474,4.7189,25.129,0.00023541,-0.0098126,-0.0098126,1.677,0.22625,1,0.52
813.5,494,4.4292,27.788,0.27518,-0.15369,-0.15369,5.1858,1,1,0.32
813.5,514,4.6786,29.079,0.49939,1.3473,1.3473,12.748,1,1,0.54
813.5,534,4.7768,28.805,0.01149,0.042103,0.042103,13.35,0.48,1,0.5
813.5,554,4.7718,28.685,0.012401,0.025613,0.025613,12.022,0.75,1,0.32
813.5,574,1.1697,31.414,4.6422,5.4348,5.4348,20.445,1,1,0.4
813.5,594,5.0103,28.451,2.0914,-0.21186,-0.21186,14.916,1,1,0.12
813.5,614,5.3614,30.789,3.2888,-9.2946,-9.2946,54.147,1,1,0.3
813.5,634,5.1799,30.166,1.5056,-4.5453,-4.5453,43.478,1,1,0.72
813.5,654,4.7493,32.498,0.0097737,0.34708,0.34708,21.879,0.6875,1,0.64
813.5,674,4.7421,31.656,0.012874,0.25507,0.25507,18.685,1,1,0.66
813.5,694,4.7268,29.299,0.0094024,0.077645,0.077645,14.689,1,1,0.66
813.5,714,4.6226,27.452,0.017739,0.14072,0.14072,16.625,1,1,0.9
813.5,734,4.6249,25.476,0.014953,0.055589,0.055589,13.457,1,1,0.7
813.5,754,4.6022,26.393,0.0070676,-0.060017,-0.060017,11.088,1,1,0.92
813.5,774,4.6076,25.451,0.0023893,0.069557,0.069557,9.8836,1,1,0.7
813.5,794,4.6001,26.462,0.0022108,0.056131,0.056131,12.829,0.9697,1,0.66
813.5,814,4.5971,27.464,0.00072562,-0.002833,-0.002833,14.997,0.96774,1,0.62
833.5,134,4.6896,32.395,0.0020292,-0.065228,-0.065228,7.5086,1,1,0.2
833.5,154,4.6816,32.231,0.0021308,-0.13522,-0.13522,14.823,1,1,0.2
833.5,174,4.6881,31.51,0.0014575,-0.039933,-0.039933,8.9651,1,1,0.2
833.5,214,4.7048,31.118,0.0020776,-0.040528,-0.040528,3.3274,1,1,0.2
833.5,234,4.7132,32.509,0.0026759,-0.036743,-0.036743,3.9205,1,1,0.22
833.5,254,4.747,32.617,0.000289,0.013655,0.013655,0.64515,0.19998,1,0.2
833.5,254,4.6881,31.998,0.00086488,-0.046087,-0.046087,4.471,0.80002,1,0.2
833.5,274,4.6798,31.523,0.0022777,0.0048696,0.0048696,12.158,1,1,0.22
833.5,294,4.6769,30.114,0.0032471,-0.054383,-0.054383,8.5163,1,1,0.2
833.5,314,4.7036,32.358,0.0032097,0.094168,0.094168,16.401,1,1,0.22
833.5,334,4.7122,32.166,0.0040452,0.069304,0.069304,8.1043,0.5,1,0.4
833.5,354,6.2425,9.972,0.35675,-4.1561,-4.1561,55.113,0.62054,1,0.62
833.5,354,4.7267,31.261,0.012047,0.0034105,0.0034105,10.44,0.37946,1,0.62
833.5,374,6.2066,9.1573,0.35964,-3.4744,-3.4744,39.089,0.6963,1,0.72
833.5,374,4.7877,31.399,0.012212,0.17083,0.17083,9.5506,0.3037,1,0.72
833.5,394,0.85173,3.1475,0.58759,-0.63049,-0.63049,0.8293,0.57143,1,0.56
833.5,414,0.8742,3.1745,0.67335,-0.75748,-0.75748,1.1007,0.67742,1,0.62
833.5,414,4.757,28.539,0.030508,-0.61421,-0.61421,22.52,0.32258,1,0.62
833.5,434,5.4793,19.151,1.5,-12.806,-12.806,140.64,1,1,0.6
833.5,454,4.6031,28.869,0.030467,0.29251,0.29251,15.403,1,1,0.6
833.5,474,4.4957,28.466,0.13087,0.23366,0.23366,9.5813,1,1,0.6
833.5,494,4.5021,28.515,0.23715,0.58084,0.58084,10.933,1,1,0.6
833.5,514,4.0421,32.9,0.61839,-3.3087,-3.3087,43.535,1,1,0.62
833.5,534,3.9696,34.677,0.902,-4.8478,-4.8478,50.258,1,1,0.88
833.5,554,0.87538,29.11,0.079517,0.35315,0.35315,4.7778,0.22222,1,0.72
833.5,554,3.0992,41.335,0.017193,0.19259,0.19259,4.21,0.66667,1,0.72
833.5,574,0.22647,29.589,5.075,8.5498,8.5498,25.426,1,1,0.52
833.5,594,0.63683,29.216,0.23148,0.47775,0.47775,6.0425,0.3076,1,0.52
833.5,594,3.3385,29.028,0.33773,0.86378,0.86378,19.571,0.65394,1,0.52
833.5,614,5.7065,27.054,0.3558,-1.4871,-1.4871,8.1115,0.9375,1,0.32
833.5,634,5.5147,28.704,1.4606,-4.3963,-4.3963,29.494,1,1,0.74
833.5,654,5.2147,30.44,0.33262,-1.7459,-1.7459,26.826,1,1,0.44
833.5,674,4.7573,29.192,0.015834,0.083965,0.083965,15.597,1,1,0.44
833.5,694,4.7143,26.835,0.028602,0.36758,0.36758,16.656,1,1,0.66
833.5,714,4.6988,24.633,0.033895,0.551,0.551,12.694,0.87999,1,0.62
833.5,714,4.7417,27.511,0.00049618,0.0027858,0.0027858,0.027597,0.12001,1,0.62
833.5,734,4.6401,25.68,0.022485,0.19678,0.19678,14.079,1,1,0.82
833.5,754,4.6477,25.051,0.011454,0.16794,0.16794,5.9707,1,1,0.82
833.5,774,4.6304,25.525,0.0041452,0.085966,0.085966,5.8928,1,1,0.62
833.5,794,4.6147,25.924,0.0029457,0.06711,0.06711,10.58,1,1,0.6
833.5,814,4.6022,26.331,0.0030957,0.054697,0.054697,11.601,1,1,0.4
853.5,334,6.0079,13.157,0.39268,-4.5426,-4.5426,60.761,1,1,0.2
853.5,354,6.0972,10.886,0.39773,-4.1583,-4.1583,50.907,1,1,0.6
853.5,374,0.12278,8.757,0.68626,-4.8323,-4.8323,47.341,1,1,0.64
853.5,394,0.8446,3.1152,0.41339,-0.47385,-0.47385,0.9582,0.77778,1,0.72
853.5,414,0.31424,3.8798,0.13092,-0.17202,-0.17202,0.50719,0.49854,1,0.62
853.5,414,1.7773,2.0668,0.17678,-0.1554,-0.1554,0.24262,0.50146,1,0.62
853.5,434,0.56633,3.5919,0.010257,-0.049492,-0.049492,0.72572,0.6,1,0.2
853.5,454,4.6048,29.281,0.041602,0.48317,0.48317,8.3422,1,1,0.2
853.5,474,4.4991,28.152,0.028057,0.34969,0.34969,16.409,1,1,0.2
853.5,494,4.3832,27.966,0.29837,-0.27599,-0.27599,2.9799,1,1,0.2
853.5,514,3.8449,35.374,0.74164,-3.8803,-3.8803,46.815,1,1,0.42
853.5,554,3.1022,42.022,0.0056649,-0.01725,-0.01725,0.05253,0.44444,1,0.9
853.5,554,3.312,25.609,0.0021072,0.092818,0.092818,4.0889,0.31111,1,0.9
853.5,554,6.2507,27.012,0.00046952,0.015679,0.015679,4.3091,0.15556,1,0.9
853.5,574,3.1587,27.421,0.027511,-0.14608,-0.14608,17.936,0.41544,1,0.96
853.5,574,0.1311,29.051,0.79062,-0.20189,-0.20189,8.742,0.33471,1,0.96
853.5,574,3.1092,42.041,0.0050144,-0.010477,-0.010477,0.036092,0.24985,1,0.96
853.5,594,3.1944,26.632,0.010617,0.19295,0.19295,13.906,0.68,1,0.5
853.5,614,5.5502,26.594,3.6066,-4.0315,-4.0315,8.3476,1,1,0.7
853.5,634,5.7378,26.958,0.22909,-0.68357,-0.68357,5.4334,1,1,0.68
853.5,654,5.622,26.695,0.1865,-0.62024,-0.62024,3.7428,0.81819,1,0.22
853.5,654,5.445,27.381,0.011025,-0.045385,-0.045385,0.18683,0.18181,1,0.22
853.5,694,4.7639,26.286,0.013506,0.13367,0.13367,6.6801,1,1,0.2
853.5,714,4.623,23.337,0.041198,0.72109,0.72109,13.924,1,1,0.2
853.5,734,4.7173,24.854,0.027642,0.44522,0.44522,10.218,1,1,0.2
853.5,754,4.6457,25.555,0.0031466,0.046403,0.046403,2.8823,1,1,0.2
853.5,774,4.6286,25.868,0.0029478,0.028229,0.028229,3.6894,1,1,0.2
853.5,794,4.6087,24.704,0.0053754,0.13752,0.13752,8.9012,1,1,0.2
873.5,354,0.31663,8.0099,0.78292,-5.5593,-5.5593,57.248,1,1,0.4
873.5,374,0.81021,3.0223,0.3273,-0.36815,-0.36815,0.7809,0.73333,1,0.6
873.5,394,1.0402,2.7802,0.46683,-0.53004,-0.53004,0.84749,1,1,0.6
873.5,414,1.0385,2.887,0.53104,-0.63844,-0.63844,1.073,1,1,0.6
873.5,434,1.4126,2.5425,0.52555,-0.74183,-0.74183,1.1263,1,1,0.2
873.5,534,3.2065,33.84,0.015691,-0.50343,-0.50343,32.262,0.95238,1,0.84
873.5,554,3.201,34.438,0.00946,-0.49766,-0.49766,41.874,0.94286,1,0.7
873.5,574,3.3067,25.374,0.0023628,0.10409,0.10409,4.5863,0.51724,1,0.58
873.5,574,6.2484,27.269,0.00058734,-0.0029712,-0.0029712,5.8188,0.34483,1,0.58
873.5,594,5.2966,26.777,9.0679,-9.4299,-9.4299,12.213,1,1,0.58
873.5,614,5.9963,27.53,0.13662,-0.10548,-0.10548,8.2677,1,1,0.68
873.5,634,5.9251,26.554,0.16217,-0.39177,-0.39177,3.644,1,1,0.88
873.5,654,5.7687,26.674,0.20316,-0.59633,-0.59633,1.9813,1,1,0.2
893.5,374,0.90858,2.8631,0.47234,-0.48261,-0.48261,0.75655,1,1,0.2
893.5,394,0.79928,2.9349,0.18855,-0.22895,-0.22895,0.57224,1,1,0.2
893.5,414,1.4126,2.5425,0.52555,-0.74183,-0.74183,1.1263,1,1,0.2
893.5,534,3.1951,33.311,0.00082122,-0.024115,-0.024115,0.70822,0.66658,1,0.6
893.5,534,3.128,38.807,0.0076333,-0.16757,-0.16757,6.2573,0.33342,1,0.6
893.5,554,3.2012,33.129,0.00071336,-0.020958,-0.020958,0.61578,0.5,1,0.48
893.5,574,3.1896,31.726,0.0024227,-0.3556,-0.3556,67.94,0.66667,1,0.18
893.5,594,6.1922,31.074,0.00087488,0.030155,0.030155,1.0394,0.66667,1,0.36
893.5,614,6.1339,27.951,0.052861,-0.052492,-0.052492,7.3663,1,1,0.7
893.5,634,6.1067,27.875,0.079864,-0.064582,-0.064582,5.4429,1,1,0.9
913.5,514,3.128,38.809,0.0076344,-0.16753,-0.16753,6.2517,1,1,0.2
913.5,534,3.1531,36.797,0.0051702,-0.1805,-0.1805,11.21,1,1,0.62
913.5,554,3.117,38.64,0.0062719,-0.16044,-0.16044,7.7905,1,1,0.48
913.5,574,3.1187,25.324,0.0077704,-0.5964,-0.5964,168.96,0.75,1,0.16
913.5,594,6.2231,30.105,0.0036231,0.055827,0.055827,5.7932,0.5,1,0.16
913.5,614,6.2108,27.838,0.0037181,-0.090279,-0.090279,4.9211,0.91892,1,0.74
933.5,514,3.1223,38.909,0.0032176,-0.04474,-0.04474,3.8845,1,1,0.2
933.5,534,3.128,38.675,0.0050429,-0.016392,-0.016392,7.0025,1,1,0.8
933.5,554,3.112,38.621,0.0042283,-0.10114,-0.10114,5.7035,1,1,0.46
933.5,574,3.102,33.137,0.0046347,0.012059,0.012059,108.22,0.90476,1,0.42
933.5,594,6.2241,27.823,0.0048038,-0.040336,-0.040336,3.3179,0.48148,1,0.54
933.5,614,6.2121,27.268,0.0045027,-0.080444,-0.080444,1.4373,0.875,1,0.48
933.5,634,6.2184,27.154,0.0039396,-0.070345,-0.070345,1.2561,0.68182,1,0.88
953.5,514,3.1501,38.857,0.0056855,0.19652,0.19652,13.562,1,1,0.2
953.5,534,3.1417,38.563,0.0035903,0.059331,0.059331,10.509,1,1,0.6
953.5,554,3.1306,38.474,0.0066701,0.10574,0.10574,10.439,1,1,0.68
953.5,574,3.1085,21.956,0.0091016,0.26973,0.26973,83.683,0.88889,1,0.36
953.5,594,3.0992,23.103,0.011251,0.22386,0.22386,46.777,0.73333,1,0.3
953.5,614,6.1042,28.225,0.0080822,-0.092805,-0.092805,1.1849,0.73913,1,0.92
953.5,614,3.1092,22.585,0.011287,0.30298,0.30298,48.502,0.21739,1,0.92
953.5,634,6.0771,28.615,0.0034569,-0.025279,-0.025279,0.22059,0.76471,1,0.68
973.5,514,3.1527,37.924,0.0012998,0.037488,0.037488,13.467,1,1,0.2
973.5,534,3.152,37.511,0.0050929,0.06377,0.06377,14.716,1,1,0.8
973.5,554,3.1417,37.004,0.0065424,0.021856,0.021856,29.977,1,1,0.48
973.5,574,3.1386,27.752,0.0066117,-0.010339,-0.010339,169.54,0.93103,1,0.58
973.5,594,6.0754,28.829,0.0046915,-0.0053645,-0.0053645,0.20517,0.53846,1,0.52
973.5,594,3.0978,23.431,0.011552,0.17925,0.17925,51.255,0.42308,1,0.52
973.5,634,6.0489,28.793,0.00070086,-0.0044753,-0.0044753,0.028582,0.69767,1,0.86
973.5,634,6.2189,24.138,0.0080009,0.031724,0.031724,5.9309,0.30233,1,0.86
993.5,534,3.1678,36.242,0.0012063,-0.052043,-0.052043,14.482,1,1,0.6
993.5,554,3.1569,32.26,0.0038969,0.02837,0.02837,112.47,1,1,0.9
993.5,574,3.153,21.772,0.0029088,0.11287,0.11287,158.93,0.55556,1,0.54
993.5,574,6.2372,27.723,0.0022481,-0.00075223,-0.00075223,0.010595,0.44444,1,0.54
993.5,594,6.1888,28.888,0.00047393,-0.028637,-0.028637,1.7303,0.125,1,0.32
993.5,594,3.1479,17.094,0.00022829,0.18519,0.18519,150.26,0.625,1,0.32
993.5,614,6.1651,26.419,0.011686,-0.13055,-0.13055,6.8638,1,1,0.72
993.5,634,6.1763,25.905,0.011904,-0.2034,-0.2034,9.1904,1,1,0.66
993.5,654,0.0082996,26.27,0.0018715,-0.036006,-0.036006,2.2826,0.49615,1,0.2
993.5,654,6.1386,24.061,0.0041033,-0.026863,-0.026863,1.2274,0.50385,1,0.2
1013.5,514,3.1732,35.93,0.0011634,-0.075939,-0.075939,15.374,1,1,0.2
1013.5,534,3.1729,35.779,0.0014695,-0.1167,-0.1167,16.588,1,1,0.6
1013.5,554,3.1661,34.328,0.0013494,-0.083894,-0.083894,22.066,0.76744,1,0.86
1013.5,554,6.2353,27.76,0.0024118,-0.0002071,-0.0002071,0.0040841,0.23256,1,0.86
1013.5,574,6.2384,27.821,0.002147,-0.00082068,-0.00082068,0.29109,0.51064,1,0.94
1013.5,594,6.2178,27.575,0.0059287,-0.00012581,-0.00012581,0.18594,0.66667,1,0.54
1013.5,614,6.2437,26.283,0.0064604,-0.054965,-0.054965,9.7438,1,1,0.66
1013.5,634,6.2457,24.735,0.0079125,-0.10071,-0.10071,7.7022,1,1,0.84
1013.5,654,6.2499,24.971,0.0050985,-0.18691,-0.18691,11.65,1,1,0.2
1033.5,534,3.1671,32.921,0.00066997,-0.016286,-0.016286,16.881,1,1,0.42
1033.5,554,3.1608,32.756,0.0015596,-0.072097,-0.072097,18.87,0.77273,1,0.88
1033.5,554,6.2435,27.931,0.0015576,-0.0033809,-0.0033809,0.65799,0.22727,1,0.88
1033.5,574,6.2466,27.954,0.0021142,0.0058355,0.0058355,0.48955,0.62162,1,0.74
1033.5,594,6.2525,28.143,0.0025274,0.019396,0.019396,0.649,0.91892,1,0.74
1033.5,614,6.2542,26.21,0.0074777,-0.11265,-0.11265,8.9864,1,1,0.66
1033.5,634,0.003714,25.065,0.0027774,-0.074505,-0.074505,8.55,1,1,0.86
1033.5,654,0.029863,23.081,0.00084505,-0.023575,-0.023575,1.1728,1,1,0.2
1053.5,554,3.1602,31.852,0.00080138,-0.022046,-0.022046,9.8425,1,1,0.68
1053.5,574,3.1667,30.309,0.00050636,0.04859,0.04859,4.6915,0.34211,1,0.76
1053.5,574,6.251,27.931,0.003086,0.0015334,0.0015334,0.40956,0.57895,1,0.76
1053.5,594,6.2666,27.767,0.0043999,-0.011028,-0.011028,0.54251,0.875,1,0.32
1053.5,614,0.023697,23.653,0.000587,-0.0065178,-0.0065178,1.9049,0.50131,1,0.88
1053.5,614,6.2486,27.948,0.0049146,0.085178,0.085178,2.1199,0.49869,1,0.88
1053.5,634,0.025244,23.429,0.0006792,-0.0096508,-0.0096508,2.975,0.9697,1,0.66
1053.5,654,0.0329,23.794,0.00031909,-0.0033089,-0.0033089,4.8483,1,1,0.2
1073.5,534,3.1286,35.773,0.0028243,-0.12853,-0.12853,12.197,1,1,0.42
1073.5,554,3.139,34.722,0.0029229,-0.16953,-0.16953,19.984,1,1,0.68
1073.5,574,3.1495,34.639,0.0038415,0.0046762,0.0046762,17.491,0.92593,1,0.54
1073.5,594,6.2711,26.581,0.0059797,-0.098563,-0.098563,6.4582,0.92593,1,0.54
1073.5,614,0.0017127,25.461,0.0032729,0.034606,0.034606,8.9162,1,1,0.68
1073.5,634,0.021369,23.825,0.00060267,-0.0037046,-0.0037046,2.969,0.9697,1,0.66
1093.5,514,3.1009,37.887,0.0030703,-0.11402,-0.11402,6.3923,1,1,0.2
1093.5,534,3.0981,38.324,0.0029888,-0.15464,-0.15464,10.692,1,1,0.62
1093.5,554,3.1249,36.561,0.0042023,-0.11798,-0.11798,15.033,1,1,0.84
1093.5,574,3.1191,37.034,0.0060091,-0.17619,-0.17619,20.058,0.91667,1,0.72
1093.5,594,0.012079,29.687,0.00027019,0.0041785,0.0041785,0.064633,0.48,1,0.5
1093.5,594,3.107,33.095,0.00078318,0.092809,0.092809,11.606,0.16,1,0.5
1093.5,594,3.162,37.562,0.000729,-0.00076194,-0.00076194,0.00079637,0.08,1,0.5
1093.5,614,0.018899,28.705,0.0056588,0.16293,0.16293,20.469,1,1,0.7
1093.5,634,0.010861,26.579,0.00038508,-0.0021163,-0.0021163,10.435,0.95455,1,0.44
1113.5,514,3.0978,38.019,0.0025482,-0.17709,-0.17709,14.151,1,1,0.2
1113.5,534,3.0908,38.275,0.0029278,-0.13441,-0.13441,9.3029,1,1,0.6
1113.5,554,3.1031,37.816,0.0045653,-0.25507,-0.25507,16.596,0.97778,1,0.9
1113.5,574,3.1283,36.388,0.0065933,-0.17379,-0.17379,21.305,0.92308,1,0.52
1113.5,594,3.1311,35.956,0.0040354,-0.17715,-0.17715,15.479,0.29412,1,0.68
1113.5,614,0.0081408,31.653,0.0099459,0.15388,0.15388,14.599,1,1,0.66
1133.5,514,3.0737,38.918,0.0027216,-0.095392,-0.095392,6.7355,1,1,0.2
1133.5,534,3.0966,38.035,0.0036423,-0.19535,-0.19535,13.596,1,1,0.64
1133.5,554,3.1047,38.232,0.0032478,-0.13001,-0.13001,11.194,1,1,0.66
1133.5,574,3.1127,37.025,0.0055735,-0.2994,-0.2994,20.573,0.66667,1,0.72
1133.5,574,0.047585,34.166,0.012286,0.0030715,0.0030715,0.00076787,0.30556,1,0.72
1133.5,594,0.020158,34.159,0.013614,0.0033983,0.0033983,0.00084827,0.65625,1,0.64
1133.5,614,0.037165,34.163,0.012579,0.0031381,0.0031381,0.00078291,0.69767,1,0.86
1133.5,614,6.2216,23.906,0.0030048,0.043269,0.043269,1.4672,0.27907,1,0.86
1133.5,634,6.2527,23.875,0.0027838,0.048323,0.048323,1.4573,0.54545,1,0.44
1153.5,534,3.0939,38.992,0.0019906,-0.022506,-0.022506,5.9078,1,1,0.4
1153.5,554,3.1161,38.809,0.0024337,-0.047537,-0.047537,12.465,0.97059,1,0.68
1153.5,574,3.1183,39.512,0.00081968,0.087745,0.087745,9.394,0.88889,1,0.72
1153.5,594,6.2451,24.038,0.0019331,-0.0019315,-0.0019315,0.0019299,0.47727,1,0.88
1153.5,614,6.2466,24.124,0.0018352,0.0013464,0.0013464,0.16179,0.52273,1,0.88
1173.5,534,3.1258,40.129,0.00080377,0.077826,0.077826,8.571,1,1,0.24
1173.5,554,3.1251,38.934,0.0019106,0.041866,0.041866,9.9555,0.95556,1,0.9
1173.5,574,3.1213,39.813,0.001181,0.12737,0.12737,13.744,0.61111,1,0.72
1173.5,574,6.268,24.016,0.0010365,-0.0010377,-0.0010377,0.0010389,0.27778,1,0.72
1173.5,594,6.2694,24.014,0.00096133,-0.00096286,-0.00096286,0.00096443,0.25581,1,0.86
1173.5,594,3.1263,39.103,0.0011228,0.062646,0.062646,10.764,0.60465,1,0.86
1173.5,614,6.2533,24.03,0.0016074,-0.0016079,-0.0016079,0.0016084,0.95556,1,0.9
1193.5,534,3.1468,37.334,0.0031025,-0.046621,-0.046621,4.1298,1,1,0.4
1193.5,554,3.138,38.428,0.0024789,0.00070933,0.00070933,9.1701,0.94286,1,0.7
1193.5,574,3.1408,37.228,0.0068865,-0.14468,-0.14468,11.354,0.95745,1,0.94
1193.5,594,3.1497,36.415,0.0083451,-0.22937,-0.22937,8.3205,0.47619,1,0.84
1193.5,594,6.2604,24.023,0.0012958,-0.0012961,-0.0012961,0.0012964,0.47619,1,0.84
1193.5,614,6.2579,24.026,0.0010199,-0.0010217,-0.0010217,0.0010236,0.63636,1,0.66
1193.5,614,3.167,35.746,0.0082492,-0.20366,-0.20366,6.3192,0.30303,1,0.66
1213.5,514,3.1406,37.862,0.00053744,0.029821,0.029821,2.7496,1,1,0.2
1213.5,534,3.1406,37.77,0.00087127,0.06262,0.06262,6.1254,1,1,0.64
1213.5,554,3.1438,37.435,0.0029246,-0.02672,-0.02672,5.9836,0.95455,1,0.88
1213.5,574,3.1327,37.368,0.0066923,-0.15636,-0.15636,9.1709,0.94286,1,0.7
1213.5,594,3.1596,36.783,0.012264,-0.32611,-0.32611,12.91,0.97619,1,0.84
1213.5,614,6.2778,23.308,0.0032421,0.011629,0.011629,1.3043,0.69697,1,0.66
1213.5,614,3.1324,37.085,0.0078424,-0.23193,-0.23193,9.4262,0.30303,1,0.66
1213.5,634,6.2605,24.023,0.00060549,-0.00060854,-0.00060854,0.00061166,0.47619,1,0.42
1233.5,514,3.143,37.699,0.0010872,0.079115,0.079115,7.7546,1,1,0.2
1233.5,534,3.1297,38.041,0.0011621,0.044211,0.044211,6.1116,1,1,0.6
1233.5,554,3.1427,37.669,0.0010339,0.0788,0.0788,7.3849,0.96,1,0.5
1233.5,574,3.1678,38.273,0.015921,-0.4041,-0.4041,18.648,0.97143,1,0.7
1233.5,594,3.1765,36.972,0.01574,-0.42484,-0.42484,17.323,0.47727,1,0.88
1233.5,594,0.0394,22.761,0.00040344,0.013008,0.013008,0.41949,0.45455,1,0.88
1233.5,614,0.03007,23.123,0.0021945,0.030048,0.030048,2.3086,0.70588,1,0.68
1233.5,614,3.2023,37.33,0.019225,-0.57807,-0.57807,24.599,0.29412,1,0.68
1253.5,514,3.1056,38.562,0.00098524,0.04275,0.04275,7.4103,1,1,0.2
1253.5,534,3.1152,37.774,0.0013258,0.022136,0.022136,6.8383,1,1,0.64
1253.5,554,3.1395,39.193,0.0089115,-0.13771,-0.13771,12.612,1,1,0.5
1253.5,574,3.1402,38.476,0.012088,-0.23921,-0.23921,15.655,0.69697,1,0.66
1253.5,594,0.033277,22.566,0.0004165,0.013392,0.013392,0.43067,0.47727,1,0.88
1253.5,594,3.2037,38.043,0.018461,-0.54609,-0.54609,24.117,0.5,1,0.88
1273.5,534,3.0959,37.984,0.0013758,-0.068051,-0.068051,10.632,1,1,0.62
1273.5,554,3.0942,37.068,0.00073137,-0.062883,-0.062883,6.7734,0.97143,1,0.7
1273.5,574,3.1141,38.561,0.0057078,-0.11565,-0.11565,13.207,0.75,1,0.88
1273.5,594,0.036407,22.667,0.00055637,0.01783,0.01783,0.57148,0.72093,1,0.86
1273.5,594,3.0904,37.402,0.00062124,-0.064779,-0.064779,7.7879,0.23256,1,0.86
1273.5,614,0.031449,22.586,0.001001,0.029733,0.029733,1.061,0.97059,1,0.68
1293.5,534,3.0944,37.29,0.0012274,-0.10234,-0.10234,9.9605,1,1,0.64
1293.5,554,3.0916,37.665,0.001266,-0.1149,-0.1149,11.638,1,1,0.68
1293.5,574,3.0916,37.417,0.00075156,-0.075292,-0.075292,8.6322,1,1,0.64
1293.5,594,6.2641,22.448,0.014517,0.048043,0.048043,0.52059,0.52174,1,0.46
1293.5,594,3.0875,37.974,0.00075065,-0.086036,-0.086036,10.555,0.43478,1,0.46
1293.5,614,0.042981,22.88,0.00078631,0.025084,0.025084,0.80028,0.45455,1,0.44
1293.5,634,0.019404,22.351,0.0014396,0.041839,0.041839,1.7188,0.84615,1,0.26
1313.5,554,3.1016,36.487,0.00064733,-0.050268,-0.050268,5.2143,0.84615,1,0.26
1313.5,574,3.0876,37.981,0.0006826,-0.078205,-0.078205,9.5959,0.84615,1,0.26
1333.5,554,4.8255,27.445,2.1585,-12.078,-12.078,77.48,1,1,0.28
1333.5,574,4.6764,27.724,1.5147,-5.9183,-5.9183,24.996,0.92308,1,0.26
1333.5,594,4.9682,26.064,1.9281,-7.5762,-7.5762,32.385,1,1,0.24
1353.5,534,5.1191,25.171,1.915,-9.4484,-9.4484,50.127,1,1,0.24
1353.5,554,4.7026,27.442,2.0287,-9.764,-9.764,52.707,1,1,0.68
1353.5,574,4.9664,26.2,1.7481,-7.8487,-7.8487,41.489,1,1,0.64
1353.5,594,4.6356,27.401,1.8998,-7.5467,-7.5467,32.297,1,1,0.62
1353.5,614,4.8831,26.745,2.0246,-7.3846,-7.3846,33.759,1,1,0.22
1373.5,534,3.2093,35.606,0.35863,-0.51636,-0.51636,2.4836,0.5,1,0.24
1373.5,534,5.0365,25.756,0.11404,-0.37874,-0.37874,1.4856,0.33333,1,0.24
1373.5,554,4.6634,27.582,2.4657,-12.033,-12.033,64.635,1,1,0.7
1373.5,574,5.0031,25.493,1.8671,-8.023,-8.023,36.962,0.77109,1,0.88
1373.5,574,3.0457,34.514,0.082723,-0.26803,-0.26803,1.9406,0.22891,1,0.88
1373.5,594,4.535,27.63,2.2567,-9.7873,-9.7873,44.612,1,1,0.62
1373.5,614,4.5041,28.675,2.3361,-7.9631,-7.9631,36.624,1,1,0.22
1393.5,534,4.5849,27.923,2.7751,-12.693,-12.693,61.821,1,1,0.22
1393.5,554,4.5917,27.47,2.527,-11.718,-11.718,56.937,1,1,0.62
1393.5,574,4.6087,27.151,2.6206,-12.156,-12.156,58.124,1,1,0.62
1393.5,594,4.5168,27.516,2.3576,-10.704,-10.704,50.559,1,1,0.62
1393.5,614,4.5626,27.624,2.5252,-11.636,-11.636,55.493,1,1,0.22
