-8.8851,0.23537,2.4956,0.49792,0.00012792,-0.00089541,-0.00089541,0.0062679,0.5,1,0.075472
-8.8851,0.43537,3.5888,0.28133,1.6205,-0.030791,-0.030791,0.02651,1,1,0.13208
-8.8851,0.63537,3.2588,0.34183,2.3257,0.020057,0.020057,0.012123,1,1,0.11321
-8.6851,0.23537,5.4409,0.22596,0.0024127,0.0050532,0.0050532,0.011515,0.5,1,0.11321
-8.6851,0.43537,4.0999,0.21693,3.0435,-0.065645,-0.065645,0.029638,1,1,0.22642
-8.6851,0.63537,1.5502,0.23869,3.5543,0.22266,0.22266,0.045385,1,1,0.28302
-8.6851,0.83537,5.9903,0.29725,2.0588,-0.25532,-0.25532,0.064089,1,1,0.11321
-8.4851,0.43537,0.33566,0.25968,8.2689,-0.71647,-0.71647,0.083963,1,1,0.13208
-8.4851,0.83537,0.21389,0.10722,0.0048986,0.0022922,0.0022922,0.0010726,0.25,1,0.15094
-8.2851,1.0354,4.8879,0.28454,2.7863,0.047281,0.047281,0.013693,1,1,0.11321
-8.0851,0.03537,2.0375,0.91422,1.7288,0.097097,0.097097,0.0056941,0.75,1,0.075472
-8.0851,0.23537,3.3121,0.14926,1.6899,0.035538,0.035538,0.0029376,0.875,1,0.15094
-7.8851,-2.5646,3.6909,0.29168,2.6196,0.23379,0.23379,0.023581,1,1,0.11321
-7.8851,0.03537,0.23522,0.56406,3.957,0.61245,0.61245,0.1283,1,1,0.13208
-7.8851,0.23537,3.9142,0.26254,3.2808,0.17454,0.17454,0.037249,1,1,0.24528
-7.8851,0.83537,6.1924,0.75965,0.018018,0.0037714,0.0037714,0.0018828,0.5,1,0.11321
-7.6851,-2.5646,3.5839,0.25151,4.0365,-0.12578,-0.12578,0.047637,1,1,0.49057
-7.6851,-2.3646,3.3299,0.19456,3.3891,-0.17072,-0.17072,0.039488,1,1,0.41509
-7.6851,-2.1646,3.2713,0.071216,2.4836,-0.017171,-0.017171,0.0010466,0.77778,1,0.16981
-7.6851,0.23537,4.5222,0.5168,3.4619,0.35379,0.35379,0.070929,1,1,0.13208
-7.6851,0.43537,5.6959,0.63908,1.8877,0.084341,0.084341,0.081964,1,1,0.11321
-7.4851,-3.1646,4.2877,0.23156,1.0354,-0.062031,-0.062031,0.037556,1,1,0.18868
-7.4851,-2.9646,4.5249,0.26996,1.8097,-0.1102,-0.1102,0.048783,1,1,0.35849
-7.4851,-2.7646,4.5455,0.2222,2.9546,-0.099429,-0.099429,0.027063,1,1,0.69811
-7.4851,-2.5646,1.2034,0.22632,6.526,0.34229,0.34229,0.03957,1,1,1
-7.4851,-2.3646,1.1898,0.26826,3.3842,0.17218,0.17218,0.065497,1,1,0.69811
-7.4851,-2.1646,1.2481,0.41099,2.2918,0.097239,0.097239,0.072071,1,1,0.20755
-7.2851,-3.1646,4.852,0.28098,1.1327,0.083221,0.083221,0.049473,1,1,0.26415
-7.2851,-2.9646,4.6445,0.36877,1.7199,-0.18108,-0.18108,0.11158,1,1,0.35849
-7.2851,-2.7646,4.8541,0.24841,2.1563,-0.095586,-0.095586,0.038219,1,1,0.58491
-7.2851,-2.5646,6.0751,0.3803,3.4987,-0.27304,-0.27304,0.091348,1,1,0.64151
-7.2851,-2.3646,0.85872,0.3444,3.1514,-0.16807,-0.16807,0.081018,1,1,0.5283
-7.2851,-2.1646,1.4682,0.51032,2.7242,-0.23873,-0.23873,0.092342,1,1,0.26415
-7.0851,-3.1646,0.01334,0.45492,1.029,-0.11259,-0.11259,0.055937,1,1,0.20755
-7.0851,-2.9646,2.9682,0.60201,1.8666,0.019812,0.019812,0.13922,1,1,0.13208
-7.0851,-2.7646,4.0527,0.57291,0.0055555,0.013359,0.013359,0.032125,0.28571,1,0.13208
-7.0851,-2.5646,2.2175,0.67185,7.9921,0.71547,0.71547,0.073291,1,1,0.18868
-7.0851,-2.3646,0.3099,0.68713,3.8053,-0.39439,-0.39439,0.086729,1,1,0.26415
-7.0851,-2.1646,3.2194,0.49983,0.0021197,0.0048978,0.0048978,0.011345,0.375,1,0.15094
-7.0851,-2.1646,0.57714,0.83518,0.12265,0.02344,0.02344,0.0080491,0.5,1,0.15094
-7.0851,-1.3646,3.2245,0.43432,0.11072,-0.016756,-0.016756,0.0025356,0.5,1,0.075472
-7.0851,0.83537,0.13155,1.0819,0.00019127,0.00088235,0.00088235,0.0040704,0.5,1,0.075472
-6.8851,-3.1646,5.1596,0.38349,2.2319,0.215,0.215,0.04117,1,1,0.28302
-6.8851,-2.9646,3.6487,0.32571,2.8373,0.060654,0.060654,0.038194,1,1,0.35849
-6.8851,-2.7646,1.3641,0.22443,0.11042,0.030394,0.030394,0.0084647,0.33333,1,0.16981
-6.8851,-2.5646,6.1396,0.79209,0.030464,-0.035987,-0.035987,0.076293,0.625,1,0.15094
-6.8851,-2.3646,3.7687,1.1146,0.042031,0.013671,0.013671,0.0044469,0.4,1,0.09434
-6.8851,-1.9646,0.6497,1.0481,0.0031304,-0.0073723,-0.0073723,0.017362,0.33333,1,0.11321
-6.8851,-0.36463,5.9022,0.54483,0.0035011,0.0026878,0.0026878,0.0020634,0.4,1,0.09434
-6.8851,1.6354,2.4127,0.3824,3.25,-0.38941,-0.38941,0.06686,1,1,0.16981
-6.8851,1.8354,1.6921,0.26821,2.8517,-0.26478,-0.26478,0.050864,1,1,0.24528
-6.8851,2.0354,3.7589,0.2177,0.38265,0.057511,0.057511,0.0093809,0.8,1,0.09434
-6.8851,2.4354,5.8255,0.14728,2.721,0.10423,0.10423,0.0044519,0.85714,1,0.13208
-6.6851,-3.3646,4.9942,0.63436,1.2383,0.16345,0.16345,0.02181,0.75,1,0.075472
-6.6851,-3.1646,5.0792,0.39562,4.4508,0.30578,0.30578,0.054644,0.85358,1,0.35849
-6.6851,-3.1646,4.941,0.37264,0.031483,0.017555,0.017555,0.0099358,0.14642,1,0.35849
-6.6851,-2.9646,3.8008,0.40913,0.53307,0.0039934,0.0039934,0.14388,0.53936,1,0.5283
-6.6851,-2.9646,0.63186,0.39019,0.36491,-0.057087,-0.057087,0.04309,0.46064,1,0.5283
-6.6851,-2.5646,6.2229,0.70436,0.012944,-0.00071747,-0.00071747,0.0035971,0.42857,1,0.13208
-6.6851,-1.9646,2.0661,0.86816,2.0388,0.12976,0.12976,0.038702,1,1,0.11321
-6.6851,-1.3646,2.8844,0.68877,0.00017742,-0.00054525,-0.00054525,0.0016757,0.4,1,0.09434
-6.6851,1.0354,1.1136,1.1711,1.5575,0.020185,0.020185,0.0019003,0.75,1,0.075472
-6.6851,1.2354,3.8676,0.93561,1.7483,0.034679,0.034679,0.12842,1,1,0.13208
-6.6851,1.4354,2.3558,0.51646,0.00076943,0.0034437,0.0034437,0.018803,0.375,1,0.15094
-6.6851,1.6354,1.6407,0.41966,2.3038,0.21816,0.21816,0.050786,0.83334,1,0.22642
-6.6851,1.6354,0.018695,0.12819,0.0035444,-0.0064753,-0.0064753,0.01183,0.16666,1,0.22642
-6.6851,1.8354,6.0107,0.25973,0.086871,-0.025009,-0.025009,0.018764,0.42857,1,0.26415
-6.6851,2.4354,5.3512,0.18943,4.3835,0.18525,0.18525,0.068338,1,1,0.5283
-6.6851,2.6354,5.6385,0.076028,0.58978,0.016001,0.016001,0.0036597,0.44162,1,0.77358
-6.6851,2.6354,2.3359,0.24869,0.48718,-0.014877,-0.014877,0.065903,0.55838,1,0.77358
-6.6851,2.8354,1.7085,0.13556,1.5635,0.026323,0.026323,0.0044978,1,1,0.16981
-6.4851,-3.1646,1.4199,0.46998,2.0891,-0.11866,-0.11866,0.095161,1,1,0.26415
-6.4851,-2.9646,0.17681,0.49033,4.2022,-0.36842,-0.36842,0.073569,1,1,0.39623
-6.4851,-2.7646,6.1177,0.65786,1.9911,-0.28022,-0.28022,0.14055,1,1,0.28302
-6.4851,-2.3646,3.4159,1.1259,0.010014,-0.0096253,-0.0096253,0.010592,0.66667,1,0.11321
-6.4851,-2.1646,3.3154,0.89311,0.016255,0.031435,0.031435,0.096027,0.57143,1,0.13208
-6.4851,-1.5646,0.96051,0.97796,4.3788,-0.2902,-0.2902,0.037281,1,1,0.09434
-6.4851,1.2354,2.6286,1.0385,2.5527,0.088457,0.088457,0.13525,1,1,0.16981
-6.4851,1.4354,4.88,0.96211,4.6052,-0.65962,-0.65962,0.10489,1,1,0.11321
-6.4851,1.8354,5.8927,0.45831,0.11572,0.02437,0.02437,0.0090663,0.66667,1,0.11321
-6.4851,2.2354,5.1383,0.69254,0.004638,0.0027783,0.0027783,0.021082,0.5,1,0.11321
-6.4851,2.4354,2.4041,0.48455,1.0168,-0.069986,-0.069986,0.15867,0.77096,1,0.24528
-6.4851,2.4354,5.2714,0.37181,0.019699,-0.015002,-0.015002,0.026667,0.22904,1,0.24528
-6.4851,2.6354,1.7547,0.27518,2.1014,0.021245,0.021245,0.055343,0.75097,1,0.73585
-6.4851,2.6354,5.5015,0.031101,0.32954,0.00082068,0.00082068,0.00011076,0.24903,1,0.73585
-6.4851,2.8354,1.2253,0.26956,4.7541,-0.3459,-0.3459,0.031625,1,1,0.20755
-6.2851,-3.1646,4.7382,0.77911,2.5743,0.14852,0.14852,0.025934,1,1,0.11321
-6.2851,-2.9646,1.3143,0.57016,3.0231,-0.1653,-0.1653,0.063143,1,1,0.18868
-6.2851,-2.7646,0.26543,0.67699,1.4718,0.072258,0.072258,0.053787,1,1,0.24528
-6.2851,-2.5646,5.7839,0.68008,2.2189,0.14647,0.14647,0.05747,1,1,0.20755
-6.2851,-2.3646,3.6399,0.76706,0.041199,-0.060298,-0.060298,0.091759,0.66667,1,0.16981
-6.2851,-2.1646,4.1887,0.72642,2.9673,0.47543,0.47543,0.12269,1,1,0.11321
-6.2851,-1.5646,0.70574,1.0804,0.0059422,-0.0101,-0.0101,0.019376,0.6,1,0.09434
-6.2851,-0.56463,5.9051,0.99236,0.031444,-0.016997,-0.016997,0.0091872,0.5,1,0.075472
-6.2851,0.63537,3.4987,1.176,0.33203,-0.021303,-0.021303,0.0013668,0.4,1,0.09434
-6.2851,0.83537,1.9591,1.0929,0.7494,-0.081999,-0.081999,0.089113,1,1,0.09434
-6.2851,1.2354,1.2714,1.0429,1.9939,0.013947,0.013947,0.085021,1,1,0.13208
-6.2851,1.6354,6.2505,0.75247,3.3184,-0.68543,-0.68543,0.2266,1,1,0.13208
-6.2851,1.8354,5.1341,0.39373,2.6409,0.17234,0.17234,0.041983,1,1,0.16981
-6.2851,2.0354,5.3954,0.31566,0.52235,0.10183,0.10183,0.087333,0.71011,1,0.24528
-6.2851,2.0354,5.6145,0.67938,0.24859,-0.02485,-0.02485,0.0026027,0.28989,1,0.24528
-6.2851,2.2354,4.3961,0.44212,1.6639,-0.28403,-0.28403,0.13016,1,1,0.22642
-6.2851,2.4354,2.6831,0.57361,2.2315,0.021131,0.021131,0.11689,1,1,0.16981
-6.2851,2.6354,0.61142,0.51595,1.8211,0.22627,0.22627,0.063132,1,1,0.18868
-6.2851,2.8354,0.0032557,0.40745,1.8468,0.39696,0.39696,0.088037,0.7,1,0.18868
-6.2851,3.0354,0.50449,0.11933,2.1348,0.10471,0.10471,0.011449,1,1,0.11321
-6.0851,-2.9646,0.88476,0.80318,1.5508,-0.008272,-0.008272,0.00073753,0.8,1,0.09434
-6.0851,-2.7646,0.61411,0.80981,0.003117,-0.001356,-0.001356,0.00059004,0.42857,1,0.13208
-6.0851,-2.5646,0.88854,0.85794,2.6751,-0.38718,-0.38718,0.097052,1,1,0.18868
-6.0851,-2.3646,3.7692,1.0063,0.051643,-0.020625,-0.020625,0.14687,0.71429,1,0.13208
-6.0851,-2.1646,3.6701,0.94971,0.049807,-0.036582,-0.036582,0.048278,0.8,1,0.18868
-6.0851,-1.9646,3.5559,1.0232,0.048009,-0.017746,-0.017746,0.014401,0.66667,1,0.11321
-6.0851,-1.3646,0.74881,1.1294,0.004847,-0.0015111,-0.0015111,0.02791,0.66667,1,0.11321
-6.0851,-1.1646,0.82107,1.1619,1.5159,0.066445,0.066445,0.02217,1,1,0.11321
-6.0851,0.83537,2.3728,1.0942,13.435,0.69235,0.69235,0.038278,1,1,0.11321
-6.0851,1.0354,4.6128,1.1761,9.4066,0.6883,0.6883,0.05924,1,1,0.11321
-6.0851,1.6354,3.5917,1.1738,0.0095501,-0.0022601,-0.0022601,0.0029427,0.42857,1,0.13208
-6.0851,1.8354,5.0251,0.73061,1.6105,-0.21355,-0.21355,0.18844,1,1,0.16981
-6.0851,2.0354,6.0117,0.72078,0.34494,-0.017761,-0.017761,0.012044,0.41838,1,0.22642
-6.0851,2.0354,4.2663,0.35224,1.3591,-0.22569,-0.22569,0.058478,0.58162,1,0.22642
-6.0851,2.2354,3.2804,0.42474,7.2708,-0.93271,-0.93271,0.14248,1,1,0.18868
-6.0851,2.4354,5.565,0.62479,3.7996,0.40973,0.40973,0.0586,1,1,0.13208
-6.0851,2.6354,0.78301,0.77878,1.9431,0.27793,0.27793,0.055962,1,1,0.13208
-6.0851,2.8354,0.5957,0.50772,3.3383,0.41665,0.41665,0.12185,1,1,0.15094
-6.0851,3.0354,5.389,0.21625,3.1575,-0.30111,-0.30111,0.05281,1,1,0.15094
-5.8851,-2.5646,0.21175,1.044,0.033025,-0.011586,-0.011586,0.0096573,0.83333,1,0.11321
-5.8851,-2.1646,1.0489,0.97848,0.001751,0.0011357,0.0011357,0.00073658,0.22222,1,0.16981
-5.8851,-2.1646,3.6319,1.0472,0.025507,-0.01484,-0.01484,0.014254,0.55556,1,0.16981
-5.8851,-1.9646,0.55442,0.98905,0.17279,-0.0096832,-0.0096832,0.0052467,0.41667,1,0.22642
-5.8851,-1.9646,3.6222,1.0683,0.022921,-0.015551,-0.015551,0.019223,0.5,1,0.22642
-5.8851,-1.1646,0.57298,1.1627,0.044265,-0.0020191,-0.0020191,0.00045722,0.6,1,0.09434
-5.8851,0.63537,2.3424,1.0402,0.17624,0.042925,0.042925,0.014601,0.6,1,0.09434
-5.8851,0.83537,3.9448,1.0961,2.1212,0.069719,0.069719,0.015621,1,1,0.09434
-5.8851,2.0354,1.5969,0.78908,1.3848,0.072277,0.072277,0.077386,1,1,0.15094
-5.8851,2.2354,2.6544,0.55616,2.8415,-0.46236,-0.46236,0.11333,1,1,0.11321
-5.8851,2.4354,5.9326,0.57278,0.059411,0.03991,0.03991,0.067427,0.55556,1,0.16981
-5.6851,-2.1646,3.6372,1.0739,0.060223,0.04366,0.04366,0.16379,0.66667,1,0.11321
-5.6851,-1.9646,3.4858,1.0393,0.10999,0.098281,0.098281,0.14189,0.64286,1,0.26415
-5.6851,-1.9646,0.65167,1.0715,0.11526,-0.019229,-0.019229,0.0036374,0.28571,1,0.26415
-5.6851,-1.7646,0.30286,1.1122,4.2121,0.15337,0.15337,0.0073706,0.75,1,0.22642
-5.6851,-1.5646,1.05,0.96559,1.8806,0.063123,0.063123,0.085379,1,1,0.075472
-5.6851,0.43537,5.8859,1.1051,1.9095,-0.093738,-0.093738,0.021403,1,1,0.11321
-5.6851,1.4354,0.032616,1.0154,2.5916,-0.087514,-0.087514,0.028464,1,1,0.13208
-5.6851,1.6354,5.0158,0.98991,3.6407,-0.31298,-0.31298,0.037168,1,1,0.13208
-5.6851,1.8354,2.4268,0.9565,0.00047677,-0.0025987,-0.0025987,0.014165,0.4,1,0.09434
-5.6851,2.0354,1.7288,0.79301,1.3298,0.051386,0.051386,0.11445,1,1,0.18868
-5.6851,2.2354,0.14788,0.68083,3.5445,-0.7042,-0.7042,0.18979,1,1,0.18868
-5.6851,2.4354,5.8306,0.51307,2.8991,0.39052,0.39052,0.14277,1,1,0.16981
-5.6851,2.6354,6.2406,0.72205,0.0061947,-0.0025317,-0.0025317,0.0010503,0.5,1,0.11321
-5.4851,-2.1646,0.34325,1.1,0.10826,-0.0067059,-0.0067059,0.0022683,0.8,1,0.09434
-5.4851,-1.9646,3.6292,1.0404,0.039971,0.016943,0.016943,0.13803,0.6,1,0.18868
-5.4851,-1.9646,0.35701,1.0924,0.11696,-0.0090625,-0.0090625,0.0021926,0.4,1,0.18868
-5.4851,-1.7646,0.62218,0.87982,0.13529,-0.060805,-0.060805,0.10017,0.54545,1,0.20755
-5.4851,-1.5646,5.6173,1.1368,3.2855,0.015828,0.015828,0.0054505,0.88889,1,0.16981
-5.4851,-0.36463,0.86312,1.4479,0.0037228,-0.0010534,-0.0010534,0.00029808,0.5,1,0.075472
-5.4851,0.43537,5.413,1.0864,0.95111,-0.09013,-0.09013,0.029101,1,1,0.09434
-5.4851,1.2354,3.5997,1.1448,8.9957,-0.47714,-0.47714,0.030601,1,1,0.075472
-5.4851,1.4354,0.34941,1.056,0.89937,-0.044547,-0.044547,0.02915,1,1,0.09434
-5.4851,1.6354,1.2454,1.0465,2.1076,0.10143,0.10143,0.033818,1,1,0.15094
-5.4851,2.0354,2.3235,0.71228,1.0955,-0.0028186,-0.0028186,0.11142,1,1,0.11321
-5.4851,2.2354,2.1787,0.25623,0.35624,0.058583,0.058583,0.014483,0.33282,1,0.22642
-5.4851,2.2354,0.85288,0.96566,1.7133,0.13152,0.13152,0.05993,0.66718,1,0.22642
-5.4851,2.4354,0.28442,0.5783,0.28074,-0.10594,-0.10594,0.047164,0.7,1,0.18868
-5.2851,-1.7646,3.5039,1.1746,0.019143,-0.0031702,-0.0031702,0.0012511,0.5,1,0.11321
-5.2851,-1.5646,0.42162,1.217,4.2104,0.59539,0.59539,0.085774,0.55556,1,0.16981
-5.2851,-0.56463,0.42261,1.1868,0.18152,-0.041532,-0.041532,0.0095024,0.4,1,0.09434
-5.2851,-0.36463,1.9736,0.95942,0.021594,0.0015694,0.0015694,0.00011406,0.4,1,0.09434
-5.2851,0.03537,0.31432,1.1854,1.0488,-0.057104,-0.057104,0.029933,1,1,0.11321
-5.2851,0.63537,2.3937,1.1796,0.12735,-0.0049622,-0.0049622,0.00019335,0.4,1,0.09434
-5.2851,1.2354,5.711,1.1099,5.1975,0.18626,0.18626,0.0082744,1,1,0.075472
-5.2851,1.6354,1.5807,1.1282,2.1573,0.1338,0.1338,0.017412,1,1,0.11321
-5.2851,1.8354,2.4531,1.1587,0.02014,-0.014376,-0.014376,0.010262,0.5,1,0.075472
-5.2851,2.0354,5.9305,0.98681,4.4952,-0.57525,-0.57525,0.093612,1,1,0.13208
-5.2851,2.2354,6.0346,0.99211,3.5154,0.50353,0.50353,0.090243,1,1,0.11321
-5.2851,2.4354,0.21812,0.773,0.051749,-0.014363,-0.014363,0.052749,0.77778,1,0.16981
-5.0851,-2.1646,0.24803,1.1904,0.13323,0.013505,0.013505,0.0022139,0.8,1,0.09434
-5.0851,-1.5646,0.18101,1.1819,0.017985,0.0043244,0.0043244,0.0010397,0.22222,1,0.16981
-5.0851,-1.3646,3.0332,1.3367,0.6406,-0.10392,-0.10392,0.016858,0.5,1,0.075472
-5.0851,-1.1646,0.51723,1.1661,0.011989,-0.0067564,-0.0067564,0.0038075,0.5,1,0.075472
-5.0851,-0.76463,5.1337,1.1235,8.0258,0.54382,0.54382,0.037848,1,1,0.15094
-5.0851,0.23537,0.55402,1.305,1.2711,0.18957,0.18957,0.068458,1,1,0.09434
-5.0851,1.4354,2.4414,1.23,0.045653,-0.025491,-0.025491,0.014234,0.33333,1,0.11321
-5.0851,2.0354,6.0217,1.1042,0.072114,0.016166,0.016166,0.003624,0.5,1,0.075472
-5.0851,2.2354,5.984,1.1259,0.059235,0.0076635,0.0076635,0.0022882,0.5,1,0.15094
-5.0851,2.4354,0.1221,0.81258,0.017091,0.0059297,0.0059297,0.005108,0.5,1,0.15094
-4.8851,-1.5646,3.6233,1.1539,0.030883,-0.013417,-0.013417,0.030217,0.66667,1,0.11321
-4.8851,-1.3646,3.7533,1.1197,0.010818,-0.0008879,-0.0008879,0.014234,0.42857,1,0.13208
-4.8851,-0.76463,6.1323,1.1826,8.8404,0.55647,0.55647,0.036488,1,1,0.15094
-4.8851,-0.16463,0.1324,1.1677,0.4777,0.012785,0.012785,0.016932,1,1,0.11321
-4.8851,0.03537,0.31049,1.1059,0.19744,0.067267,0.067267,0.046509,1,1,0.09434
-4.8851,1.2354,5.9462,1.1477,5.3124,0.41571,0.41571,0.033564,1,1,0.075472
-4.8851,1.4354,1.305,1.1163,1.26,-0.053666,-0.053666,0.033332,1,1,0.11321
-4.8851,1.8354,4.3514,1.2196,3.0866,-0.14436,-0.14436,0.009254,1,1,0.13208
-4.8851,2.0354,3.5095,1.2458,1.647,-0.097146,-0.097146,0.007284,1,1,0.09434
-4.8851,2.2354,6.1425,1.1405,0.10606,-0.0022443,-0.0022443,0.00010955,0.42857,1,0.13208
-4.6851,-2.1646,0.15406,1.2163,0.025338,0.0033561,0.0033561,0.0016627,0.8,1,0.09434
-4.6851,-1.5646,0.36987,1.2421,0.007651,-0.0013505,-0.0013505,0.00023839,0.22222,1,0.16981
-4.6851,-0.16463,0.77409,1.2075,2.1079,0.21947,0.21947,0.050507,1,1,0.09434
-4.6851,0.03537,0.80258,1.0042,1.0093,0.13952,0.13952,0.02083,0.8,1,0.09434
-4.6851,0.83537,5.2974,1.2254,4.4877,0.11024,0.11024,0.0028685,1,1,0.075472
-4.6851,1.4354,1.0054,1.1244,1.2522,0.00083019,0.00083019,0.00066371,0.75,1,0.075472
-4.6851,1.8354,2.9087,1.2316,11.929,-0.29321,-0.29321,0.0078003,1,1,0.15094
-4.6851,2.2354,0.11412,1.2282,0.019446,-0.0032323,-0.0032323,0.0045807,0.8,1,0.09434
-4.4851,-1.7646,3.4575,1.2107,0.0016048,0.0014832,0.0014832,0.0013709,0.33333,1,0.11321
-4.4851,-1.3646,0.84063,1.1599,3.195,-0.086796,-0.086796,0.014678,1,1,0.13208
-4.4851,-0.96463,0.68889,1.2447,4.7456,0.44509,0.44509,0.050881,1,1,0.11321
-4.4851,-0.76463,5.2961,1.2075,2.116,-0.097066,-0.097066,0.013286,1,1,0.11321
-4.4851,-0.36463,1.2556,1.207,6.7306,-0.34011,-0.34011,0.019056,1,1,0.09434
-4.4851,0.03537,0.52521,1.032,0.13424,-0.030098,-0.030098,0.0067941,0.42857,1,0.13208
-4.4851,0.83537,3.3084,1.101,0.0017808,0.0026666,0.0026666,0.003993,0.5,1,0.075472
-4.4851,1.6354,0.66485,1.2366,1.2986,0.085134,0.085134,0.0082527,1,1,0.11321
-4.4851,1.8354,6.1501,1.2098,0.21062,-0.02546,-0.02546,0.0052126,0.6,1,0.09434
-4.4851,2.0354,6.2653,1.2626,0.004005,0.0029994,0.0029994,0.0022463,0.33333,1,0.11321
-4.4851,2.2354,6.1988,1.2346,0.016261,0.014483,0.014483,0.014482,0.57143,1,0.13208
-4.4851,2.4354,0.091772,1.0954,0.040074,0.0086546,0.0086546,0.018029,0.71429,1,0.13208
-4.2851,-1.9646,0.071315,1.2067,0.011869,0.0080385,0.0080385,0.0054442,0.5,1,0.075472
-4.2851,-1.5646,3.2762,1.3197,0.2079,0.039878,0.039878,0.018951,1,1,0.09434
-4.2851,-1.3646,0.53266,1.2991,0.078756,-0.0047568,-0.0047568,0.0002873,0.5,1,0.075472
-4.2851,-1.1646,0.53266,1.2991,0.078756,-0.0047568,-0.0047568,0.0002873,0.4,1,0.09434
-4.2851,0.03537,0.29849,1.1285,0.37315,-0.020899,-0.020899,0.013786,1,1,0.09434
-4.2851,1.2354,2.6082,1.2323,0.34076,-0.031221,-0.031221,0.0055301,1,1,0.075472
-4.2851,1.6354,6.005,1.2337,0.23612,-0.019175,-0.019175,0.004971,1,1,0.075472
-4.2851,2.4354,0.10345,1.0955,0.041379,0.0066389,0.0066389,0.018006,0.83333,1,0.11321
-4.2851,2.6354,0.1185,1.028,0.0031141,-0.0035668,-0.0035668,0.005583,0.6,1,0.09434
-4.0851,-2.3646,0.07465,1.2189,0.025987,0.011547,0.011547,0.0080023,0.5,1,0.11321
-4.0851,-1.9646,0.84438,1.2654,1.0127,0.0070169,0.0070169,0.0003535,0.66667,1,0.11321
-4.0851,-1.7646,0.17941,1.2728,0.019469,-0.003983,-0.003983,0.00084564,0.5,1,0.11321
-4.0851,-1.1646,0.69171,1.2849,2.8321,-0.092834,-0.092834,0.0031453,0.66667,1,0.11321
-4.0851,-0.96463,5.0058,1.2394,2.3789,-0.080815,-0.080815,0.01214,1,1,0.20755
-4.0851,-0.76463,0.16792,1.2482,1.8506,-0.20036,-0.20036,0.039101,0.70021,1,0.18868
-4.0851,-0.76463,3.6082,1.2405,0.020203,-0.0058445,-0.0058445,0.0020198,0.29979,1,0.18868
-4.0851,-0.56463,3.2687,1.6004,0.40842,0.025806,0.025806,0.0016305,0.5,1,0.075472
-4.0851,-0.16463,0.38934,1.3075,0.15956,-0.0063162,-0.0063162,0.00033409,0.75,1,0.075472
-4.0851,0.83537,3.2373,1.1368,0.010264,0.0037121,0.0037121,0.0013425,0.5,1,0.075472
-4.0851,1.0354,2.6759,1.2312,0.25986,-0.040116,-0.040116,0.014457,1,1,0.09434
-3.8851,-1.9646,1.0658,1.2604,1.1542,0.013791,0.013791,0.000371,0.75,1,0.075472
-3.8851,-1.3646,5.1769,1.2143,1.0247,-0.03786,-0.03786,0.022058,1,1,0.09434
-3.8851,-0.56463,5.9782,1.2562,3.461,-0.11084,-0.11084,0.0057005,1,1,0.09434
-3.8851,-0.16463,5.4327,1.2951,1.4987,-0.13153,-0.13153,0.028594,1,1,0.11321
-3.8851,1.0354,3.7285,1.2161,4.1438,0.18059,0.18059,0.012651,1,1,0.11321
-3.8851,1.2354,5.3619,1.3086,1.5002,0.10442,0.10442,0.0097279,1,1,0.075472
-3.8851,2.4354,6.276,1.2691,0.013308,0.010367,0.010367,0.0095156,0.5,1,0.11321
-3.8851,2.6354,0.16305,1.127,0.014873,-0.008561,-0.008561,0.029557,0.85714,1,0.13208
-3.6851,-2.5646,4.5142,1.084,2.2855,0.19172,0.19172,0.021179,1,1,0.09434
-3.6851,-2.3646,4.5214,1.0764,2.3137,0.17823,0.17823,0.017693,1,1,0.09434
-3.6851,-1.5646,4.6714,1.2752,1.8649,-0.052028,-0.052028,0.020406,1,1,0.16981
-3.6851,-1.1646,0.14229,1.3295,2.8084,-0.12808,-0.12808,0.0081026,1,1,0.075472
-3.6851,-0.56463,5.315,1.2587,2.3457,-0.18381,-0.18381,0.022521,1,1,0.15094
-3.6851,0.23537,0.66141,1.3032,0.004879,0.00086824,0.00086824,0.0001545,0.5,1,0.075472
-3.6851,0.83537,5.0443,1.3116,3.0197,0.087734,0.087734,0.0048273,1,1,0.11321
-3.4851,-2.3646,4.4987,1.0939,2.3743,0.21621,0.21621,0.025932,1,1,0.09434
-3.4851,-2.1646,2.4937,1.1671,1.8071,-0.069764,-0.069764,0.0097295,1,1,0.075472
-3.4851,-1.9646,5.1513,1.2373,1.6191,-0.081653,-0.081653,0.037285,1,1,0.13208
-3.4851,-1.7646,5.5069,1.2515,1.3547,-0.1078,-0.1078,0.037692,1,1,0.20755
-3.4851,-1.3646,2.4637,1.312,1.4315,0.039306,0.039306,0.014502,1,1,0.09434
-3.4851,-0.96463,0.13287,1.238,0.011009,0.0019658,0.0019658,0.000351,0.5,1,0.075472
-3.4851,-0.56463,5.6544,1.2385,3.5428,-0.21858,-0.21858,0.025181,1,1,0.13208
-3.4851,-0.36463,6.2516,1.3538,0.029327,-0.015177,-0.015177,0.0085831,0.6,1,0.09434
-3.4851,-0.16463,2.4051,1.2117,0.18912,0.025956,0.025956,0.0035623,0.4,1,0.09434
-3.4851,0.63537,0.45852,1.2145,1.2026,-0.024627,-0.024627,0.016743,1,1,0.13208
-3.4851,0.83537,0.48139,1.3412,0.010833,0.0039925,0.0039925,0.0014715,0.5,1,0.075472
-3.2851,-1.9646,4.9756,1.1275,1.3333,-0.10778,-0.10778,0.063044,1,1,0.11321
-3.2851,-1.7646,6.1264,1.1811,0.12041,0.014876,0.014876,0.0018635,0.5,1,0.11321
-3.2851,-0.16463,3.0874,1.3534,4.3934,-0.27834,-0.27834,0.024802,1,1,0.11321
-3.2851,0.23537,5.6509,1.2481,2.0831,-0.22493,-0.22493,0.035374,1,1,0.11321
-3.2851,0.43537,5.6598,1.2841,1.2921,-0.19271,-0.19271,0.032424,1,1,0.09434
-3.2851,0.63537,0.79064,1.193,1.5968,0.018256,0.018256,0.014613,1,1,0.075472
-3.2851,1.4354,2.6205,1.1658,1.7433,0.023211,0.023211,0.00031113,0.75,1,0.075472
-3.2851,2.6354,0.023165,1.1416,0.0036433,0.010651,0.010651,0.04497,0.66667,1,0.11321
-3.0851,-2.1646,2.9399,1.1114,3.906,-0.29675,-0.29675,0.033327,1,1,0.075472
-3.0851,-1.7646,0.92895,1.2718,3.2271,0.24295,0.24295,0.022085,1,1,0.15094
-3.0851,-1.3646,3.3371,1.248,0.0075263,-0.0095414,-0.0095414,0.015488,0.57143,1,0.13208
-3.0851,-0.96463,1.125,1.2574,2.5014,0.10828,0.10828,0.026878,1,1,0.13208
-3.0851,-0.76463,6.197,1.2185,0.20546,0.042304,0.042304,0.014917,0.57143,1,0.13208
-3.0851,-0.16463,2.966,1.2906,2.6016,0.15138,0.15138,0.010443,1,1,0.075472
-3.0851,1.0354,0.47297,1.2445,0.015703,-0.0058017,-0.0058017,0.01608,0.83333,1,0.11321
-3.0851,1.6354,0.33245,1.2766,0.089198,0.010346,0.010346,0.021823,0.83333,1,0.11321
-3.0851,1.8354,0.09383,1.2813,0.017128,-0.0050833,-0.0050833,0.0098253,1,1,0.09434
-3.0851,2.0354,6.2616,1.3195,0.028408,-0.0032616,-0.0032616,0.0082489,0.8,1,0.09434
-3.0851,2.4354,2.2497,1.1485,1.7904,0.0016362,0.0016362,0.00012016,0.75,1,0.075472
-2.8851,-1.7646,2.9986,1.4151,0.11984,0.032037,0.032037,0.011273,0.5,1,0.11321
-2.8851,-1.3646,3.3053,1.3217,0.0061714,-0.0043369,-0.0043369,0.0033643,0.5,1,0.11321
-2.8851,-1.1646,4.4717,1.1582,2.6918,0.088768,0.088768,0.015146,1,1,0.075472
-2.8851,-0.16463,2.9676,1.3349,0.014473,-0.0031103,-0.0031103,0.0039988,0.57143,1,0.13208
-2.8851,0.83537,0.63708,0.99546,0.010856,-0.0012767,-0.0012767,0.00015098,0.75,1,0.075472
-2.8851,1.8354,0.30499,1.3042,0.078724,-0.0022467,-0.0022467,0.018623,1,1,0.11321
-2.8851,2.0354,0.09166,1.3651,0.083457,0.013657,0.013657,0.01043,0.85714,1,0.13208
-2.8851,2.6354,0.09451,1.0821,0.020134,0.0038391,0.0038391,0.01296,0.8,1,0.09434
-2.6851,-3.1646,1.0558,0.070363,0.19597,0.020558,0.020558,0.0027576,0.75,1,0.15094
-2.6851,-2.7646,0.55418,1.3815,1.9574,-0.016109,-0.016109,0.0038946,0.57143,1,0.13208
-2.6851,-2.5646,1.2835,1.0233,8.3281,-0.56706,-0.56706,0.044554,1,1,0.09434
-2.6851,-0.76463,0.15917,1.2521,0.015319,0.0064201,0.0064201,0.010977,0.6,1,0.09434
-2.6851,-0.36463,3.2473,1.4786,4.4824,0.21317,0.21317,0.010523,1,1,0.075472
-2.6851,1.0354,0.71854,0.98557,0.028464,-0.00099846,-0.00099846,0.00024132,0.6,1,0.09434
-2.6851,1.8354,0.3456,1.3307,0.10699,-0.0043799,-0.0043799,0.018682,1,1,0.075472
-2.6851,2.6354,0.11331,1.0138,0.023822,0.014862,0.014862,0.011423,0.5,1,0.11321
-2.4851,-3.3646,1.3302,0.25358,3.5538,0.13724,0.13724,0.061555,1,1,0.32075
-2.4851,-3.1646,0.054515,0.34252,2.4646,-0.36467,-0.36467,0.14769,1,1,0.26415
-2.4851,-2.5646,2.2498,0.92188,0.19802,0.036193,0.036193,0.0066154,0.5,1,0.075472
-2.4851,-1.9646,0.54272,1.1551,5.5175,0.14678,0.14678,0.0068949,1,1,0.09434
-2.4851,-1.5646,6.1955,1.2437,0.20983,0.039316,0.039316,0.0090766,0.5,1,0.15094
-2.4851,-1.1646,4.6175,1.4129,2.1308,-0.096886,-0.096886,0.006882,1,1,0.11321
-2.4851,-0.76463,0.15917,1.2521,0.015319,0.0064201,0.0064201,0.010977,0.6,1,0.09434
-2.4851,1.0354,0.88753,0.92398,0.0034627,0.0035089,0.0035089,0.0035557,0.4,1,0.09434
-2.4851,1.8354,0.23655,1.231,0.14055,-0.066842,-0.066842,0.041618,0.75,1,0.15094
-2.4851,2.2354,0.07472,1.241,0.0098188,0.0022702,0.0022702,0.00052487,0.4,1,0.09434
-2.4851,2.6354,6.2471,1.4288,0.02135,0.0033307,0.0033307,0.00051961,0.4,1,0.09434
-2.2851,-3.5646,4.1203,0.29989,1.3153,-0.032052,-0.032052,0.00083762,0.6,1,0.09434
-2.2851,-3.3646,4.4513,0.37842,1.3862,0.040634,0.040634,0.14397,1,1,0.20755
-2.2851,-3.1646,5.4332,0.22116,0.002431,0.0037181,0.0037181,0.0056867,0.5,1,0.075472
-2.2851,-2.7646,2.651,0.64606,0.0055762,0.021774,0.021774,0.11663,0.5,1,0.11321
-2.2851,-2.1646,4.6988,1.1724,2.4635,0.084011,0.084011,0.010347,1,1,0.15094
-2.2851,-1.9646,4.4775,1.1752,2.4881,0.12218,0.12218,0.026069,1,1,0.13208
-2.2851,-1.7646,5.5721,1.2262,3.8076,-0.32906,-0.32906,0.039269,1,1,0.16981
-2.2851,-1.1646,4.8626,1.3521,3.762,-0.33534,-0.33534,0.036034,1,1,0.075472
-2.2851,0.83537,0.79053,1.29,5.2098,-0.25681,-0.25681,0.016815,1,1,0.075472
-2.2851,1.8354,0.2995,1.2314,0.11866,-0.05496,-0.05496,0.036526,0.875,1,0.15094
-2.2851,2.2354,3.2174,1.15,0.056291,0.0012619,0.0012619,0.018699,0.5,1,0.15094
-2.2851,2.4354,2.9807,1.17,0.038004,0.0076517,0.0076517,0.017752,0.57143,1,0.13208
-2.2851,2.6354,6.206,0.94105,0.0057638,-0.0089589,-0.0089589,0.013925,0.5,1,0.075472
-2.0851,-3.5646,2.5576,0.28814,3.3393,-0.27594,-0.27594,0.079304,1,1,0.26415
-2.0851,-3.3646,4.392,0.26024,0.53912,-0.13606,-0.13606,0.0538,0.54167,1,0.45283
-2.0851,-3.3646,1.1222,0.43111,0.5197,-0.26064,-0.26064,0.16911,0.45833,1,0.45283
-2.0851,-3.1646,1.3213,0.29859,0.083144,-0.013756,-0.013756,0.0081257,0.53846,1,0.24528
-2.0851,-2.9646,2.8759,0.6323,0.010332,-0.035104,-0.035104,0.12166,0.6,1,0.09434
-2.0851,-2.7646,1.9316,0.83512,1.2511,-0.43692,-0.43692,0.21834,1,1,0.13208
-2.0851,-2.1646,4.5388,1.1535,3.1061,0.14076,0.14076,0.014051,1,1,0.15094
-2.0851,-1.9646,3.4618,1.2475,0.051439,-0.006875,-0.006875,0.0053395,0.57143,1,0.13208
-2.0851,-1.7646,0.58803,1.1741,1.4032,-0.19734,-0.19734,0.027858,0.75,1,0.15094
-2.0851,-0.76463,5.9999,1.1691,2.7157,-0.10263,-0.10263,0.0047849,0.8,1,0.09434
-2.0851,-0.36463,3.066,1.3446,0.015458,-0.0043084,-0.0043084,0.0025012,0.5,1,0.11321
-2.0851,1.0354,3.4474,1.1479,0.10916,0.018171,0.018171,0.003025,0.5,1,0.075472
-2.0851,1.4354,0.79983,0.85707,0.0058538,-0.0035407,-0.0035407,0.0021583,0.5,1,0.11321
-2.0851,1.8354,0.76177,1.0579,0.83265,-0.11488,-0.11488,0.04003,1,1,0.13208
-2.0851,2.0354,0.21744,1.1399,0.092502,-0.043772,-0.043772,0.031263,0.875,1,0.15094
-2.0851,2.2354,3.2939,1.0333,0.036834,-0.014923,-0.014923,0.059934,0.625,1,0.15094
-1.8851,-3.7646,3.9614,0.10618,3.2774,-0.081846,-0.081846,0.0040811,1,1,0.09434
-1.8851,-3.5646,4.3108,0.36405,3.0353,0.12941,0.12941,0.081118,1,1,0.22642
-1.8851,-3.3646,5.418,0.30603,2.2478,0.029105,0.029105,0.078827,1,1,0.43396
-1.8851,-3.1646,1.5856,0.26822,3.7344,-0.013957,-0.013957,0.10978,1,1,0.58491
-1.8851,-2.9646,2.2665,0.55157,1.4598,0.22,0.22,0.10067,1,1,0.24528
-1.8851,-2.7646,3.3912,0.80977,3.0084,0.61548,0.61548,0.1692,1,1,0.13208
-1.8851,-2.3646,1.1956,0.51654,0.0064521,0.0014266,0.0014266,0.00031542,0.4,1,0.09434
-1.8851,-1.7646,0.71644,1.2916,3.781,0.14471,0.14471,0.007827,1,1,0.09434
-1.8851,-1.5646,0.08883,1.2158,0.014565,-0.0019114,-0.0019114,0.00049126,0.42857,1,0.13208
-1.8851,1.2354,0.67071,1.2388,0.20278,-0.025677,-0.025677,0.0034448,0.6,1,0.09434
-1.8851,1.4354,0.98528,0.94526,0.056067,0.03132,0.03132,0.023958,0.6,1,0.09434
-1.8851,1.6354,1.2826,1.0253,1.5339,-0.16145,-0.16145,0.048827,1,1,0.15094
-1.8851,2.0354,0.63874,1.1079,0.70598,-0.070992,-0.070992,0.031899,1,1,0.16981
-1.8851,2.2354,3.1868,0.97489,12.329,-0.82613,-0.82613,0.061121,1,1,0.24528
-1.8851,2.4354,2.6355,0.93499,4.0219,-0.40803,-0.40803,0.062256,1,1,0.18868
-1.8851,2.6354,0.28929,1.0492,0.11158,-0.0046992,-0.0046992,0.049877,0.875,1,0.15094
-1.8851,2.8354,6.2601,0.86085,0.00090691,-0.00088538,-0.00088538,0.00086436,0.5,1,0.075472
-1.6851,-3.7646,0.75613,0.13104,0.019908,-0.0017313,-0.0017313,0.0068492,0.42857,1,0.13208
-1.6851,-3.5646,1.4141,0.27304,3.1418,-0.23303,-0.23303,0.072482,1,1,0.33962
-1.6851,-3.3646,2.4137,0.24381,5.7357,-0.28396,-0.28396,0.085751,1,1,0.35849
-1.6851,-3.1646,3.1143,0.32034,3.7708,-0.32861,-0.32861,0.15078,1,1,0.5283
-1.6851,-2.9646,3.5225,0.66509,3.2452,0.38061,0.38061,0.12268,1,1,0.26415
-1.6851,-2.1646,1.2879,0.49294,0.015483,0.0050656,0.0050656,0.0026879,0.33333,1,0.16981
-1.6851,-1.7646,3.3064,1.4212,0.0037633,0.0022241,0.0022241,0.0026849,0.33333,1,0.16981
-1.6851,-1.3646,3.1455,1.4221,0.012509,0.001157,0.001157,0.00010702,0.4,1,0.09434
-1.6851,-0.96463,0.081455,1.1603,0.055354,0.01762,0.01762,0.0056085,0.33333,1,0.11321
-1.6851,1.4354,0.22798,1.2926,0.0006406,-0.0009957,-0.0009957,0.0015476,0.5,1,0.075472
-1.6851,1.8354,0.89684,1.0567,1.3688,-0.20031,-0.20031,0.061055,1,1,0.20755
-1.6851,2.0354,0.6798,0.87017,0.021804,0.012578,0.012578,0.00954,0.57143,1,0.13208
-1.6851,2.2354,3.3603,0.88794,8.5909,-0.65899,-0.65899,0.060873,1,1,0.22642
-1.6851,2.4354,3.3832,0.98189,0.0594,-0.026294,-0.026294,0.046005,0.625,1,0.15094
-1.6851,2.6354,0.38491,0.85248,0.34866,0.026732,0.026732,0.0048458,0.875,1,0.15094
-1.6851,2.8354,0.49234,0.86277,0.24034,-0.0065437,-0.0065437,0.0003372,0.57143,1,0.13208
-1.4851,-3.7646,2.8607,0.3457,2.8666,0.45555,0.45555,0.12369,1,1,0.13208
-1.4851,-3.5646,1.8594,0.33749,2.6307,-0.16344,-0.16344,0.083013,1,1,0.37736
-1.4851,-3.3646,2.0325,0.41308,3.2229,0.19394,0.19394,0.073353,1,1,0.26415
-1.4851,-3.1646,4.9785,0.5967,2.3688,0.36761,0.36761,0.12028,1,1,0.20755
-1.4851,-2.9646,5.762,0.92774,1.4117,0.16713,0.16713,0.039588,1,1,0.075472
-1.4851,-2.7646,3.5117,0.80256,1.6504,0.10371,0.10371,0.010526,1,1,0.075472
-1.4851,-1.7646,3.3135,1.3579,0.018017,-0.011731,-0.011731,0.0076459,0.42857,1,0.13208
-1.4851,-1.5646,3.2691,0.9644,6.8564,-0.63401,-0.63401,0.069034,1,1,0.075472
-1.4851,-0.96463,0.17122,1.1583,0.021175,0.011186,0.011186,0.0059098,0.4,1,0.09434
-1.4851,2.0354,0.67925,0.84079,0.021974,0.017236,0.017236,0.014854,0.5,1,0.15094
-1.4851,2.2354,0.91628,0.81216,1.6069,-0.011351,-0.011351,0.079712,1,1,0.16981
-1.4851,2.4354,3.5794,0.80889,0.15313,-0.0041974,-0.0041974,0.0021832,0.26667,1,0.28302
-1.4851,2.4354,6.1634,0.52339,0.43933,0.18833,0.18833,0.15797,0.35809,1,0.28302
-1.4851,2.4354,0.32733,0.83587,0.18983,-0.19962,-0.19962,0.2185,0.37524,1,0.28302
-1.4851,2.6354,6.214,0.8163,0.02942,0.0081207,0.0081207,0.0027192,0.57143,1,0.13208
-1.4851,2.8354,0.041774,1.0649,1.713,-0.021576,-0.021576,0.058133,1,1,0.11321
-1.4851,3.0354,0.45398,1.1098,0.16749,-0.092929,-0.092929,0.080038,1,1,0.075472
-1.2851,-3.9646,2.7065,0.086958,13.327,-0.21511,-0.21511,0.0038885,1,1,0.15094
-1.2851,-3.7646,3.7305,0.23173,1.8354,-0.29965,-0.29965,0.07763,0.52323,1,0.41509
-1.2851,-3.7646,0.97931,0.11472,0.31363,-0.0042088,-0.0042088,0.0063376,0.47677,1,0.41509
-1.2851,-3.5646,0.83276,0.33731,0.60836,-0.033897,-0.033897,0.087286,0.71123,1,0.45283
-1.2851,-3.5646,4.4351,0.22659,0.16262,-0.044556,-0.044556,0.028054,0.28877,1,0.45283
-1.2851,-3.3646,3.7585,0.39133,0.66057,-0.08838,-0.08838,0.070363,0.42064,1,0.4717
-1.2851,-3.3646,5.1489,0.36249,0.06957,0.066934,0.066934,0.067257,0.14003,1,0.4717
-1.2851,-3.3646,0.67765,0.2841,0.13715,-0.049887,-0.049887,0.047813,0.43933,1,0.4717
-1.2851,-3.1646,0.94672,0.50518,7.0529,0.50589,0.50589,0.064801,1,1,0.18868
-1.2851,-2.7646,2.3215,0.72124,0.20353,-0.023175,-0.023175,0.0026389,0.28571,1,0.13208
-1.2851,-2.5646,1.8567,1.057,1.7495,-0.24512,-0.24512,0.076615,1,1,0.09434
-1.2851,-1.5646,0.1772,1.236,0.019619,0.014978,0.014978,0.013872,0.44444,1,0.16981
-1.2851,-0.36463,3.3728,1.2697,0.02964,0.0028953,0.0028953,0.00056073,0.6,1,0.09434
-1.2851,1.4354,0.23147,1.2235,0.28865,-0.091588,-0.091588,0.02906,0.5,1,0.075472
-1.2851,1.6354,3.6138,0.95486,0.037214,-0.0016594,-0.0016594,0.098763,0.625,1,0.15094
-1.2851,2.2354,1.3655,0.62017,5.0531,0.81323,0.81323,0.16902,1,1,0.20755
-1.2851,2.4354,5.4879,0.66583,1.752,-0.10966,-0.10966,0.19887,1,1,0.30189
-1.2851,2.6354,5.4756,0.69054,1.3077,-0.061863,-0.061863,0.13666,1,1,0.16981
-1.0851,-3.9646,3.6502,0.08662,3.3163,-0.0047483,-0.0047483,0.0042003,0.95455,1,0.41509
-1.0851,-3.7646,1.141,0.11938,0.34179,-0.032551,-0.032551,0.0077328,0.33805,1,0.66038
-1.0851,-3.7646,4.3186,0.2812,0.69847,0.073921,0.073921,0.13806,0.66195,1,0.66038
-1.0851,-3.5646,0.094573,0.36426,1.8906,-0.21111,-0.21111,0.13851,1,1,0.49057
-1.0851,-3.3646,5.8983,0.45161,2.9112,-0.45519,-0.45519,0.16083,1,1,0.35849
-1.0851,-3.1646,0.72533,0.66904,0.00073441,-0.00076639,-0.00076639,0.00079976,0.2,1,0.18868
-1.0851,-3.1646,3.914,0.94011,0.019328,0.012887,0.012887,0.010792,0.4,1,0.18868
-1.0851,-2.9646,2.2997,0.48747,0.013069,-0.0086254,-0.0086254,0.0056927,0.33333,1,0.11321
-1.0851,-2.7646,2.3982,1.0424,1.4898,-0.043481,-0.043481,0.11797,1,1,0.11321
-1.0851,-2.5646,2.9156,1.115,1.0917,-0.19363,-0.19363,0.073592,1,1,0.075472
-1.0851,-2.3646,3.4507,0.91855,0.89956,-0.042616,-0.042616,0.002019,0.6,1,0.09434
-1.0851,-1.7646,3.4269,1.3016,0.0014715,-0.0014387,-0.0014387,0.0014066,0.4,1,0.09434
-1.0851,-1.5646,0.17803,1.234,0.019487,0.015144,0.015144,0.013856,0.44444,1,0.16981
-1.0851,-1.5646,3.5304,1.3176,0.0042432,0.0034821,0.0034821,0.0028574,0.22222,1,0.16981
-1.0851,1.8354,4.6857,1.0173,2.0828,0.39074,0.39074,0.085745,1,1,0.13208
-1.0851,2.2354,5.2892,0.7938,2.7083,-0.13197,-0.13197,0.15476,1,1,0.18868
-1.0851,2.4354,3.4691,0.78892,0.03012,-0.027465,-0.027465,0.12643,0.4423,1,0.16981
-1.0851,2.4354,0.39854,0.5349,0.94542,-0.058668,-0.058668,0.12641,0.5577,1,0.16981
-1.0851,3.0354,3.9385,0.45737,0.066865,-0.013975,-0.013975,0.027359,0.7,1,0.18868
-1.0851,3.2354,0.46776,0.7076,0.0083122,0.0091084,0.0091084,0.035999,0.5,1,0.26415
-1.0851,3.2354,3.8251,0.28771,0.034835,-0.024965,-0.024965,0.040408,0.42857,1,0.26415
-0.88514,-3.9646,5.3265,0.20693,0.067224,0.0072597,0.0072597,0.000784,0.5,1,0.075472
-0.88514,-3.7646,4.3473,0.27339,1.5333,-0.034594,-0.034594,0.097943,0.81023,1,0.39623
-0.88514,-3.7646,1.5123,0.081427,0.0014604,-0.00084198,-0.00084198,0.0023184,0.18977,1,0.39623
-0.88514,-3.5646,1.3817,0.40831,3.8025,-0.56291,-0.56291,0.14558,1,1,0.26415
-0.88514,-3.3646,0.26475,0.61343,5.924,-1.0032,-1.0032,0.20574,1,1,0.20755
-0.88514,-3.1646,2.3505,0.84688,1.5065,0.17053,0.17053,0.11523,1,1,0.11321
-0.88514,-2.7646,2.3622,1.0663,1.6256,-0.042247,-0.042247,0.094961,1,1,0.11321
-0.88514,-2.5646,0.35795,1.3729,0.0083065,-0.018518,-0.018518,0.041284,0.4,1,0.09434
-0.88514,-1.7646,3.5347,1.2527,0.10495,-0.057547,-0.057547,0.038867,0.85714,1,0.13208
-0.88514,1.8354,3.4865,0.8003,0.10787,0.027947,0.027947,0.036433,0.66667,1,0.11321
-0.88514,2.0354,3.4449,0.85828,0.15628,0.10921,0.10921,0.091896,0.57143,1,0.13208
-0.88514,2.2354,6.2791,0.7476,0.06818,-0.007437,-0.007437,0.17142,0.64286,1,0.26415
-0.88514,2.2354,2.9164,0.5986,0.42644,0.15267,0.15267,0.09847,0.35714,1,0.26415
-0.88514,2.4354,0.33709,0.68812,2.474,-0.19127,-0.19127,0.12853,1,1,0.22642
-0.88514,2.6354,1.9466,0.60343,0.01207,0.0045435,0.0045435,0.0017102,0.28571,1,0.13208
-0.88514,2.8354,1.31,0.82643,1.7493,-0.27381,-0.27381,0.14066,1,1,0.09434
-0.88514,3.0354,1.2631,0.37449,3.4896,0.65456,0.65456,0.15877,0.4584,1,0.41509
-0.88514,3.0354,4.1797,0.28004,0.12623,0.016815,0.016815,0.018935,0.5416,1,0.41509
-0.88514,3.2354,5.128,0.20324,3.3319,0.079506,0.079506,0.043536,1,1,0.98113
-0.88514,3.4354,5.4593,0.17801,5.3496,0.08258,0.08258,0.036301,1,1,0.98113
-0.68514,-3.7646,3.7513,0.19698,0.78498,-0.063019,-0.063019,0.029707,0.6131,1,0.33962
-0.68514,-3.7646,1.3816,0.11196,0.18375,-0.020652,-0.020652,0.004953,0.3869,1,0.33962
-0.68514,-3.5646,2.2572,0.18133,3.4104,-0.17399,-0.17399,0.027223,1,1,0.43396
-0.68514,-3.3646,1.5963,0.36837,3.151,-0.46328,-0.46328,0.1104,1,1,0.28302
-0.68514,-3.1646,1.1862,0.71306,3.6476,-0.67567,-0.67567,0.13404,1,1,0.11321
-0.68514,-2.7646,0.49788,0.68837,0.00019994,0.00034077,0.00034077,0.00058081,0.28571,1,0.13208
-0.68514,-2.5646,2.6408,0.78781,1.7442,-0.039313,-0.039313,0.2064,1,1,0.11321
-0.68514,-2.3646,2.2196,0.79396,2.8673,-0.33468,-0.33468,0.20972,1,1,0.18868
-0.68514,-1.9646,0.5263,1.3493,0.10592,0.0047999,0.0047999,0.0070358,0.66667,1,0.11321
-0.68514,-1.7646,0.40566,1.253,0.060373,-0.036031,-0.036031,0.021881,0.5,1,0.11321
-0.68514,-1.5646,0.16754,1.2093,0.020794,0.015075,0.015075,0.015424,0.4,1,0.18868
-0.68514,-1.5646,3.5676,1.2659,0.10637,-0.055911,-0.055911,0.033844,0.5,1,0.18868
-0.68514,1.6354,0.16821,1.2443,0.080039,-0.053216,-0.053216,0.041215,0.66667,1,0.11321
-0.68514,1.8354,0.26817,1.178,0.036373,-0.032734,-0.032734,0.034344,0.5,1,0.11321
-0.68514,2.0354,4.2482,0.51614,1.5721,-0.067557,-0.067557,0.12423,0.66678,1,0.16981
-0.68514,2.0354,0.10608,1.3284,0.0019726,-0.0028793,-0.0028793,0.0076368,0.33322,1,0.16981
-0.68514,2.2354,5.5281,0.64664,1.3718,-0.20241,-0.20241,0.1212,0.75204,1,0.30189
-0.68514,2.2354,2.6883,0.38767,0.2777,-0.10081,-0.10081,0.03842,0.24796,1,0.30189
-0.68514,2.4354,5.4265,0.71438,3.0002,-0.1606,-0.1606,0.10108,1,1,0.30189
-0.68514,2.6354,3.0936,0.54278,0.53781,-0.05287,-0.05287,0.0053588,0.5,1,0.11321
-0.68514,2.8354,3.8463,0.80552,3.6278,0.43612,0.43612,0.098034,1,1,0.15094
-0.68514,3.0354,5.6722,0.38055,0.7944,0.076322,0.076322,0.043286,0.59425,1,0.18868
-0.68514,3.0354,6.2074,0.49648,3.2938,-0.33314,-0.33314,0.035061,0.40575,1,0.18868
-0.68514,3.2354,5.7722,0.16624,3.9126,0.036119,0.036119,0.033261,1,1,0.96226
-0.68514,3.4354,5.7661,0.17206,4.9175,0.13738,0.13738,0.021072,1,1,1
-0.68514,3.6354,0.36914,0.2151,0.23178,0.0083733,0.0083733,0.0073014,0.47059,1,0.32075
-0.68514,3.6354,2.9761,0.16582,0.11977,-0.0062694,-0.0062694,0.0085513,0.52941,1,0.32075
-0.48514,-3.7646,3.5802,0.15015,0.010869,0.0088601,0.0088601,0.0072225,0.4,1,0.09434
-0.48514,-3.5646,5.9824,0.2451,6.1323,0.42452,0.42452,0.038373,1,1,0.18868
-0.48514,-3.3646,0.98117,0.3703,2.9102,0.30347,0.30347,0.1016,1,1,0.28302
-0.48514,-3.1646,1.0221,0.43477,3.0796,-0.44288,-0.44288,0.13885,1,1,0.18868
-0.48514,-2.9646,3.9799,0.40999,0.0064521,-0.0057914,-0.0057914,0.0051984,0.25,1,0.15094
-0.48514,-2.5646,1.04,0.64977,0.080401,0.026662,0.026662,0.0088416,0.22222,1,0.16981
-0.48514,-2.5646,4.2328,0.90438,0.089688,-0.10399,-0.10399,0.13674,0.44444,1,0.16981
-0.48514,-2.3646,4.6941,0.36187,0.023244,-0.0037398,-0.0037398,0.00060172,0.15384,1,0.24528
-0.48514,-2.3646,3.9451,0.82026,2.9915,0.24781,0.24781,0.1632,0.84616,1,0.24528
-0.48514,-2.1646,0.14807,0.74674,1.8022,0.17693,0.17693,0.14744,1,1,0.18868
-0.48514,-1.9646,0.019567,0.80611,1.8271,0.029632,0.029632,0.13704,1,1,0.13208
-0.48514,-1.7646,0.47654,1.3205,0.073244,-0.016139,-0.016139,0.0065354,0.6,1,0.09434
-0.48514,-1.3646,0.84061,1.1784,3.7405,0.25544,0.25544,0.026246,1,1,0.13208
-0.48514,-1.1646,0.47074,1.0989,0.11404,-0.02788,-0.02788,0.008919,0.6,1,0.09434
-0.48514,1.8354,0.20781,1.2575,0.032407,-0.030028,-0.030028,0.032243,0.57143,1,0.13208
-0.48514,2.0354,6.2143,0.79874,2.084,0.14603,0.14603,0.17755,0.78647,1,0.26415
-0.48514,2.0354,3.6391,0.70267,0.023388,-0.0048186,-0.0048186,0.0010286,0.21353,1,0.26415
-0.48514,2.2354,5.103,0.79577,1.7825,0.19173,0.19173,0.14474,1,1,0.22642
-0.48514,2.4354,4.7398,0.69189,2.2312,-0.0022635,-0.0022635,0.10897,1,1,0.24528
-0.48514,2.6354,4.5833,0.5541,1.3632,0.027415,0.027415,0.057521,1,1,0.30189
-0.48514,2.8354,4.5128,0.5836,1.2662,0.04565,0.04565,0.051004,1,1,0.26415
-0.48514,3.0354,4.8886,0.30595,2.1682,-0.077552,-0.077552,0.040124,1,1,0.41509
-0.48514,3.2354,4.3361,0.17395,3.3724,-0.073206,-0.073206,0.01702,1,1,0.5283
-0.48514,3.4354,4.9105,0.13498,4.0468,0.07553,0.07553,0.01056,1,1,0.5283
-0.48514,3.6354,6.0568,0.19171,0.66809,0.065577,0.065577,0.011314,1,1,0.13208
-0.28514,-3.3646,0.61963,0.37565,4.8017,0.47137,0.47137,0.064467,1,1,0.13208
-0.28514,-3.1646,6.01,0.5792,2.0216,-0.33869,-0.33869,0.11567,1,1,0.13208
-0.28514,-2.9646,1.7651,0.40665,2.0133,0.051904,0.051904,0.0061864,0.85714,1,0.13208
-0.28514,-2.7646,1.6932,0.6459,1.819,0.17439,0.17439,0.12808,1,1,0.15094
-0.28514,-2.5646,0.85939,0.51855,0.010591,-0.0038274,-0.0038274,0.0013831,0.28571,1,0.13208
-0.28514,-2.1646,3.9556,1.2292,0.0014566,-0.0048685,-0.0048685,0.016273,0.33333,1,0.11321
-0.28514,-1.7646,5.3266,1.0711,2.7798,-0.038387,-0.038387,0.090339,1,1,0.16981
-0.28514,-1.5646,0.48002,1.2331,0.070907,0.013315,0.013315,0.0025082,0.5,1,0.11321
-0.28514,-1.3646,0.20911,1.1884,0.011116,0.0090235,0.0090235,0.0078879,0.5,1,0.11321
-0.28514,-1.1646,0.4209,1.1121,0.073084,-0.03342,-0.03342,0.033094,0.66667,1,0.11321
-0.28514,-0.96463,4.9368,1.0371,0.94617,0.10933,0.10933,0.012777,0.6,1,0.09434
-0.28514,1.2354,0.99265,1.0727,4.9073,-0.25591,-0.25591,0.014103,1,1,0.075472
-0.28514,1.6354,4.7972,0.89114,0.0054695,0.0097954,0.0097954,0.018826,0.42857,1,0.13208
-0.28514,1.8354,5.0629,0.93127,2.8419,0.27507,0.27507,0.037288,1,1,0.09434
-0.28514,2.0354,5.3297,0.99072,0.2081,0.030893,0.030893,0.004586,0.28571,1,0.13208
-0.28514,2.2354,5.5756,0.92003,1.0154,0.14276,0.14276,0.060837,1,1,0.18868
-0.28514,2.4354,4.5563,0.7314,1.5544,-0.043078,-0.043078,0.049182,1,1,0.16981
-0.28514,2.6354,4.4139,0.61559,2.0236,0.12653,0.12653,0.1071,1,1,0.33962
-0.28514,2.8354,4.4002,0.57499,1.776,0.05083,0.05083,0.089334,1,1,0.39623
-0.28514,3.0354,4.066,0.36917,3.5389,-0.1176,-0.1176,0.070009,1,1,0.50943
-0.28514,3.2354,0.24694,0.23473,3.9133,0.21465,0.21465,0.046116,1,1,0.73585
-0.28514,3.4354,0.4519,0.24483,3.8621,0.30309,0.30309,0.040475,1,1,0.18868
-0.08514,-2.9646,5.867,0.73179,2.1948,-0.62449,-0.62449,0.18332,1,1,0.11321
-0.08514,-2.7646,1.6755,0.69978,2.3273,0.18633,0.18633,0.12527,1,1,0.13208
-0.08514,-2.1646,4.013,1.1583,0.12448,-0.037237,-0.037237,0.013095,0.5,1,0.11321
-0.08514,-1.7646,3.8673,1.2129,0.2497,-0.073645,-0.073645,0.027606,0.625,1,0.15094
-0.08514,-1.5646,0.59911,1.1003,0.071812,-0.033914,-0.033914,0.034073,0.44444,1,0.16981
-0.08514,-1.5646,3.4028,1.2444,0.00074683,-0.0033192,-0.0033192,0.015496,0.33333,1,0.16981
-0.08514,-1.3646,3.4016,1.3053,0.010107,-0.008167,-0.008167,0.018373,0.4,1,0.18868
-0.08514,-1.3646,0.40804,1.213,0.029273,-0.0070011,-0.0070011,0.0056564,0.4,1,0.18868
-0.08514,-0.96463,4.3337,0.93715,0.032957,0.00067448,0.00067448,0.0018468,0.42857,1,0.13208
-0.08514,-0.56463,4.488,0.98861,0.014926,0.01189,0.01189,0.0094712,0.4,1,0.09434
-0.08514,-0.16463,4.4131,1.2273,1.2872,0.04808,0.04808,0.015511,1,1,0.075472
-0.08514,0.03537,3.758,1.2353,0.23078,-0.015994,-0.015994,0.012312,1,1,0.09434
-0.08514,1.8354,6.0846,1.1802,4.3306,0.37169,0.37169,0.06739,1,1,0.24528
-0.08514,2.0354,0.34868,1.1123,3.8216,0.40789,0.40789,0.087249,1,1,0.20755
-0.08514,2.2354,1.7496,0.84396,3.3702,-0.34612,-0.34612,0.060107,1,1,0.20755
-0.08514,2.4354,5.7582,0.76985,2.9168,-0.033945,-0.033945,0.074025,1,1,0.22642
-0.08514,2.6354,5.7207,0.73746,4.2147,-0.47894,-0.47894,0.088948,1,1,0.18868
-0.08514,2.8354,1.4485,0.69436,3.3093,-0.30603,-0.30603,0.10453,1,1,0.28302
-0.08514,3.0354,1.7937,0.69565,0.10908,0.013629,0.013629,0.022092,0.25533,1,0.41509
-0.08514,3.0354,3.8869,0.35081,1.6068,0.09542,0.09542,0.073954,0.74467,1,0.41509
-0.08514,3.2354,4.9084,0.22375,4.4333,-0.30175,-0.30175,0.048764,1,1,0.83019
-0.08514,3.4354,4.8251,0.17688,6.6129,-0.31103,-0.31103,0.033725,1,1,0.86792
-0.08514,3.6354,4.3011,0.17594,5.0262,0.28228,0.28228,0.021002,1,1,0.32075
0.11486,-1.5646,0.30514,1.2219,0.013837,0.0034066,0.0034066,0.00083868,0.28571,1,0.13208
0.11486,-1.3646,0.58905,1.1144,0.063421,-0.020485,-0.020485,0.010255,0.625,1,0.15094
0.11486,-0.96463,0.38327,1.1794,0.06715,-0.049667,-0.049667,0.048729,0.66667,1,0.11321
0.11486,-0.76463,0.33715,1.2217,0.021538,0.0048952,0.0048952,0.0011126,0.33333,1,0.11321
0.11486,-0.56463,3.4271,1.3584,0.038346,0.0084436,0.0084436,0.0080101,0.5,1,0.11321
0.11486,0.43537,4.8424,1.1708,0.99038,0.0604,0.0604,0.016367,1,1,0.09434
0.11486,1.8354,4.6239,1.2724,1.9509,-0.021094,-0.021094,0.03911,1,1,0.13208
0.11486,2.0354,0.01995,1.3168,0.0075969,-0.0051905,-0.0051905,0.0038038,0.5,1,0.11321
0.11486,2.2354,0.10207,0.94305,3.5485,0.45882,0.45882,0.099487,1,1,0.13208
0.11486,2.4354,0.56819,0.98072,2.1839,0.19325,0.19325,0.061545,1,1,0.16981
0.11486,2.6354,3.3746,0.1877,1.4891,0.02726,0.02726,0.0082143,0.45453,1,0.20755
0.11486,2.6354,5.893,0.76215,3.7,0.049807,0.049807,0.01069,0.54547,1,0.20755
0.11486,2.8354,4.2596,0.35112,1.8529,0.01932,0.01932,0.10091,1,1,0.37736
0.11486,3.0354,4.9203,0.27089,3.2644,0.30191,0.30191,0.052129,1,1,0.37736
0.11486,3.2354,4.9038,0.22113,3.7711,-0.26387,-0.26387,0.043459,1,1,0.56604
0.11486,3.4354,5.6844,0.1993,2.7844,0.17831,0.17831,0.03222,0.83716,1,0.66038
0.11486,3.4354,1.7743,0.073097,0.06313,0.0028078,0.0028078,0.00085294,0.16284,1,0.66038
0.11486,3.6354,1.3689,0.19326,3.086,0.082065,0.082065,0.037032,1,1,0.24528
0.31486,-2.5646,3.734,0.97635,0.02509,0.023622,0.023622,0.099863,0.66667,1,0.11321
0.31486,-2.3646,3.7415,1.3355,0.0026225,-0.0027897,-0.0027897,0.0029675,0.5,1,0.075472
0.31486,-1.3646,0.20942,1.1652,0.006035,-0.0025255,-0.0025255,0.0010569,0.28571,1,0.13208
0.31486,-1.1646,0.5288,1.3084,0.11934,-0.039368,-0.039368,0.013134,0.42857,1,0.13208
0.31486,-0.36463,3.3765,1.3794,0.047152,0.011527,0.011527,0.0039428,0.5,1,0.11321
0.31486,2.0354,0.72433,1.0853,3.257,0.42294,0.42294,0.089284,1,1,0.15094
0.31486,2.4354,1.3098,0.87422,10.697,-0.71588,-0.71588,0.056302,1,1,0.20755
0.31486,2.6354,5.7447,0.85177,0.11081,0.11351,0.11351,0.14069,0.39808,1,0.28302
0.31486,2.6354,2.7213,0.49433,0.81817,-0.083863,-0.083863,0.08942,0.60192,1,0.28302
0.31486,2.8354,3.3783,0.34346,3.1744,-0.38252,-0.38252,0.11701,1,1,0.49057
0.31486,3.0354,5.781,0.27038,2.5594,0.049469,0.049469,0.027774,1,1,0.45283
0.31486,3.2354,5.6361,0.22737,1.5834,-0.02905,-0.02905,0.018503,1,1,0.37736
0.51486,-1.5646,0.33389,1.0476,0.021121,0.01401,0.01401,0.091331,0.66667,1,0.11321
0.51486,-1.1646,0.55235,1.146,0.00014019,-0.00208,-0.00208,0.030862,0.28571,1,0.13208
0.51486,-0.96463,0.55235,1.146,0.00014019,-0.00208,-0.00208,0.030862,0.33333,1,0.11321
0.51486,-0.36463,3.2695,1.3198,0.017442,0.0082018,0.0082018,0.0038591,0.5,1,0.11321
0.51486,-0.16463,0.3647,1.3024,0.18216,-0.039622,-0.039622,0.015324,0.57143,1,0.13208
0.51486,1.0354,2.7165,1.1372,0.003818,0.0016915,0.0016915,0.00074939,0.5,1,0.075472
0.51486,1.6354,5.9062,1.0424,2.2709,0.12931,0.12931,0.079733,1,1,0.16981
0.51486,1.8354,0.095069,1.1144,2.0688,0.24194,0.24194,0.079669,1,1,0.22642
0.51486,2.0354,0.058933,1.1161,1.999,0.2975,0.2975,0.083487,1,1,0.20755
0.51486,2.4354,2.3186,0.88323,3.8095,-0.35859,-0.35859,0.061399,1,1,0.16981
0.51486,2.6354,2.8043,0.60947,0.021452,-0.0042907,-0.0042907,0.0008582,0.16667,1,0.22642
0.51486,2.6354,5.6436,0.78679,2.317,0.19009,0.19009,0.065032,0.83333,1,0.22642
0.51486,2.8354,6.1035,0.54273,2.573,-0.072577,-0.072577,0.060058,1,1,0.18868
0.51486,3.0354,0.057002,0.3272,1.6198,0.067409,0.067409,0.053288,1,1,0.30189
0.51486,3.2354,5.9187,0.24721,1.9226,0.030663,0.030663,0.030804,1,1,0.33962
0.71486,-1.3646,0.22672,1.0923,0.028246,0.0022302,0.0022302,0.00017609,0.5,1,0.075472
0.71486,-0.76463,1.0405,1.2073,4.0421,0.24414,0.24414,0.033582,1,1,0.13208
0.71486,0.63537,1.7336,1.2095,13.676,0.3098,0.3098,0.0077193,1,1,0.09434
0.71486,2.2354,2.4972,0.89662,0.19301,0.05425,0.05425,0.01534,0.42857,1,0.13208
0.71486,2.6354,3.6601,0.66963,1.3337,-0.0054992,-0.0054992,0.0018264,0.71429,1,0.13208
0.71486,2.8354,4.8644,0.65006,1.1647,0.040125,0.040125,0.023694,1,1,0.11321
0.71486,3.2354,5.5916,0.28367,3.781,0.22497,0.22497,0.01355,0.8,1,0.09434
0.71486,3.4354,3.8541,0.18539,0.073802,0.0074355,0.0074355,0.00074912,0.5,1,0.075472
0.91486,-1.7646,0.41688,1.3066,0.021299,0.0033452,0.0033452,0.013819,0.8,1,0.09434
0.91486,-0.96463,0.39243,1.221,0.013168,-0.014395,-0.014395,0.026135,0.57143,1,0.13208
0.91486,-0.76463,0.43962,1.2194,0.011504,-0.015374,-0.015374,0.026202,0.5,1,0.15094
0.91486,0.43537,5.1013,1.3114,2.584,-0.22403,-0.22403,0.026525,1,1,0.075472
0.91486,1.8354,0.072913,1.1296,0.018567,0.0023055,0.0023055,0.00045688,0.8,1,0.09434
0.91486,2.0354,0.0023925,1.2572,0.025397,0.016493,0.016493,0.014115,0.57143,1,0.13208
1.1149,-1.9646,0.51775,1.2652,0.0094955,-0.002326,-0.002326,0.00056978,0.5,1,0.075472
1.1149,-0.96463,0.39899,1.2738,0.017405,0.0051375,0.0051375,0.0024673,0.66667,1,0.11321
1.1149,-0.56463,0.44284,1.3561,0.002495,-0.0080087,-0.0080087,0.025707,0.5,1,0.075472
1.1149,1.8354,6.1946,1.2251,2.4504,-0.099088,-0.099088,0.022051,1,1,0.16981
1.1149,2.0354,0.12277,1.3403,0.011187,-0.0078504,-0.0078504,0.012353,0.5,1,0.15094
1.1149,2.4354,2.244,0.89287,0.24668,-0.030128,-0.030128,0.0036796,0.22222,1,0.16981
1.1149,2.4354,6.2269,1.1259,0.027451,0.029579,0.029579,0.044021,0.55556,1,0.16981
1.3149,-1.3646,0.18103,1.0108,0.16419,0.078095,0.078095,0.10335,0.8,1,0.09434
1.3149,-0.96463,0.28412,1.1884,0.0030877,-0.0024765,-0.0024765,0.0036822,0.5,1,0.11321
1.3149,-0.76463,3.7439,1.1147,0.00085439,-0.0039858,-0.0039858,0.018594,0.22222,1,0.16981
1.3149,-0.76463,0.36583,1.2807,0.013179,0.0012027,0.0012027,0.016687,0.55556,1,0.16981
1.3149,2.0354,0.60386,1.1834,2.2873,-0.0059029,-0.0059029,0.023801,1,1,0.09434
1.3149,2.4354,6.193,1.1884,0.01757,0.0094519,0.0094519,0.029347,0.71429,1,0.13208
1.3149,2.6354,6.1487,1.151,0.020747,0.0017703,0.0017703,0.026987,0.83333,1,0.11321
1.5149,-1.5646,0.4318,1.3633,0.02087,-0.0059678,-0.0059678,0.010674,0.8,1,0.09434
1.5149,-1.1646,3.4737,1.2874,0.00011225,0.00031319,0.00031319,0.00087379,0.4,1,0.09434
1.5149,-0.76463,0.30714,1.2598,0.0030026,-0.00066229,-0.00066229,0.01622,0.66667,1,0.11321
1.5149,-0.36463,3.4737,1.2663,0.019983,-0.015635,-0.015635,0.024487,0.66667,1,0.11321
1.5149,-0.16463,3.4245,1.364,0.002489,0.0029335,0.0029335,0.0034574,0.5,1,0.075472
1.5149,0.63537,3.7097,1.3576,0.073925,-0.0098236,-0.0098236,0.0013055,0.6,1,0.09434
1.5149,0.83537,4.5987,1.3142,1.6492,0.052295,0.052295,0.0083906,1,1,0.075472
1.5149,1.8354,6.1546,1.0893,0.093479,0.024452,0.024452,0.013367,1,1,0.13208
1.5149,2.0354,6.1637,1.1962,0.097039,0.042405,0.042405,0.024519,0.875,1,0.15094
1.5149,2.4354,6.1876,1.1691,0.021386,0.010327,0.010327,0.033026,0.66667,1,0.11321
1.5149,2.6354,6.152,1.1553,0.020881,0.0017153,0.0017153,0.026615,1,1,0.09434
1.7149,-1.5646,3.6387,1.1847,0.10049,-0.033775,-0.033775,0.011871,0.6,1,0.09434
1.7149,-1.3646,1.9602,1.271,2.7208,0.11924,0.11924,0.032806,1,1,0.11321
1.7149,-0.76463,0.2416,1.1956,0.0044198,-0.00058541,-0.00058541,0.00011149,0.5,1,0.11321
1.7149,-0.56463,0.24582,1.26,0.078717,0.0057577,0.0057577,0.0025958,0.57143,1,0.13208
1.7149,-0.36463,3.4415,1.3083,0.021679,-0.01765,-0.01765,0.020077,0.71429,1,0.13208
1.7149,-0.16463,3.418,1.3398,0.016832,-0.014879,-0.014879,0.021349,0.625,1,0.15094
1.7149,1.8354,6.2311,1.1972,0.0012798,-0.0021077,-0.0021077,0.011687,0.57143,1,0.13208
1.7149,2.0354,6.264,1.2579,0.005192,-0.0029707,-0.0029707,0.0034863,0.375,1,0.15094
1.7149,2.2354,0.068027,1.31,0.0088188,0.0013703,0.0013703,0.0083521,0.5,1,0.11321
1.9149,-1.5646,0.48744,1.1462,4.1172,0.1738,0.1738,0.0094509,1,1,0.075472
1.9149,-1.3646,0.44556,1.2295,0.026604,0.015296,0.015296,0.036642,0.66667,1,0.11321
1.9149,-1.1646,0.45032,1.2065,0.027402,0.013154,0.013154,0.03876,0.66667,1,0.11321
1.9149,-0.56463,0.29385,1.2883,0.062404,0.0037382,0.0037382,0.017537,0.71429,1,0.13208
1.9149,-0.36463,0.22353,1.3299,0.088749,0.0083015,0.0083015,0.0154,0.6,1,0.09434
1.9149,1.8354,6.1886,1.0953,0.00045071,0.0012877,0.0012877,0.003679,0.5,1,0.075472
1.9149,2.2354,0.07445,1.2647,0.026678,0.0092417,0.0092417,0.011129,0.75,1,0.15094
1.9149,2.4354,6.2413,1.2295,0.010179,0.0042181,0.0042181,0.014281,0.85714,1,0.13208
2.1149,-1.7646,0.42708,0.92031,0.057428,0.0054302,0.0054302,0.020304,0.66667,1,0.11321
2.1149,-1.3646,0.30688,1.2552,0.023287,-0.0011651,-0.0011651,0.04285,0.57143,1,0.13208
2.1149,-1.1646,3.3635,1.2929,0.0011012,-0.00095183,-0.00095183,0.0014944,0.42857,1,0.13208
2.1149,-0.96463,3.4311,1.3412,0.012109,0.0050173,0.0050173,0.0036725,0.57143,1,0.13208
2.1149,-0.16463,3.4364,1.3044,0.030548,-0.018752,-0.018752,0.01718,0.8,1,0.09434
2.1149,2.6354,6.1961,1.1686,0.0032759,0.0045859,0.0045859,0.023296,0.83333,1,0.11321
2.3149,-1.7646,0.57852,0.84598,0.00039028,0.0014369,0.0014369,0.035375,0.5,1,0.11321
2.3149,-0.96463,0.98587,1.1845,16.446,0.85933,0.85933,0.048601,1,1,0.11321
2.3149,-0.36463,3.3307,1.5127,0.012438,-0.0016095,-0.0016095,0.016005,0.44444,1,0.16981
2.3149,-0.16463,3.3342,1.444,0.014448,0.0019544,0.0019544,0.0017132,0.42857,1,0.13208
2.3149,0.03537,3.483,1.2968,0.0060706,-0.0091623,-0.0091623,0.014446,0.5,1,0.15094
2.3149,0.23537,3.241,1.2613,0.094714,0.035971,0.035971,0.014083,0.5,1,0.11321
2.3149,2.0354,0.087065,1.2401,0.0029041,0.001744,0.001744,0.0023195,0.5,1,0.15094
2.3149,2.2354,0.026908,1.2297,0.0010012,0.0011404,0.0011404,0.0040122,0.57143,1,0.13208
2.3149,2.4354,0.04402,1.3452,0.00010424,0.00025203,0.00025203,0.00060935,0.5,1,0.075472
2.5149,-1.5646,0.68684,0.83672,0.0047006,0.0087705,0.0087705,0.021158,0.6,1,0.09434
2.5149,-0.56463,3.5326,1.3844,0.0047838,0.0029201,0.0029201,0.0017825,0.28571,1,0.13208
2.5149,-0.16463,3.4968,1.3682,0.0026568,-0.0031927,-0.0031927,0.0078858,0.66667,1,0.11321
2.5149,0.23537,3.45,1.2398,0.00096555,0.0015431,0.0015431,0.00915,0.42857,1,0.13208
2.5149,1.8354,5.6345,1.1846,1.3336,-0.060671,-0.060671,0.024039,1,1,0.16981
2.5149,2.0354,0.08217,1.225,0.0033644,0.0010543,0.0010543,0.00094905,0.8,1,0.09434
2.5149,2.2354,0.099177,1.3093,0.0017245,-0.0017339,-0.0017339,0.0058368,0.42857,1,0.13208
2.5149,2.4354,6.2436,1.2677,0.0027459,0.00072204,0.00072204,0.0081801,0.85714,1,0.13208
2.7149,-1.5646,0.45462,0.96125,0.030941,-0.0051784,-0.0051784,0.034039,0.8,1,0.09434
2.7149,-1.3646,0.34708,1.0854,0.024534,-0.011481,-0.011481,0.043516,0.625,1,0.15094
2.7149,-0.76463,0.29863,1.1306,0.12484,-0.034904,-0.034904,0.030375,0.57143,1,0.13208
2.7149,-0.56463,0.28845,1.2053,0.059785,-0.00058027,-0.00058027,0.0047378,0.77778,1,0.16981
2.7149,-0.36463,0.29892,1.2767,0.012126,0.0031736,0.0031736,0.00083459,0.33333,1,0.16981
2.7149,0.03537,3.4483,1.2855,0.00085377,0.0030523,0.0030523,0.011642,0.6,1,0.09434
2.7149,0.23537,5.8743,1.2981,4.192,0.25063,0.25063,0.022715,1,1,0.11321
2.7149,1.8354,0.12721,1.2217,0.04229,-0.015202,-0.015202,0.0089909,0.57143,1,0.13208
2.7149,2.0354,0.11444,1.2526,0.0027779,-0.00018534,-0.00018534,0.00010543,0.5,1,0.11321
2.9149,-0.56463,0.15474,1.201,0.084624,-0.047166,-0.047166,0.038606,0.75,1,0.15094
2.9149,-0.16463,0.2975,1.2821,0.021733,-0.011653,-0.011653,0.012478,0.55556,1,0.16981
2.9149,0.03537,3.4251,1.356,0.0086562,-0.0013074,-0.0013074,0.0018832,0.57143,1,0.13208
2.9149,0.23537,6.0264,1.2861,0.00031471,-0.00086961,-0.00086961,0.002403,0.33333,1,0.11321
2.9149,1.8354,0.05941,1.2298,0.0037235,0.00028401,0.00028401,0.00049502,0.6,1,0.09434
2.9149,2.2354,3.2707,1.3636,0.00035589,0.00051115,0.00051115,0.00073414,0.28571,1,0.13208
2.9149,2.4354,6.2698,1.2487,0.0075538,0.0064304,0.0064304,0.014839,0.72727,1,0.20755
3.1149,-1.1646,3.3793,1.3058,0.014078,0.0052296,0.0052296,0.0019796,0.5,1,0.11321
3.1149,-0.96463,3.3591,1.3299,0.03121,0.014537,0.014537,0.0086627,0.57143,1,0.13208
3.1149,-0.56463,0.37589,1.1028,0.01833,0.0099121,0.0099121,0.022078,0.66667,1,0.11321
3.1149,-0.36463,0.38555,1.1476,0.022575,0.0028291,0.0028291,0.013769,0.72727,1,0.20755
3.1149,-0.16463,4.297,1.2778,13.775,-0.46245,-0.46245,0.015921,1,1,0.15094
3.1149,0.03537,3.4979,1.4127,0.020513,0.0089563,0.0089563,0.0092216,0.71429,1,0.13208
3.1149,0.43537,3.314,1.2673,0.013938,-0.007263,-0.007263,0.0097441,0.57143,1,0.13208
3.1149,2.2354,3.3898,1.3009,0.011215,-0.0040238,-0.0040238,0.014648,0.57143,1,0.13208
3.1149,2.4354,6.2784,1.2837,0.0024197,0.0020443,0.0020443,0.0094524,0.625,1,0.15094
3.3149,-0.96463,0.17204,1.1828,0.10408,-0.01146,-0.01146,0.0017795,0.5,1,0.11321
3.3149,-0.36463,0.29626,1.1672,0.035486,-0.016939,-0.016939,0.015887,0.71429,1,0.13208
3.3149,-0.16463,0.39859,1.2097,0.0026512,0.0012866,0.0012866,0.0012251,0.42857,1,0.13208
3.3149,0.03537,0.42132,1.2241,0.0035392,0.001947,0.001947,0.0015407,0.36364,1,0.20755
3.3149,0.03537,3.4087,1.3808,0.051272,0.022465,0.022465,0.020815,0.54545,1,0.20755
3.3149,0.43537,3.3958,1.2312,0.010445,-0.0057422,-0.0057422,0.010339,0.57143,1,0.13208
3.3149,1.8354,6.2717,1.1906,0.0029771,-0.0051229,-0.0051229,0.0092673,0.8,1,0.09434
3.3149,2.2354,0.03993,1.2296,0.0096257,-0.0038091,-0.0038091,0.0016752,0.42857,1,0.13208
3.3149,2.4354,0.053366,1.2322,0.0050524,-0.003141,-0.003141,0.011399,0.875,1,0.15094
3.3149,2.6354,0.038875,1.1797,0.0034761,-0.0032882,-0.0032882,0.011215,1,1,0.075472
3.5149,-1.1646,0.31651,0.91929,0.0001063,0.0011203,0.0011203,0.011808,0.4,1,0.09434
3.5149,-0.96463,3.4794,1.3165,0.026414,-0.0066058,-0.0066058,0.001652,0.5,1,0.075472
3.5149,-0.36463,0.30514,1.1186,0.022627,-0.0038793,-0.0038793,0.033019,0.625,1,0.15094
3.5149,-0.16463,0.37098,1.2125,0.016066,-0.0066601,-0.0066601,0.017265,0.72727,1,0.20755
3.5149,0.03537,0.233,1.2494,0.065074,-0.011111,-0.011111,0.014671,0.7,1,0.18868
3.5149,0.23537,6.0736,1.2587,0.0084006,-0.0060446,-0.0060446,0.0043494,0.16667,1,0.22642
3.5149,0.23537,3.4054,1.3325,0.012977,-0.0040132,-0.0040132,0.0074964,0.58333,1,0.22642
3.5149,1.8354,0.010637,1.1896,0.00041893,-0.00094015,-0.00094015,0.0026875,0.5,1,0.11321
3.5149,2.0354,0.015155,1.1633,0.00056715,-0.0010539,-0.0010539,0.0019585,0.33333,1,0.11321
3.5149,2.2354,3.2286,1.3633,0.003308,0.0038339,0.0038339,0.0044436,0.28571,1,0.13208
3.5149,2.4354,0.037002,1.2866,0.0071165,-0.0047044,-0.0047044,0.0039771,0.5,1,0.22642
3.5149,2.6354,0.013538,1.2298,0.0027127,-0.0043912,-0.0043912,0.015366,0.83333,1,0.11321
3.7149,-1.1646,3.4204,1.2704,0.0065797,-0.0052344,-0.0052344,0.0042166,0.5,1,0.11321
3.7149,-0.96463,4.6575,1.1474,2.3126,-0.19754,-0.19754,0.031717,1,1,0.13208
3.7149,-0.76463,0.01519,1.1822,0.058811,-0.0026555,-0.0026555,0.0001199,0.25,1,0.15094
3.7149,-0.76463,3.3099,1.2182,0.062933,0.012928,0.012928,0.0031031,0.375,1,0.15094
3.7149,-0.36463,0.27267,1.0951,0.038601,0.017991,0.017991,0.031611,0.625,1,0.15094
3.7149,-0.16463,0.37073,1.2064,0.014477,-0.0023776,-0.0023776,0.0083945,0.5,1,0.15094
3.7149,0.03537,0.13011,1.2402,0.082748,0.0026689,0.0026689,0.01326,0.7,1,0.18868
3.7149,0.23537,3.592,1.4684,0.013404,0.010389,0.010389,0.0090257,0.29874,1,0.18868
3.7149,0.23537,0.64276,1.2445,1.2619,0.036359,0.036359,0.0052252,0.60126,1,0.18868
3.7149,0.43537,3.4321,1.3804,0.032985,0.016201,0.016201,0.0085266,0.57143,1,0.13208
3.7149,1.8354,6.2513,1.1291,0.0055216,0.0045587,0.0045587,0.0063811,1,1,0.075472
3.7149,2.0354,0.031087,1.1561,0.0019582,0.0017844,0.0017844,0.0020069,0.6,1,0.09434
3.9149,-0.96463,0.26897,0.91725,0.0019542,0.0016864,0.0016864,0.0099642,0.5,1,0.11321
3.9149,0.03537,0.2872,1.1959,0.060753,0.0040407,0.0040407,0.0067821,1,1,0.15094
3.9149,0.23537,3.4852,1.4363,0.044399,0.01283,0.01283,0.01011,0.46667,1,0.28302
3.9149,0.23537,0.26716,1.1314,0.055558,-0.012263,-0.012263,0.059409,0.53333,1,0.28302
3.9149,0.43537,3.4886,1.3108,0.011462,0.010978,0.010978,0.012626,0.6,1,0.18868
3.9149,0.63537,3.5023,1.2307,0.018252,0.0035808,0.0035808,0.0018342,0.57143,1,0.13208
3.9149,2.4354,6.2392,1.2022,0.0061161,-0.0051394,-0.0051394,0.014147,0.54545,1,0.20755
3.9149,2.4354,3.2105,1.3664,0.011679,0.0029954,0.0029954,0.002472,0.36364,1,0.20755
4.1149,-0.96463,3.2382,1.1961,0.017922,0.0050771,0.0050771,0.0014383,0.18182,1,0.20755
4.1149,-0.96463,0.22292,1.0106,0.033629,-0.022119,-0.022119,0.015388,0.45455,1,0.20755
4.1149,-0.76463,3.3448,1.2177,0.034641,0.008001,0.008001,0.0018979,0.3,1,0.18868
4.1149,-0.56463,6.0188,1.0727,2.3423,-0.15553,-0.15553,0.087039,1,1,0.15094
4.1149,-0.36463,3.2049,1.0591,0.034458,0.0039288,0.0039288,0.00044796,0.33333,1,0.11321
4.1149,-0.16463,6.0275,1.189,2.9681,-0.1831,-0.1831,0.022683,1,1,0.16981
4.1149,0.03537,0.17443,1.2098,0.12218,-0.00058612,-0.00058612,0.011026,0.875,1,0.15094
4.1149,0.23537,3.4715,1.404,0.011854,0.0034571,0.0034571,0.010369,0.5,1,0.15094
4.1149,0.43537,3.3681,1.2395,0.00052309,-0.0010511,-0.0010511,0.0044375,0.33333,1,0.16981
4.1149,0.63537,3.5143,1.3203,0.037747,0.021081,0.021081,0.021373,0.7,1,0.18868
4.1149,2.4354,6.1936,1.2217,0.0034859,0.00020475,0.00020475,0.0095496,0.6,1,0.18868
4.3149,-0.96463,0.21384,1.0683,0.042038,-0.023085,-0.023085,0.022918,0.6,1,0.18868
4.3149,-0.76463,0.5593,0.88066,0.21709,-0.10655,-0.10655,0.05731,0.55556,1,0.16981
4.3149,-0.36463,3.2993,1.3032,0.038456,0.01518,0.01518,0.03274,0.5,1,0.15094
4.3149,-0.16463,0.070386,1.1133,0.099888,0.001122,0.001122,0.02534,0.71429,1,0.13208
4.3149,0.03537,5.459,1.2286,2.0058,-0.13651,-0.13651,0.020142,1,1,0.13208
4.3149,0.23537,0.43656,1.1093,0.0049396,-0.00032019,-0.00032019,0.00036937,0.625,1,0.15094
4.3149,0.43537,3.5246,1.3369,0.013255,0.0042673,0.0042673,0.01163,0.66667,1,0.16981
4.3149,0.63537,3.5511,1.3574,0.010409,0.0085128,0.0085128,0.019157,0.75,1,0.15094
4.3149,1.8354,6.2053,1.1902,0.010457,0.012512,0.012512,0.026144,0.83333,1,0.11321
4.3149,2.0354,6.2775,1.3575,0.0013546,0.00051453,0.00051453,0.00019544,0.5,1,0.075472
4.3149,2.4354,6.1623,1.1772,0.0047666,-0.0026649,-0.0026649,0.0082145,0.5,1,0.15094
4.5149,-0.76463,0.18523,0.956,0.0069798,0.0026964,0.0026964,0.0010417,0.2,1,0.18868
4.5149,-0.76463,3.2957,0.88886,0.10758,0.029045,0.029045,0.17043,0.6,1,0.18868
4.5149,-0.56463,0.12242,1.0916,0.031695,-0.014077,-0.014077,0.028399,0.55556,1,0.16981
4.5149,-0.36463,0.05321,0.99486,0.0006269,-0.0044621,-0.0044621,0.036514,0.33333,1,0.16981
4.5149,0.03537,0.21708,1.1091,0.054154,-0.025862,-0.025862,0.023597,0.71429,1,0.13208
4.5149,0.43537,3.4603,1.4167,0.017573,-0.00048736,-0.00048736,0.0086591,0.5,1,0.18868
4.5149,0.43537,0.47354,1.165,0.02398,-0.007438,-0.007438,0.014064,0.5,1,0.18868
4.5149,0.63537,3.4703,1.2604,0.022205,0.011161,0.011161,0.022965,0.63636,1,0.20755
4.5149,0.63537,0.51152,1.2014,0.026501,-0.018889,-0.018889,0.029224,0.36364,1,0.20755
4.5149,0.83537,3.4235,1.1524,0.029678,0.012383,0.012383,0.0084729,0.5,1,0.11321
4.5149,2.4354,3.3063,1.2981,0.007945,-0.0052128,-0.0052128,0.034779,0.66667,1,0.16981
4.5149,2.6354,6.2588,1.257,0.008364,-0.0024263,-0.0024263,0.00070384,0.5,1,0.075472
4.7149,-0.76463,0.1584,0.9448,0.0060927,0.0023988,0.0023988,0.00094555,0.42857,1,0.13208
4.7149,-0.36463,3.2303,1.2063,0.033319,0.0092208,0.0092208,0.01656,0.57143,1,0.13208
4.7149,-0.16463,6.261,1.2042,0.057495,0.026319,0.026319,0.022002,0.625,1,0.15094
4.7149,0.43537,0.36503,1.2184,0.00046002,0.0014581,0.0014581,0.014649,0.57143,1,0.13208
4.7149,0.83537,3.5511,1.2837,0.036268,0.024021,0.024021,0.030493,0.71429,1,0.13208
4.7149,1.0354,0.559,1.0868,0.045151,0.0099963,0.0099963,0.0026466,0.5,1,0.11321
4.7149,1.8354,6.0844,1.2904,0.012335,0.0054148,0.0054148,0.012325,1,1,0.075472
4.7149,2.0354,6.0984,1.2458,0.024579,-0.0022651,-0.0022651,0.00098676,1,1,0.075472
4.7149,2.4354,6.209,1.1436,0.042735,-0.0097855,-0.0097855,0.010304,0.44444,1,0.16981
4.7149,2.4354,3.3191,1.3212,0.0011279,-0.00056841,-0.00056841,0.0020737,0.44444,1,0.16981
4.9149,-0.36463,0.04586,1.0476,0.020105,0.0094083,0.0094083,0.011346,0.5,1,0.18868
4.9149,-0.16463,6.2785,1.145,0.022369,0.014232,0.014232,0.019922,0.45455,1,0.20755
4.9149,0.03537,3.3869,1.4888,0.091481,0.0042163,0.0042163,0.00019432,0.5,1,0.075472
4.9149,0.23537,0.35862,1.1202,0.019002,0.0018156,0.0018156,0.034921,0.66667,1,0.11321
4.9149,0.43537,0.36972,1.1946,0.019283,0.0058308,0.0058308,0.0089123,0.85714,1,0.13208
4.9149,0.83537,3.5561,1.3071,0.028805,0.014294,0.014294,0.018485,0.69231,1,0.24528
4.9149,0.83537,0.5051,1.1114,0.046147,0.0015052,0.0015052,0.00021309,0.23077,1,0.24528
4.9149,1.8354,6.1929,1.2789,0.0098468,0.00087809,0.00087809,0.013317,0.66667,1,0.11321
5.1149,-0.96463,6.263,1.1614,0.018377,-0.0079077,-0.0079077,0.015253,0.66667,1,0.11321
5.1149,-0.76463,4.073,1.3216,1.4957,0.011853,0.011853,0.00041333,0.66667,1,0.11321
5.1149,-0.56463,3.5071,1.3214,0.0038514,0.0015456,0.0015456,0.00062026,0.5,1,0.075472
5.1149,-0.36463,0.14898,1.1124,0.083319,0.011834,0.011834,0.014455,0.625,1,0.15094
5.1149,0.43537,0.32913,1.1208,0.025992,-0.00083648,-0.00083648,0.00041332,0.5,1,0.15094
5.1149,0.63537,0.42169,1.122,0.017883,-0.00031942,-0.00031942,0.00042759,0.5,1,0.15094
5.1149,0.83537,3.4697,1.2107,0.039668,0.01369,0.01369,0.021286,0.5,1,0.15094
5.1149,1.6354,4.2453,1.1822,1.6096,0.031138,0.031138,0.0011466,0.75,1,0.075472
5.1149,2.2354,5.9763,1.0744,0.0057826,0.018936,0.018936,0.066794,0.625,1,0.15094
5.1149,2.4354,6.1247,1.0645,0.0099222,-0.027618,-0.027618,0.076876,0.22222,1,0.16981
5.1149,2.4354,3.2129,1.3311,0.010735,0.0078795,0.0078795,0.034726,0.55556,1,0.16981
5.1149,2.6354,3.2947,1.2935,0.01096,0.012017,0.012017,0.041552,0.8,1,0.09434
5.3149,-0.96463,0.03038,1.1595,0.013325,-0.0032674,-0.0032674,0.0097827,0.8,1,0.09434
5.3149,-0.56463,4.9093,0.9734,15.331,1.0109,1.0109,0.067177,1,1,0.11321
5.3149,-0.36463,0.21051,1.0178,0.071471,-0.0065554,-0.0065554,0.038576,0.66667,1,0.16981
5.3149,-0.16463,0.05528,1.136,0.018977,0.011488,0.011488,0.028824,0.57143,1,0.13208
5.3149,0.43537,0.38133,1.1367,0.021808,-0.003168,-0.003168,0.0022382,0.42857,1,0.13208
5.3149,0.63537,0.90515,1.1687,3.9195,0.22944,0.22944,0.036394,1,1,0.16981
5.3149,0.83537,0.63067,1.1052,0.0005507,0.00070941,0.00070941,0.013458,0.3,1,0.18868
5.3149,0.83537,3.6553,1.2683,0.0031899,-0.001213,-0.001213,0.0069959,0.5,1,0.18868
5.3149,1.0354,3.6712,1.2728,0.0039184,-0.00065784,-0.00065784,0.0059288,0.6,1,0.18868
5.3149,1.6354,6.1114,1.2872,0.0098701,0.0060864,0.0060864,0.011358,0.6,1,0.09434
5.3149,1.8354,6.1313,1.2619,0.0085973,0.0030525,0.0030525,0.010433,0.66667,1,0.11321
5.5149,-0.36463,0.15171,0.92845,0.034248,-0.032999,-0.032999,0.054121,0.625,1,0.15094
5.5149,0.43537,5.6841,1.0021,1.1764,-0.0074643,-0.0074643,0.03214,1,1,0.09434
5.5149,0.63537,0.36728,1.1089,0.026947,-0.010756,-0.010756,0.0053174,0.66667,1,0.11321
5.5149,0.83537,1.0377,1.0997,0.96998,-0.016158,-0.016158,0.0083646,0.62503,1,0.15094
5.5149,0.83537,3.6928,1.2815,0.00051991,0.00030068,0.00030068,0.0013028,0.37497,1,0.15094
5.5149,1.0354,3.7078,1.2445,0.0010613,-0.0014382,-0.0014382,0.0051,0.57143,1,0.13208
5.5149,1.2354,0.35549,1.2621,0.010086,0.012732,0.012732,0.016071,0.5,1,0.075472
5.5149,1.6354,2.2442,1.041,4.5317,-0.67048,-0.67048,0.11852,1,1,0.15094
5.5149,1.8354,5.6187,1.0142,1.0498,0.089285,0.089285,0.11952,1,1,0.15094
5.5149,2.0354,5.8776,1.0357,0.1559,0.092774,0.092774,0.072168,0.875,1,0.15094
5.5149,2.4354,0.079775,1.1462,0.0092093,-0.0068562,-0.0068562,0.0051044,0.5,1,0.075472
5.5149,2.6354,3.2673,1.0596,0.010654,0.0021826,0.0021826,0.00044711,0.5,1,0.075472
5.7149,-0.96463,6.2687,1.1491,0.011423,-0.0089444,-0.0089444,0.014227,0.71429,1,0.13208
5.7149,-0.36463,0.099258,1.1266,0.019018,0.0018525,0.0018525,0.0029479,0.45455,1,0.20755
5.7149,-0.36463,3.1896,1.2277,0.030018,-0.0033881,-0.0033881,0.0003824,0.18182,1,0.20755
5.7149,-0.16463,0.075864,1.138,0.018503,0.00169,0.00169,0.0032277,0.83333,1,0.11321
5.7149,1.2354,3.6495,1.2512,0.0055298,-0.0041252,-0.0041252,0.0093067,0.625,1,0.15094
5.7149,1.6354,3.6533,1.1765,0.0075143,-0.0084063,-0.0084063,0.0094042,0.2,1,0.18868
5.7149,1.8354,5.932,0.99877,0.35449,0.12381,0.12381,0.11125,1,1,0.15094
5.7149,2.0354,5.8437,1.1026,1.2532,0.030461,0.030461,0.01788,1,1,0.11321
5.9149,-0.36463,0.26147,1.0924,0.0043034,0.0065607,0.0065607,0.010002,0.25,1,0.15094
5.9149,0.23537,3.5997,1.2686,0.00079299,0.0008341,0.0008341,0.00087734,0.4,1,0.09434
5.9149,0.63537,3.7794,1.3794,0.0007759,0.00077395,0.00077395,0.00077201,0.25,1,0.15094
5.9149,0.63537,0.44253,1.219,0.099786,0.045201,0.045201,0.021868,0.5,1,0.15094
5.9149,0.83537,3.348,0.94322,15.566,-1.1728,-1.1728,0.09257,1,1,0.075472
5.9149,1.2354,6.1968,0.73436,0.35497,0.1578,0.1578,0.09593,0.5,1,0.15094
5.9149,1.4354,3.6096,1.2014,0.0015798,-0.0022185,-0.0022185,0.0031463,0.2726,1,0.20755
5.9149,1.4354,0.69444,0.92259,2.7774,0.53245,0.53245,0.2011,0.7274,1,0.20755
5.9149,1.6354,6.076,1.3026,0.021135,0.0049451,0.0049451,0.001157,0.28571,1,0.13208
5.9149,1.8354,6.0209,1.2298,0.0058718,-0.0027369,-0.0027369,0.0012931,0.6,1,0.09434
6.1149,-1.1646,4.5648,1.2206,2.6993,0.10792,0.10792,0.019488,1,1,0.075472
6.1149,-0.36463,0.17142,1.022,0.041467,-0.029954,-0.029954,0.040947,0.625,1,0.15094
6.1149,-0.16463,0.13286,1.145,0.05916,0.0048061,0.0048061,0.0031301,0.625,1,0.15094
6.1149,1.2354,0.44231,1.0632,0.1438,0.10962,0.10962,0.10543,1,1,0.11321
6.1149,1.4354,0.25333,1.0605,0.10951,0.046063,0.046063,0.087076,0.6,1,0.18868
6.1149,1.4354,3.5829,1.2103,0.010954,-0.0096591,-0.0096591,0.008519,0.3,1,0.18868
6.1149,1.6354,6.2658,1.2215,0.014697,0.0071329,0.0071329,0.0044164,0.66667,1,0.11321
6.1149,1.8354,5.1678,1.1804,1.5224,0.064303,0.064303,0.0058375,1,1,0.09434
6.1149,2.2354,0.48279,1.0415,0.083952,-0.0081216,-0.0081216,0.00078568,0.5,1,0.075472
6.1149,2.4354,3.3455,1.2058,0.0022659,-0.0020048,-0.0020048,0.0090199,0.66667,1,0.11321
6.1149,2.8354,0.31282,1.1567,4.7817,0.17647,0.17647,0.0074202,1,1,0.075472
6.3149,-0.36463,3.1745,1.1199,0.0028685,0.00070753,0.00070753,0.012391,0.66667,1,0.11321
6.3149,-0.16463,0.089122,1.1289,0.093532,0.011233,0.011233,0.0032067,0.71429,1,0.13208
6.3149,1.2354,0.33064,1.0165,0.037512,0.0053049,0.0053049,0.00075021,0.4,1,0.09434
6.3149,1.4354,3.4184,1.1568,0.026737,0.010511,0.010511,0.02653,0.57143,1,0.13208
6.3149,1.6354,6.0699,1.1209,1.3596,0.13057,0.13057,0.084405,0.72756,1,0.20755
6.3149,1.6354,3.5388,1.1766,0.018144,-0.0068329,-0.0068329,0.0026051,0.27244,1,0.20755
6.3149,1.8354,6.2148,1.2533,0.022688,0.0016551,0.0016551,0.0059219,0.57143,1,0.13208
6.3149,2.0354,0.15711,1.1399,0.0012917,-0.0025291,-0.0025291,0.0049519,0.5,1,0.075472
6.3149,2.4354,3.262,1.2193,0.024962,0.006473,0.006473,0.0020128,0.5,1,0.11321
6.5149,-0.36463,3.2895,1.1853,0.0081948,-0.0063517,-0.0063517,0.0049231,0.33333,1,0.11321
6.5149,1.4354,0.58525,0.95418,1.8164,0.19083,0.19083,0.082976,1,1,0.20755
6.5149,1.6354,6.0458,1.0674,1.6237,0.045463,0.045463,0.065876,1,1,0.32075
6.5149,1.8354,6.2332,1.2617,0.001388,-0.00074079,-0.00074079,0.0074421,0.42857,1,0.13208
6.7149,-0.96463,0.072827,1.1766,0.02634,-0.035699,-0.035699,0.065767,0.8,1,0.09434
6.7149,-0.56463,3.1793,0.97262,0.025082,0.010346,0.010346,0.013327,0.6,1,0.09434
6.7149,-0.16463,5.9809,1.0432,0.010899,0.0027515,0.0027515,0.00069459,0.33333,1,0.11321
6.7149,1.2354,5.7633,0.67266,0.11569,0.0062692,0.0062692,0.001257,0.5,1,0.15094
6.7149,1.4354,6.2475,1.1186,0.12139,-0.027465,-0.027465,0.0072687,0.36364,1,0.20755
6.7149,1.4354,3.5208,1.3128,0.0013083,0.0018736,0.0018736,0.0026832,0.18182,1,0.20755
6.7149,1.6354,3.2803,1.0802,3.697,0.20997,0.20997,0.020834,1,1,0.15094
6.7149,2.4354,3.3915,1.0934,0.037014,-0.01243,-0.01243,0.013709,0.8,1,0.09434
6.7149,2.6354,0.44628,0.8667,0.03324,-0.035042,-0.035042,0.03764,0.5,1,0.11321
6.9149,-0.36463,6.0532,0.94573,0.016942,-0.0079145,-0.0079145,0.0045385,0.5,1,0.11321
6.9149,0.43537,1.7718,0.95465,2.3531,0.24874,0.24874,0.052911,1,1,0.075472
6.9149,1.4354,3.365,1.0877,0.052339,-0.012324,-0.012324,0.021186,0.5,1,0.15094
6.9149,1.6354,0.21473,1.1383,0.070012,-0.025516,-0.025516,0.015846,0.625,1,0.15094
6.9149,1.8354,5.9453,1.1156,2.2638,0.0484,0.0484,0.030386,1,1,0.20755
6.9149,2.0354,0.42122,1.2496,0.13545,0.054503,0.054503,0.025217,0.57143,1,0.13208
6.9149,2.6354,3.3293,0.68617,0.023364,0.0081407,0.0081407,0.14907,0.66667,1,0.11321
7.1149,-0.36463,6.161,0.86582,0.0020802,-0.0033565,-0.0033565,0.0059503,0.3,1,0.18868
7.1149,-0.36463,3.0086,0.48699,0.1293,0.081943,0.081943,0.16004,0.6,1,0.18868
7.1149,-0.16463,6.161,0.86582,0.0020802,-0.0033565,-0.0033565,0.0059503,0.6,1,0.09434
7.1149,0.83537,3.687,1.2513,0.006727,-0.0047263,-0.0047263,0.00361,0.42857,1,0.13208
7.1149,1.0354,5.8381,1.1082,0.011156,-0.0049705,-0.0049705,0.0022146,0.28571,1,0.13208
7.1149,1.2354,5.9508,1.0149,0.035903,-0.044717,-0.044717,0.066922,0.66667,1,0.11321
7.1149,1.4354,4.4995,1.025,2.3594,-0.087991,-0.087991,0.044887,1,1,0.13208
7.1149,1.6354,4.9539,1.0912,1.7558,0.078434,0.078434,0.01535,1,1,0.075472
7.1149,1.8354,0.39553,1.1624,0.10924,0.00057301,0.00057301,0.024991,0.66667,1,0.16981
7.1149,2.0354,0.4602,0.83287,0.16858,-0.03325,-0.03325,0.0085846,0.42857,1,0.13208
7.1149,2.4354,3.5188,0.88199,0.083623,-0.019739,-0.019739,0.0057168,0.57143,1,0.13208
7.1149,2.6354,3.5002,1.0376,0.0013579,-0.0044491,-0.0044491,0.014577,0.28571,1,0.13208
7.3149,-0.56463,2.501,0.26848,0.048018,0.022829,0.022829,0.010853,0.33333,1,0.11321
7.3149,-0.36463,2.6843,0.19235,0.1433,0.022373,0.022373,0.014199,0.625,1,0.15094
7.3149,1.2354,0.18878,1.071,0.54689,-0.062286,-0.062286,0.0070939,0.5,1,0.075472
7.3149,1.4354,2.2498,0.95614,1.835,0.19404,0.19404,0.045288,1,1,0.09434
7.3149,1.8354,0.31136,1.0884,0.032839,-0.015868,-0.015868,0.012308,0.71429,1,0.13208
7.3149,2.0354,0.21884,1.1323,0.027485,-0.0073506,-0.0073506,0.0020319,0.33333,1,0.16981
7.3149,2.2354,0.51427,0.99088,0.098389,0.024517,0.024517,0.07661,0.66667,1,0.11321
7.3149,2.4354,3.4979,0.82223,0.093901,-0.022192,-0.022192,0.0061194,0.625,1,0.15094
7.3149,2.6354,3.4305,0.83219,0.067756,-0.050674,-0.050674,0.068044,0.75,1,0.15094
7.5149,1.0354,5.8248,1.1112,0.010242,-0.0022017,-0.0022017,0.01257,0.66667,1,0.11321
7.5149,1.2354,3.1783,1.051,0.396,0.066849,0.066849,0.011285,0.4,1,0.09434
7.5149,1.8354,3.4461,0.88699,0.014199,0.007611,0.007611,0.01349,0.57143,1,0.13208
7.5149,2.0354,0.27355,0.93568,0.16933,0.05403,0.05403,0.038094,0.75,1,0.15094
7.5149,2.2354,0.64872,0.90736,0.006372,-0.0052864,-0.0052864,0.0043858,0.28571,1,0.13208
7.5149,2.4354,3.4585,0.82127,0.035183,-0.0088956,-0.0088956,0.0039356,0.66667,1,0.11321
7.5149,2.6354,3.4157,0.82752,0.015937,-0.003867,-0.003867,0.0028775,0.36364,1,0.20755
7.5149,2.6354,0.47092,0.66278,0.010021,0.0051266,0.0051266,0.0052777,0.27273,1,0.20755
7.5149,2.8354,3.8507,0.15321,0.001176,0.0020593,0.0020593,0.0036061,0.7,1,0.18868
7.7149,0.63537,5.7516,1.0395,1.2605,0.049672,0.049672,0.044377,1,1,0.13208
7.7149,1.8354,3.4828,0.91088,0.011655,0.022559,0.022559,0.049268,0.57143,1,0.13208
7.7149,2.0354,0.36198,1.1113,0.02668,-0.0094203,-0.0094203,0.0087636,0.5,1,0.15094
7.7149,2.2354,2.0118,0.87672,1.9086,-0.040148,-0.040148,0.0039801,1,1,0.075472
7.7149,2.6354,3.4635,0.68262,0.067865,-0.051473,-0.051473,0.057804,0.625,1,0.15094
7.7149,2.8354,0.47398,0.93166,0.0005187,-0.0017402,-0.0017402,0.0058385,0.14286,1,0.26415
7.7149,2.8354,3.8183,0.12448,0.0020487,0.00046629,0.00046629,0.00010613,0.5,1,0.26415
7.7149,3.0354,3.5513,0.12625,0.21058,-0.0015538,-0.0015538,0.0001085,0.42105,1,0.35849
7.7149,3.0354,0.40663,0.62954,0.0041081,0.014365,0.014365,0.076156,0.26316,1,0.35849
7.9149,-0.36463,3.0318,0.74036,0.033413,0.0033414,0.0033414,0.00035729,0.6,1,0.09434
7.9149,0.63537,5.7433,1.0769,0.017724,-0.019877,-0.019877,0.032818,0.66667,1,0.11321
7.9149,0.83537,5.8667,1.1166,0.08965,-0.013112,-0.013112,0.0019803,0.42857,1,0.13208
7.9149,2.0354,3.355,0.70138,0.022017,-0.0092496,-0.0092496,0.0055434,0.42857,1,0.13208
7.9149,2.2354,1.928,0.84839,1.9484,-0.085038,-0.085038,0.035305,1,1,0.11321
7.9149,2.4354,0.64765,0.79389,0.028118,-0.037609,-0.037609,0.06039,0.5,1,0.18868
7.9149,2.6354,0.36987,0.62316,0.11323,0.056021,0.056021,0.082987,0.4,1,0.18868
7.9149,2.6354,3.3409,0.64228,0.080662,-0.029206,-0.029206,0.087388,0.6,1,0.18868
7.9149,2.8354,0.34217,0.34309,0.00011187,-0.00053191,-0.00053191,0.020818,0.375,1,0.15094
7.9149,3.0354,0.42325,0.54542,0.0032813,0.013907,0.013907,0.058953,0.17615,1,0.32075
7.9149,3.0354,4.6326,0.31,7.3405,0.66653,0.66653,0.080714,0.82385,1,0.32075
7.9149,3.2354,2.1799,0.26922,1.9127,-0.21184,-0.21184,0.026083,0.875,1,0.15094
8.1149,-0.56463,0.043792,0.53427,0.018494,-0.011833,-0.011833,0.01764,0.66667,1,0.11321
8.1149,-0.16463,1.6766,0.57347,1.0434,0.29665,0.29665,0.10005,1,1,0.11321
8.1149,0.03537,0.46523,0.23635,0.16645,0.020891,0.020891,0.0034741,1,1,0.075472
8.1149,0.43537,5.8461,1.2094,0.1229,0.027483,0.027483,0.0074447,0.6,1,0.09434
8.1149,0.83537,0.48183,1.0457,3.4535,-0.23236,-0.23236,0.022559,1,1,0.11321
8.1149,2.0354,3.5259,0.69973,0.0071219,-0.01138,-0.01138,0.018986,0.375,1,0.15094
8.1149,2.2354,3.3842,0.82549,0.0025235,0.0047097,0.0047097,0.0090388,0.33333,1,0.16981
8.1149,2.2354,0.43023,0.90704,0.0058523,-0.0028033,-0.0028033,0.0013429,0.22222,1,0.16981
8.1149,2.6354,1.3106,0.19807,2.1352,0.04096,0.04096,0.084342,1,1,0.33962
8.1149,2.8354,1.1858,0.24445,3.2422,-0.32728,-0.32728,0.10946,1,1,0.24528
8.1149,3.0354,0.64412,0.45876,0.98926,-0.20722,-0.20722,0.12816,1,1,0.11321
8.3149,-0.36463,3.6313,0.39037,1.4812,-0.1858,-0.1858,0.027326,0.66667,1,0.16981
8.3149,-0.36463,0.86924,0.42118,0.015095,-0.0017632,-0.0017632,0.00020665,0.33333,1,0.16981
8.3149,-0.16463,1.8847,0.4082,1.8435,0.18882,0.18882,0.095704,1,1,0.15094
8.3149,0.03537,0.55482,0.21297,0.2073,0.014057,0.014057,0.0017404,1,1,0.09434
8.3149,0.43537,5.778,1.0248,0.035797,-0.029258,-0.029258,0.029275,0.55556,1,0.16981
8.3149,0.63537,1.3949,0.76322,1.4704,-0.2785,-0.2785,0.12136,1,1,0.13208
8.3149,1.6354,2.6547,0.34852,0.61646,0.15223,0.15223,0.037827,0.57143,1,0.13208
8.3149,2.0354,3.9164,0.37374,0.11036,-0.0058882,-0.0058882,0.00031417,0.375,1,0.15094
8.3149,2.2354,4.8359,0.69886,1.9768,0.329,0.329,0.11426,1,1,0.20755
8.3149,2.4354,3.3719,0.83973,0.13551,-0.028494,-0.028494,0.006082,0.375,1,0.15094
8.3149,2.6354,2.0618,0.29322,4.3446,0.58984,0.58984,0.15301,1,1,0.35849
8.3149,2.8354,3.2132,0.81807,0.010742,0.0064352,0.0064352,0.0038552,0.5,1,0.075472
8.5149,-0.96463,4.9298,0.78104,2.4694,0.23442,0.23442,0.024417,1,1,0.075472
8.5149,-0.36463,4.1452,0.15259,0.022992,0.00065715,0.00065715,0.002803,0.29359,1,0.32075
8.5149,-0.36463,1.4634,0.34085,1.0523,0.12365,0.12365,0.068746,0.70641,1,0.32075
8.5149,-0.16463,0.5505,0.35221,2.9327,0.033243,0.033243,0.14598,1,1,0.22642
8.5149,0.43537,1.9514,0.41148,0.37461,0.0087007,0.0087007,0.00024636,0.375,1,0.15094
8.5149,0.43537,0.019745,0.87344,0.0031781,-0.0071596,-0.0071596,0.016129,0.25,1,0.15094
8.5149,0.63537,1.7379,0.4226,0.54537,0.011796,0.011796,0.00059894,0.625,1,0.15094
8.5149,0.83537,1.2213,0.32085,0.090298,-0.036698,-0.036698,0.015555,0.5,1,0.11321
8.5149,1.0354,3.1439,0.04966,0.0058267,-0.0012053,-0.0012053,0.00024932,0.5,1,0.075472
8.5149,1.4354,5.1784,0.21135,0.39276,0.077162,0.077162,0.017151,0.6,1,0.09434
8.5149,2.2354,4.8793,0.35748,1.8676,0.32043,0.32043,0.12205,1,1,0.26415
8.5149,2.4354,3.4115,0.67617,4.16,-0.41606,-0.41606,0.075212,1,1,0.20755
8.5149,2.6354,2.6187,0.67587,3.1245,-0.29852,-0.29852,0.059096,1,1,0.18868
8.7149,-0.96463,0.33972,0.85954,0.021122,-0.0093198,-0.0093198,0.014578,0.44444,1,0.16981
8.7149,-0.96463,3.2681,0.31391,0.021462,0.023974,0.023974,0.054072,0.55556,1,0.16981
8.7149,-0.36463,3.8193,0.1984,4.1841,-0.20804,-0.20804,0.015328,1,1,0.20755
8.7149,-0.16463,0.6185,0.2575,0.31498,0.082317,0.082317,0.021545,0.5,1,0.11321
8.7149,0.43537,5.6955,0.48619,0.24895,0.11272,0.11272,0.1208,0.69231,1,0.24528
8.7149,0.43537,2.5003,0.23924,0.19787,-0.0018726,-0.0018726,0.024388,0.30769,1,0.24528
8.7149,0.63537,2.9195,0.37571,2.9726,-0.45386,-0.45386,0.089499,1,1,0.11321
8.7149,0.83537,2.6445,0.081953,0.5027,-0.033059,-0.033059,0.0022519,0.75,1,0.075472
8.7149,2.2354,3.0426,0.34874,3.7469,-0.59444,-0.59444,0.16074,1,1,0.18868
8.7149,2.4354,3.3897,0.38506,3.7881,-0.50057,-0.50057,0.12273,1,1,0.22642
8.7149,2.6354,3.1558,0.48066,0.12077,-0.0078369,-0.0078369,0.0095247,0.75,1,0.15094
8.9149,-0.96463,0.63523,0.46291,0.029613,-0.036161,-0.036161,0.065499,0.49974,1,0.26415
8.9149,-0.96463,3.4576,0.14218,0.58614,0.024809,0.024809,0.012851,0.50026,1,0.26415
8.9149,-0.76463,0.8452,0.13879,10.488,-0.42771,-0.42771,0.020619,1,1,0.37736
8.9149,-0.16463,4.8972,0.11008,0.0069314,-0.0031025,-0.0031025,0.0013887,0.66667,1,0.22642
8.9149,0.03537,5.9897,0.22705,4.6927,0.31799,0.31799,0.032172,1,1,0.28302
8.9149,0.23537,5.7261,0.16867,0.15102,-0.016485,-0.016485,0.0023919,0.66667,1,0.22642
8.9149,2.4354,4.1836,0.29226,3.8163,0.23063,0.23063,0.071812,1,1,0.33962
8.9149,2.6354,2.7921,0.35625,4.8551,0.43261,0.43261,0.069759,1,1,0.45283
8.9149,2.8354,3.1002,0.35558,1.7602,0.19633,0.19633,0.08424,1,1,0.18868
9.1149,-0.96463,4.3714,0.14886,3.2951,0.16128,0.16128,0.016665,1,1,0.15094
9.1149,-0.76463,0.49689,0.48889,1.0346,-0.22172,-0.22172,0.047574,0.10577,1,0.5283
9.1149,-0.76463,5.8262,0.081106,3.1784,0.0064377,0.0064377,0.0039015,0.89423,1,0.5283
9.1149,-0.56463,0.81809,0.1083,0.043886,-0.002696,-0.002696,0.0005656,0.66667,1,0.28302
9.1149,-0.36463,5.3772,0.15213,2.4964,0.024682,0.024682,0.014314,0.94118,1,0.32075
9.1149,0.03537,5.9669,0.2075,2.432,0.10891,0.10891,0.015784,1,1,0.18868
9.1149,0.23537,6.2209,0.16024,2.8116,0.080609,0.080609,0.0092424,1,1,0.13208
9.1149,2.2354,4.0549,0.15118,0.74504,0.049196,0.049196,0.01359,1,1,0.09434
9.1149,2.4354,2.4214,0.22063,5.2126,-0.23865,-0.23865,0.058872,1,1,0.43396
9.1149,2.6354,2.2161,0.23745,5.0409,0.39269,0.39269,0.048667,1,1,0.50943
9.1149,2.8354,2.5518,0.18483,1.5916,-0.029517,-0.029517,0.0066695,1,1,0.15094
9.3149,-0.96463,5.2697,0.06729,0.068167,0.0072398,0.0072398,0.00077654,0.6,1,0.09434
9.3149,-0.76463,5.0631,0.090658,2.4058,-0.054645,-0.054645,0.0053543,0.92857,1,0.26415
9.3149,-0.56463,0.493,0.15351,0.087326,0.0048892,0.0048892,0.00027374,0.2,1,0.18868
9.3149,2.6354,1.0517,0.17677,2.2109,-0.054127,-0.054127,0.052881,1,1,0.13208
