97.5,1118,0.19265,31.048,0.0037974,-0.79257,-0.79257,509.59,1,1,0.21053
97.5,1138,0.20194,32.372,0.0031222,-0.26803,-0.26803,137.79,1,1,0.22807
97.5,1158,0.18983,32.672,0.00046214,-0.2248,-0.2248,110.67,0.6,1,0.17544
117.5,1098,0.1905,31.012,0.0033397,-0.94343,-0.94343,611.45,0.90909,1,0.19298
117.5,1118,0.19436,31.522,0.0040965,-0.86819,-0.86819,370.65,0.96875,1,0.5614
117.5,1138,0.18719,32.636,0.0037495,-0.45756,-0.45756,311.48,1,1,0.61404
117.5,1158,0.1947,31.249,0.0034345,-0.24379,-0.24379,158.75,1,1,0.5614
117.5,1178,0.20065,29.024,0.011255,0.088565,0.088565,133.93,1,1,0.35088
137.5,1098,0.17333,34.445,0.0042658,-0.97578,-0.97578,268.57,0.81818,1,0.19298
137.5,1118,0.1816,32.044,0.0043618,-0.93907,-0.93907,367.87,0.96774,1,0.54386
137.5,1138,0.19205,33.953,0.0037944,-0.72819,-0.72819,240.45,0.97778,1,0.78947
137.5,1158,0.19763,29.206,0.0077509,-0.045971,-0.045971,115.88,1,1,0.59649
137.5,1178,0.1826,27.566,0.009771,0.13193,0.13193,69.332,1,1,0.52632
137.5,1198,0.1974,25.378,0.020593,0.54091,0.54091,47.767,1,1,0.17544
157.5,1098,0.1641,34.251,0.0028869,-0.39462,-0.39462,127.96,1,1,0.17544
157.5,1118,0.22115,41.31,0.015037,-0.356,-0.356,347.23,0.95238,1,0.73684
157.5,1138,0.17812,35.37,0.0035499,-0.49492,-0.49492,146.7,0.6,1,0.61404
157.5,1138,3.8572,34.257,0.003588,0.087101,0.087101,2.1144,0.057143,1,0.61404
157.5,1158,0.18241,30.506,0.0067961,-0.11661,-0.11661,132.2,0.97778,1,0.78947
157.5,1178,0.18453,25.841,0.011803,0.29741,0.29741,41.316,1,1,0.54386
157.5,1198,0.1214,21.787,0.0031146,0.12211,0.12211,4.9436,0.5,1,0.17544
177.5,858,2.3498,28.009,0.042238,0.027006,0.027006,27.463,0.90909,1,0.19298
177.5,878,2.4747,25.818,0.040144,1.0403,1.0403,123.53,0.90909,1,0.19298
177.5,898,2.2028,35.02,0.0035958,-0.027865,-0.027865,1.3535,1,1,0.17544
177.5,918,2.226,30.985,0.0085852,0.12586,0.12586,31.458,1,1,0.21053
177.5,938,2.1927,31.042,0.0089658,-0.13215,-0.13215,30.667,1,1,0.22807
177.5,1098,0.3485,59.675,0.025423,-1.8611,-1.8611,152.71,0.90909,1,0.19298
177.5,1118,0.3407,51.278,0.026151,-0.10282,-0.10282,208.73,0.97561,1,0.7193
177.5,1138,0.26493,47.456,0.024374,0.27176,0.27176,302.26,0.74314,1,0.77193
177.5,1138,0.54217,48.371,0.0034261,-0.012792,-0.012792,0.33216,0.085027,1,0.77193
177.5,1138,0.24487,25.655,0.00023687,-0.018374,-0.018374,2.9001,0.12638,1,0.77193
177.5,1158,0.29008,40.559,0.029244,1.1159,1.1159,281.2,0.97778,1,0.78947
177.5,1178,0.26949,27.479,0.035227,0.71161,0.71161,43.076,1,1,0.7193
177.5,1198,0.4084,30.273,0.057672,1.2291,1.2291,57.14,1,1,0.35088
197.5,838,2.3099,30.173,0.02653,-0.088126,-0.088126,18.752,1,1,0.35088
197.5,858,2.3797,27.468,0.064667,1.1623,1.1623,87.738,0.96774,1,0.54386
197.5,878,2.3509,28.258,0.048518,0.062585,0.062585,84.603,0.97059,1,0.59649
197.5,898,2.3187,31.308,0.036222,-0.24321,-0.24321,55.12,1,1,0.59649
197.5,918,2.2128,32.976,0.008141,-0.064271,-0.064271,16.727,1,1,0.63158
197.5,938,2.2246,31.873,0.0086826,-0.062826,-0.062826,15.282,1,1,0.59649
197.5,958,2.1975,33.053,0.01018,-0.23275,-0.23275,8.3559,1,1,0.19298
197.5,1098,0.4109,56.301,0.012921,-1.0151,-1.0151,91.09,0.83333,1,0.21053
197.5,1118,0.40391,56.175,0.022352,-1.6457,-1.6457,135.2,0.96875,1,0.5614
197.5,1138,0.39459,57.088,0.018085,-1.1294,-1.1294,83.159,0.95652,1,0.80702
197.5,1158,0.36718,38.744,0.035436,0.17151,0.17151,233.37,0.97297,1,0.64912
197.5,1178,0.43569,36.841,0.045176,-0.018611,-0.018611,198.4,0.97674,1,0.75439
197.5,1198,0.56777,33.199,0.02468,0.62597,0.62597,49.508,1,1,0.54386
197.5,1218,0.6221,34.504,0.014089,0.38907,0.38907,41.091,1,1,0.17544
217.5,818,2.2963,28.886,0.01082,-0.52417,-0.52417,42.171,1,1,0.35088
217.5,838,2.2938,31.225,0.038605,0.8632,0.8632,39.895,1,1,0.52632
217.5,858,2.3189,28.766,0.048224,0.67204,0.67204,57.598,0.9697,1,0.57895
217.5,878,2.3861,26.586,0.068737,1.387,1.387,120.45,0.96552,1,0.50877
217.5,898,2.2077,35.025,0.0036759,-0.025868,-0.025868,1.6711,0.82353,1,0.29825
217.5,918,2.2463,32.753,0.0064656,-0.068428,-0.068428,6.0858,1,1,0.59649
217.5,938,2.2257,32.396,0.009735,-0.23405,-0.23405,9.3403,1,1,0.54386
217.5,958,2.2505,31.627,0.0064983,-0.065947,-0.065947,2.4773,1,1,0.17544
217.5,1098,0.4699,50.878,0.020392,-1.3894,-1.3894,107.06,0.83333,1,0.21053
217.5,1118,0.41073,55.656,0.015921,-1.1355,-1.1355,92.834,0.9375,1,0.5614
217.5,1138,0.40902,48.902,0.032873,-0.14402,-0.14402,195.26,0.97059,1,0.59649
217.5,1158,0.38051,57.289,0.01988,-1.3037,-1.3037,95.184,0.88,1,0.4386
217.5,1178,0.53204,32.641,0.029262,0.84701,0.84701,58.074,0.96154,1,0.45614
217.5,1198,0.58801,36.579,0.049947,1.4146,1.4146,87.147,0.97059,1,0.59649
217.5,1218,0.63384,33.592,0.035376,0.3896,0.3896,33.716,1,1,0.36842
237.5,798,2.3833,21.702,0.0031993,-0.13392,-0.13392,12.592,0.41756,1,0.35088
237.5,798,2.1736,36.424,0.0054313,-0.31868,-0.31868,22.662,0.58244,1,0.35088
237.5,818,2.3319,27.35,0.013502,-0.53306,-0.53306,50.2,1,1,0.52632
237.5,838,2.3087,29.266,0.012789,-0.5223,-0.5223,43.122,1,1,0.57895
237.5,858,2.3179,29.501,0.042871,0.64888,0.64888,64.945,0.93548,1,0.54386
237.5,878,2.3011,31.123,0.008503,-0.036332,-0.036332,24.362,1,1,0.29825
237.5,898,2.2381,33.641,0.0049718,-0.089617,-0.089617,3.7086,0.92,1,0.4386
237.5,918,2.2332,33.263,0.0059673,-0.1724,-0.1724,8.5524,1,1,0.52632
237.5,938,2.2478,32.326,0.006416,-0.16478,-0.16478,8.7295,1,1,0.52632
237.5,958,2.2434,32.162,0.0097236,-0.34463,-0.34463,15.981,0.90909,1,0.19298
237.5,1118,0.45289,43.223,0.039659,0.59391,0.59391,169.54,0.95238,1,0.36842
237.5,1138,0.39364,47.678,0.034673,0.40966,0.40966,224.08,0.625,1,0.5614
237.5,1138,4.0085,37.88,0.0029265,-0.38755,-0.38755,70.65,0.375,1,0.5614
237.5,1158,0.4255,35.04,0.058423,2.1822,2.1822,105.87,0.875,1,0.2807
237.5,1178,0.53526,40.636,0.084123,2.8481,2.8481,114.29,0.94118,1,0.29825
237.5,1198,0.62243,36.834,0.054511,1.0685,1.0685,78.026,0.94444,1,0.63158
237.5,1218,0.7077,35.724,0.047549,0.51933,0.51933,59.572,0.9697,1,0.57895
237.5,1238,0.8026,35.524,0.016421,-0.23175,-0.23175,30.419,1,1,0.35088
237.5,1258,0.8702,38.893,0.0073222,-0.40645,-0.40645,47.036,1,1,0.17544
257.5,778,2.2299,34.15,0.0072012,-0.29844,-0.29844,19.037,1,1,0.35088
257.5,798,2.2858,30.38,0.014665,-0.70716,-0.70716,55.334,1,1,0.52632
257.5,818,2.3089,27.723,0.018906,-1.0249,-1.0249,72.903,1,1,0.5614
257.5,838,2.3375,27.808,0.01404,-0.51554,-0.51554,50.836,1,1,0.50877
257.5,858,2.3217,29.007,0.010382,-0.35934,-0.35934,43.368,0.90476,1,0.36842
257.5,878,2.2703,32.448,0.0081113,-0.067239,-0.067239,8.8883,0.61111,1,0.63158
257.5,878,5.4208,45.359,0.0021851,0.098338,0.098338,8.901,0.30556,1,0.63158
257.5,898,2.2409,33.816,0.0072388,-0.079547,-0.079547,2.0202,0.78125,1,0.5614
257.5,918,2.2304,33.843,0.0049243,-0.082538,-0.082538,3.0819,1,1,0.52632
257.5,938,2.225,33.299,0.0072502,-0.21563,-0.21563,9.5915,0.95238,1,0.36842
257.5,1118,4.0083,37.453,0.0031922,-0.42356,-0.42356,74.888,1,1,0.19298
257.5,1138,4.0094,37.462,0.0059153,-0.67069,-0.67069,92.073,0.69697,1,0.57895
257.5,1138,0.43588,35.568,0.058348,2.3168,2.3168,114.81,0.30303,1,0.57895
257.5,1158,4.0181,37.146,0.0057392,-0.67989,-0.67989,90.728,0.88462,1,0.45614
257.5,1178,0.52853,37.381,0.0017441,0.34454,0.34454,99.128,0.77778,1,0.31579
257.5,1198,0.68948,37.856,0.06029,0.65339,0.65339,99.753,0.96,1,0.4386
257.5,1218,0.79181,35.602,0.016219,-0.50765,-0.50765,54.329,0.97143,1,0.61404
257.5,1238,0.84636,35.678,0.0093156,-0.20616,-0.20616,41.266,0.9697,1,0.57895
257.5,1258,0.86303,37.958,0.0082123,-0.28252,-0.28252,46.403,1,1,0.52632
257.5,1278,0.8566,36.103,0.0046471,-0.19406,-0.19406,32.341,1,1,0.35088
277.5,758,2.294,32.747,0.0075939,-0.38787,-0.38787,48.932,1,1,0.35088
277.5,778,2.2616,32.932,0.0035292,-0.049903,-0.049903,6.8525,1,1,0.52632
277.5,798,2.2405,33.772,0.0065026,-0.2628,-0.2628,20.987,1,1,0.57895
277.5,818,2.3193,28.427,0.012691,-0.6286,-0.6286,58.171,0.96552,1,0.50877
277.5,838,2.2596,32.536,0.0053921,-0.097046,-0.097046,3.5144,0.47619,1,0.36842
277.5,858,5.3977,44.279,0.0021854,0.075442,0.075442,9.546,0.92,1,0.4386
277.5,878,5.4022,44.504,0.0019738,0.081074,0.081074,8.5869,0.65625,1,0.5614
277.5,878,2.3191,30.843,0.0052871,0.088088,0.088088,13.352,0.3125,1,0.5614
277.5,898,5.4179,45.435,0.0023087,0.11063,0.11063,9.7274,0.5,1,0.35088
277.5,918,2.2065,34.437,0.0040961,-0.044654,-0.044654,0.6138,0.90909,1,0.19298
277.5,1138,4.0187,36.806,0.0065949,-0.74777,-0.74777,95.078,1,1,0.54386
277.5,1158,4.0239,36.219,0.0077998,-0.87948,-0.87948,107.15,0.66667,1,0.57895
277.5,1158,0.5271,37.068,0.0015399,0.29383,0.29383,85.488,0.30303,1,0.57895
277.5,1178,0.6225,41.8,0.01517,0.73393,0.73393,166.43,0.66667,1,0.57895
277.5,1198,0.59874,39.635,0.014963,0.50655,0.50655,125.59,0.90476,1,0.36842
277.5,1218,0.77564,37.505,0.012186,-0.6393,-0.6393,76.925,1,1,0.33333
277.5,1238,0.85534,37.871,0.0087331,-0.26753,-0.26753,53.078,0.96154,1,0.45614
277.5,1258,0.83643,36.34,0.020261,0.10182,0.10182,33.205,0.97619,1,0.73684
277.5,1278,0.83963,34.966,0.0041099,-0.040259,-0.040259,19.378,1,1,0.52632
297.5,738,2.4188,16.504,0.013985,-0.60794,-0.60794,45.974,0.55318,1,0.35088
297.5,738,2.2809,38.534,0.0053912,-0.045938,-0.045938,12.967,0.44682,1,0.35088
297.5,758,2.297,31.787,0.0085526,-0.51036,-0.51036,69.842,1,1,0.54386
297.5,778,2.2639,34.11,0.0067799,-0.23346,-0.23346,28.382,0.93939,1,0.57895
297.5,778,2.3805,22.284,0.00087025,-0.0023823,-0.0023823,0.0065214,0.060606,1,0.57895
297.5,798,2.2544,32.901,0.0045749,-0.076199,-0.076199,8.3472,0.86207,1,0.50877
297.5,818,2.2714,30.99,0.011589,-0.66529,-0.66529,57.498,0.57143,1,0.36842
297.5,818,5.3751,41.475,0.0039864,0.066222,0.066222,10.964,0.42857,1,0.36842
297.5,838,2.2578,32.821,0.0040522,-0.074745,-0.074745,2.5311,0.2,1,0.61404
297.5,838,5.3913,42.521,0.0025552,0.01215,0.01215,14.963,0.8,1,0.61404
297.5,858,5.3705,42.94,0.0012988,0.042847,0.042847,8.429,0.81818,1,0.57895
297.5,858,2.2397,33.377,0.00040556,-0.030317,-0.030317,2.3608,0.090909,1,0.57895
297.5,878,5.3932,44.17,0.0017512,0.059481,0.059481,8.9535,0.96875,1,0.5614
297.5,898,5.3817,43.564,0.00093901,0.025294,0.025294,6.5545,1,1,0.17544
297.5,1158,0.7402,49.147,0.0057006,-0.39592,-0.39592,152.93,0.5,1,0.35088
297.5,1178,0.66347,43.593,0.015307,0.17551,0.17551,133.5,0.96774,1,0.54386
297.5,1198,0.75677,47.62,0.0082314,-0.66636,-0.66636,133.82,0.92593,1,0.47368
297.5,1218,0.78625,34.143,0.016805,-0.37895,-0.37895,14.725,0.625,1,0.14035
297.5,1238,1.1816,44.031,0.0023455,0.019884,0.019884,1.8169,0.17312,1,0.29825
297.5,1238,0.74781,34.937,0.03016,0.12248,0.12248,27.689,0.82688,1,0.29825
297.5,1258,0.83684,38.144,0.036191,0.37416,0.37416,43.037,0.96154,1,0.45614
297.5,1278,0.82505,33.115,0.018815,-0.012941,-0.012941,7.5787,0.88235,1,0.59649
297.5,1278,1.0555,42.614,0.02576,0.024031,0.024031,0.022418,0.058824,1,0.59649
297.5,1298,0.83884,33.762,0.0057313,-0.066415,-0.066415,12.166,0.80645,1,0.54386
297.5,1318,0.8511,31.567,0.0048799,-0.016111,-0.016111,2.5589,1,1,0.35088
317.5,718,2.3307,31.369,0.015494,-1.4355,-1.4355,241.04,1,1,0.35088
317.5,738,2.3459,26.796,0.011416,-0.76564,-0.76564,126.06,1,1,0.54386
317.5,758,2.4239,17.293,0.0066538,-0.40198,-0.40198,41.856,0.47488,1,0.5614
317.5,758,2.2687,36.987,0.0056356,0.14704,0.14704,22.848,0.52512,1,0.5614
317.5,778,2.2655,33.535,0.0047255,-0.13544,-0.13544,28.296,0.82759,1,0.50877
317.5,798,2.3394,29.572,0.0037033,-0.33618,-0.33618,62.785,0.6,1,0.35088
317.5,838,5.4102,43.533,0.0016781,0.013604,0.013604,21.878,0.83333,1,0.52632
317.5,838,2.2397,33.377,0.00040556,-0.030317,-0.030317,2.3608,0.1,1,0.52632
317.5,858,5.4059,43.197,0.0013989,-0.037296,-0.037296,17.435,1,1,0.35088
317.5,878,5.3828,43.934,0.00086552,0.027026,0.027026,7.3276,1,1,0.19298
317.5,1158,0.74875,42.676,0.009924,-0.69736,-0.69736,91.063,0.80001,1,0.17544
317.5,1158,0.6205,52.115,0.00034225,0.032325,0.032325,3.053,0.19999,1,0.17544
317.5,1178,0.80232,39.785,0.0035575,-0.089701,-0.089701,43.742,0.63453,1,0.52632
317.5,1178,0.6453,58.774,0.0030103,0.22097,0.22097,36.731,0.36547,1,0.52632
317.5,1198,0.75471,46.236,0.010302,-0.93453,-0.93453,159.15,0.96875,1,0.5614
317.5,1218,0.73264,44.515,0.010357,-0.60525,-0.60525,165.07,0.92593,1,0.47368
317.5,1238,0.77388,43.737,0.03902,-0.63354,-0.63354,135.11,0.72727,1,0.19298
317.5,1258,0.81241,38.96,0.049489,-0.016524,-0.016524,83.653,0.90476,1,0.36842
317.5,1278,0.93174,42.873,0.046209,0.87514,0.87514,69.087,0.83333,1,0.31579
317.5,1298,0.89287,35.568,0.024429,0.7388,0.7388,52.842,0.91667,1,0.63158
317.5,1318,0.81936,32.323,0.0051089,0.060506,0.060506,11.88,0.80645,1,0.54386
337.5,718,2.2521,37.542,0.012468,-0.2107,-0.2107,132.61,1,1,0.5614
337.5,738,2.3322,33.787,0.013298,-0.71023,-0.71023,189.62,1,1,0.77193
337.5,758,2.332,29.324,0.0097537,-0.45509,-0.45509,91.478,0.97297,1,0.64912
337.5,778,5.4379,43.984,0.0015062,0.034812,0.034812,16.433,0.64286,1,0.49123
337.5,778,2.3494,29.257,0.005387,-0.37392,-0.37392,74.525,0.35714,1,0.49123
337.5,798,5.4482,41.9,0.0010552,0.0091167,0.0091167,11.56,0.78788,1,0.57895
337.5,1178,0.7472,44.788,0.010915,-0.99226,-0.99226,147.38,1,1,0.35088
337.5,1198,0.74367,44.536,0.01039,-0.8064,-0.8064,162.28,1,1,0.52632
337.5,1218,0.73705,43.026,0.0099287,-0.84641,-0.84641,158.55,0.96875,1,0.5614
337.5,1238,0.71591,45.559,0.013473,-0.70769,-0.70769,153.36,0.86207,1,0.50877
337.5,1258,0.75172,43.964,0.033658,-1.6244,-1.6244,137.71,0.88235,1,0.29825
337.5,1278,3.9732,18.676,0.024602,0.92068,0.92068,34.455,0.16667,1,0.21053
337.5,1278,0.92133,29.841,0.002843,0.027624,0.027624,3.1373,0.33333,1,0.21053
337.5,1298,0.96056,40.908,0.04399,1.104,1.104,71.504,0.73684,1,0.33333
337.5,1298,3.8455,29.579,0.0015263,0.050303,0.050303,3.439,0.15789,1,0.33333
337.5,1318,0.83879,31.162,0.0045694,0.044619,0.044619,0.4357,0.81481,1,0.47368
337.5,1338,3.8566,27.786,0.0030521,0.049036,0.049036,1.6863,0.35484,1,0.54386
337.5,1358,0.8549,31.32,0.0034443,0.033676,0.033676,0.32928,0.5,1,0.35088
357.5,658,2.3495,35.023,0.052876,0.23089,0.23089,25.836,1,1,0.35088
357.5,678,2.2182,38.985,0.017425,0.12334,0.12334,58.627,1,1,0.52632
357.5,718,2.316,41.316,0.015491,-0.087463,-0.087463,143.41,1,1,0.47368
357.5,738,2.3531,32.782,0.012585,-0.44871,-0.44871,147.62,0.94595,1,0.64912
357.5,758,2.3591,32.653,0.014555,-0.42823,-0.42823,171.45,0.5102,1,0.85965
357.5,758,5.4158,43.777,0.00626,-0.097208,-0.097208,19.465,0.4898,1,0.85965
357.5,778,5.4437,44.064,0.0024918,-0.02882,-0.02882,23.719,0.68571,1,0.61404
357.5,778,2.3248,27.219,0.013191,-0.37368,-0.37368,73.361,0.31429,1,0.61404
357.5,798,5.4413,43.745,0.0016964,0.021716,0.021716,18.022,0.8125,1,0.5614
357.5,818,5.4447,41.794,0.001151,0.0055669,0.0055669,14.18,1,1,0.36842
357.5,1198,0.76625,42.91,0.0094657,-1.0373,-1.0373,165.46,1,1,0.35088
357.5,1218,0.7309,43.731,0.01172,-0.70845,-0.70845,142.91,1,1,0.52632
357.5,1238,0.74767,45.037,0.021226,-1.1225,-1.1225,132.94,1,1,0.52632
357.5,1258,0.74025,45.159,0.022059,-1.0101,-1.0101,137.72,0.92105,1,0.66667
357.5,1278,4.019,28.385,0.015874,-0.052627,-0.052627,205.18,0.14706,1,0.59649
357.5,1278,0.73379,41.108,0.022297,-0.91451,-0.91451,111.77,0.85294,1,0.59649
357.5,1298,0.82612,37.38,0.010168,-0.50681,-0.50681,90.343,0.63636,1,0.19298
357.5,1318,3.8564,27.665,0.0031932,0.049847,0.049847,1.6426,0.63636,1,0.38596
357.5,1338,3.8635,27.798,0.003325,0.045883,0.045883,1.5474,0.33333,1,0.63158
357.5,1338,0.78761,29.534,0.0069123,0.12717,0.12717,6.5566,0.66667,1,0.63158
357.5,1358,0.72945,28.854,0.0042747,0.10986,0.10986,14.28,0.64516,1,0.54386
357.5,1358,3.8588,27.593,0.0033618,0.038479,0.038479,1.1834,0.35484,1,0.54386
357.5,1378,0.7278,27.447,0.0052396,0.079352,0.079352,5.9951,0.75,1,0.35088
357.5,1378,4.0545,30.961,0.0045563,-0.0057436,-0.0057436,0.0072403,0.1,1,0.35088
377.5,638,2.5411,35.615,0.0065232,0.059509,0.059509,1.5214,1,1,0.35088
377.5,658,2.5478,37.872,0.030758,-0.10884,-0.10884,19.267,1,1,0.5614
377.5,678,2.3735,36.89,0.044545,0.074305,0.074305,26.091,1,1,0.54386
377.5,698,2.3792,40.711,0.014464,-0.3035,-0.3035,7.4462,0.8125,1,0.2807
377.5,718,2.381,40.13,0.016351,-0.28484,-0.28484,7.5196,0.82353,1,0.29825
377.5,738,5.4016,44.382,0.0077583,-0.31611,-0.31611,29.256,0.65789,1,0.66667
377.5,738,2.3793,38.253,0.012888,-0.46448,-0.46448,179.98,0.34211,1,0.66667
377.5,758,5.403,44.216,0.0094791,-0.28401,-0.28401,21.181,0.67647,1,0.59649
377.5,758,2.3483,26.952,0.017316,-0.66024,-0.66024,79.334,0.32353,1,0.59649
377.5,778,5.399,45.032,0.0063407,-0.085007,-0.085007,21.271,1,1,0.36842
377.5,798,5.4507,42.629,0.0020766,0.017729,0.017729,19.016,1,1,0.19298
377.5,1218,0.7612,40.807,0.0088516,-0.84563,-0.84563,115.15,1,1,0.17544
377.5,1238,0.75158,44.983,0.017503,-0.94071,-0.94071,159.74,1,1,0.36842
377.5,1258,0.73657,42.181,0.023517,-1.0354,-1.0354,136.44,0.9697,1,0.57895
377.5,1278,0.72648,39.02,0.012266,-0.47817,-0.47817,65.959,0.94286,1,0.61404
377.5,1298,3.9818,26.298,0.012434,-0.55265,-0.55265,80.397,0.2,1,0.35088
377.5,1298,0.75346,37.273,0.015768,-0.52001,-0.52001,67.749,0.8,1,0.35088
377.5,1318,0.73571,31.512,0.0048968,0.089475,0.089475,50.29,0.5,1,0.21053
377.5,1338,0.72235,29.486,0.0070001,0.19224,0.19224,16.347,0.5625,1,0.5614
377.5,1338,3.8684,27.836,0.003403,0.043928,0.043928,1.3702,0.40625,1,0.5614
377.5,1358,0.72412,28.574,0.0063141,0.16618,0.16618,14.01,0.8,1,0.61404
377.5,1358,4.0252,33.723,0.0014591,0.10226,0.10226,7.1675,0.057143,1,0.61404
377.5,1378,0.72578,29.078,0.0084425,0.25533,0.25533,17.94,0.58065,1,0.54386
377.5,1378,3.892,25.665,0.10187,1.7768,1.7768,98.447,0.41935,1,0.54386
377.5,1398,0.71767,28.106,0.016733,0.23932,0.23932,6.2933,0.75,1,0.35088
377.5,1398,4.0545,30.961,0.0045563,-0.0057436,-0.0057436,0.0072403,0.1,1,0.35088
397.5,638,2.5537,35.305,0.011052,0.065028,0.065028,2.0519,1,1,0.52632
397.5,658,2.5913,35.778,0.02248,0.13564,0.13564,2.4189,0.9697,1,0.57895
397.5,678,2.5475,38.506,0.037796,-0.14832,-0.14832,22.44,0.96154,1,0.45614
397.5,698,2.3959,40.424,0.027104,-0.32291,-0.32291,6.5576,0.77778,1,0.31579
397.5,718,2.3686,40.765,0.016713,-0.31327,-0.31327,7.5921,0.30556,1,0.63158
397.5,718,5.5082,38.737,0.023928,-1.4774,-1.4774,102.78,0.69444,1,0.63158
397.5,738,5.4152,44.854,0.007936,-0.42945,-0.42945,34.442,0.69697,1,0.57895
397.5,738,2.3818,40.39,0.016472,-0.29027,-0.29027,6.8074,0.30303,1,0.57895
397.5,758,5.4029,44.728,0.0081267,-0.31292,-0.31292,26.756,0.9697,1,0.57895
397.5,778,5.4101,44.813,0.0086336,-0.39229,-0.39229,29.557,0.91667,1,0.21053
397.5,1258,0.73425,39.319,0.011814,-0.45682,-0.45682,51.556,1,1,0.35088
397.5,1278,0.7194,39.653,0.0066394,-0.12082,-0.12082,42.761,1,1,0.52632
397.5,1298,0.71034,40.499,0.0025931,0.14473,0.14473,32.08,0.92593,1,0.47368
397.5,1318,0.68294,39.828,0.0022029,0.25246,0.25246,77.736,0.41667,1,0.21053
397.5,1338,4.0424,25.584,0.02571,-0.86659,-0.86659,92.509,0.35714,1,0.24561
397.5,1338,0.70533,31.683,0.013173,0.17678,0.17678,70.496,0.57143,1,0.24561
397.5,1358,0.72194,29.663,0.0093034,0.30354,0.30354,19.566,0.58824,1,0.59649
397.5,1358,3.3483,11.589,0.27716,0.65841,0.65841,13.808,0.14848,1,0.59649
397.5,1358,3.975,31.311,0.044145,0.26512,0.26512,18.996,0.26329,1,0.59649
397.5,1378,3.9401,28.159,0.097811,1.2938,1.2938,75.809,0.33333,1,0.57895
397.5,1378,0.73028,28.83,0.015588,0.29906,0.29906,10.53,0.60606,1,0.57895
397.5,1378,3.627,11.944,0.041209,0.13724,0.13724,0.45705,0.060606,1,0.57895
397.5,1398,0.72013,28.42,0.016146,0.2712,0.2712,9.6728,0.74194,1,0.54386
397.5,1398,4.0129,34.194,0.017839,0.16409,0.16409,1.5251,0.096774,1,0.54386
397.5,1418,0.73055,29.517,0.02147,0.065547,0.065547,5.7076,1,1,0.35088
417.5,618,2.6413,34.58,0.048341,0.1029,0.1029,1.6875,1,1,0.35088
417.5,638,2.5105,35.36,0.00035416,0.0231,0.0231,1.7997,0.73333,1,0.52632
417.5,658,2.5791,35.306,0.027433,0.18276,0.18276,3.1283,1,1,0.4386
417.5,678,2.5803,35.774,0.026073,0.13434,0.13434,2.2464,0.73684,1,0.33333
417.5,698,5.6014,31.766,0.023218,-1.713,-1.713,167.15,0.93333,1,0.52632
417.5,718,5.5479,35.547,0.017737,-0.99843,-0.99843,78.787,0.69697,1,0.57895
417.5,718,2.3818,40.39,0.016472,-0.29027,-0.29027,6.8074,0.30303,1,0.57895
417.5,738,5.5085,39.477,0.021115,-1.3329,-1.3329,92.402,0.95455,1,0.38596
417.5,758,5.4117,44.531,0.0094674,-0.42644,-0.42644,31.637,0.90909,1,0.19298
417.5,1258,0.7315,42.054,0.0018547,0.064068,0.064068,11.326,1,1,0.17544
417.5,1278,0.68988,38.386,0.0010138,0.077323,0.077323,21.025,0.63002,1,0.52632
417.5,1278,0.77119,44.173,0.00044157,-0.0093187,-0.0093187,0.96028,0.36998,1,0.52632
417.5,1298,0.69515,41.698,0.0038293,0.18407,0.18407,53.592,0.94118,1,0.59649
417.5,1318,0.69094,45.02,0.0050335,0.58479,0.58479,190.71,0.92857,1,0.49123
417.5,1338,4.0727,30.427,0.019422,-1.2151,-1.2151,158.86,0.21739,1,0.40351
417.5,1338,0.68965,36.357,0.0059256,0.43178,0.43178,71.006,0.73913,1,0.40351
417.5,1358,3.8634,23.941,0.0065243,-0.13271,-0.13271,6.3474,0.2,1,0.26316
417.5,1358,0.73133,33.032,0.01241,0.15202,0.15202,57.963,0.66667,1,0.26316
417.5,1378,0.72208,28.433,0.016108,0.35068,0.35068,14.406,0.6129,1,0.54386
417.5,1378,3.8084,27.578,0.12412,2.0024,2.0024,57.494,0.3871,1,0.54386
417.5,1398,0.73172,29.133,0.018002,0.12563,0.12563,7.6177,0.9697,1,0.57895
417.5,1418,0.7133,29.942,0.026028,-0.13214,-0.13214,9.5078,0.96774,1,0.54386
417.5,1438,0.6563,29.826,0.036244,0.18481,0.18481,6.9638,1,1,0.35088
437.5,598,2.78,34.431,0.057789,0.22118,0.22118,1.6463,1,1,0.17544
437.5,618,2.5205,26.204,0.021756,0.23538,0.23538,2.5465,0.066667,1,0.52632
437.5,618,2.8054,35.487,0.048628,0.15361,0.15361,4.1058,0.93333,1,0.52632
437.5,638,2.6765,35.224,0.057549,0.66815,0.66815,23.27,0.97059,1,0.59649
437.5,658,2.6764,36.004,0.055675,0.80786,0.80786,28.573,0.89655,1,0.50877
437.5,678,2.5968,35.878,0.025938,0.089379,0.089379,2.7067,0.44828,1,0.50877
437.5,678,5.6334,28.075,0.029189,-2.3025,-2.3025,240.65,0.55172,1,0.50877
437.5,698,5.584,34.197,0.018869,-1.2143,-1.2143,131.08,0.77778,1,0.78947
437.5,698,2.5923,35.78,0.025078,0.10339,0.10339,1.8743,0.22222,1,0.78947
437.5,718,5.5805,32.876,0.021531,-1.5355,-1.5355,150.49,0.9697,1,0.57895
437.5,738,5.4963,36.72,0.014237,-0.85401,-0.85401,81.512,0.91667,1,0.21053
437.5,918,1.868,30.631,0.000625,-0.068722,-0.068722,7.5564,0.2,1,0.17544
437.5,938,2.2415,30.373,0.021707,0.15186,0.15186,109.54,1,1,0.17544
437.5,958,1.823,36.742,0.024741,-0.80354,-0.80354,129.5,1,1,0.35088
437.5,1018,1.709,35.081,0.0001446,0.015494,0.015494,1.661,0.3125,1,0.5614
437.5,1058,1.4879,41.221,0.00023007,-0.053788,-0.053788,16.585,0.27273,1,0.38596
437.5,1078,1.4999,41.677,0.01303,0.14604,0.14604,37.904,1,1,0.19298
437.5,1098,1.5048,44.652,0.0013094,-0.062105,-0.062105,2.9461,0.83333,1,0.21053
437.5,1118,1.52,43.927,0.0023734,-0.11311,-0.11311,5.3906,0.76923,1,0.22807
437.5,1278,0.68625,42.39,0.0042463,0.22879,0.22879,58.413,1,1,0.35088
437.5,1298,0.68216,45.206,0.0047903,0.56207,0.56207,173.77,1,1,0.54386
437.5,1318,0.67346,44.09,0.0047245,0.6474,0.6474,190.46,0.97059,1,0.59649
437.5,1338,0.70841,41.414,0.0072296,0.49956,0.49956,140.6,0.94595,1,0.64912
437.5,1358,0.71293,37.277,0.01094,0.49175,0.49175,82.737,0.78261,1,0.40351
437.5,1378,3.7234,25.898,0.043884,0.99894,0.99894,70.046,0.35294,1,0.29825
437.5,1378,0.68086,32.134,0.029077,0.44989,0.44989,72.121,0.64706,1,0.29825
437.5,1398,0.70746,30.044,0.026724,-0.11186,-0.11186,11.262,0.92593,1,0.47368
437.5,1418,0.67153,30.494,0.036413,0.01488,0.01488,7.7553,0.9697,1,0.57895
437.5,1438,0.59267,29.852,0.038018,0.23324,0.23324,11.179,0.96774,1,0.54386
437.5,1458,0.5692,29.281,0.034784,0.43147,0.43147,8.9945,1,1,0.17544
457.5,598,3.4758,32.758,1.2986,-0.090138,-0.090138,20.422,1,1,0.35088
457.5,618,3.0701,32.897,0.95634,-1.5096,-1.5096,14.221,1,1,0.5614
457.5,638,2.7914,35.487,0.063483,0.6438,0.6438,22.036,0.97143,1,0.61404
457.5,658,2.924,38.486,0.062291,1.779,1.779,75.139,0.5,1,0.21053
457.5,678,5.6188,36.807,0.0046038,-0.033535,-0.033535,0.24428,0.5641,1,0.68421
457.5,678,2.5798,36.016,0.036913,0.039248,0.039248,2.7946,0.33333,1,0.68421
457.5,698,5.6213,34.535,0.011184,-0.77229,-0.77229,103.69,0.97059,1,0.59649
457.5,718,5.5694,36.134,0.013477,-0.38263,-0.38263,37.384,0.95455,1,0.38596
457.5,878,2.267,39.5,0.0004915,0.012842,0.012842,16.357,0.4,1,0.17544
457.5,878,1.9103,49.579,0.00062489,0.078657,0.078657,12.853,0.3,1,0.17544
457.5,898,1.9952,38.416,0.05499,-1.6699,-1.6699,193.15,1,1,0.35088
457.5,918,2.1022,32.388,0.048902,-0.43277,-0.43277,96.412,1,1,0.5614
457.5,938,2.2665,26.118,0.018381,0.92578,0.92578,156.3,0.37354,1,0.5614
457.5,938,1.9268,37.805,0.022933,-0.87855,-0.87855,108.11,0.62646,1,0.5614
457.5,958,1.9619,34.417,0.057581,-1.0512,-1.0512,128.66,1,1,0.5614
457.5,978,1.7146,35.694,0.00020521,0.021741,0.021741,2.3042,0.65625,1,0.5614
457.5,1038,1.8497,25.503,0.0011833,-0.0056369,-0.0056369,0.026857,0.65625,1,0.5614
457.5,1038,1.4834,42.853,0.00015584,-0.02071,-0.02071,3.9211,0.15625,1,0.5614
457.5,1058,1.6018,39.859,0.027184,-0.63928,-0.63928,98.336,1,1,0.75439
457.5,1078,1.5108,43.781,0.0085574,0.27579,0.27579,32.129,1,1,0.57895
457.5,1098,1.5061,43.295,0.0056176,0.034755,0.034755,16.387,1,1,0.5614
457.5,1138,1.4788,40.886,0.015721,-0.35913,-0.35913,72.014,1,1,0.40351
457.5,1158,1.3752,39.997,0.01084,0.04381,0.04381,74.107,1,1,0.21053
457.5,1178,1.3262,41.755,0.0047987,0.14364,0.14364,163.74,1,1,0.22807
457.5,1198,1.3754,39.188,0.019189,0.44442,0.44442,16.414,1,1,0.19298
457.5,1218,1.2734,38.083,0.0033826,0.034471,0.034471,10.186,1,1,0.17544
457.5,1238,1.2495,35.069,0.010007,0.15021,0.15021,12.615,1,1,0.17544
457.5,1298,0.641,42.727,0.0025428,0.42395,0.42395,105.27,1,1,0.17544
457.5,1318,0.71562,45.047,0.0091001,0.41888,0.41888,169.43,0.95455,1,0.38596
457.5,1338,0.72287,39.054,0.0079931,0.45224,0.45224,64.014,0.64706,1,0.59649
457.5,1338,3.8235,17.828,0.014013,0.12133,0.12133,1.6186,0.35294,1,0.59649
457.5,1358,0.75376,38.706,0.0099989,0.52946,0.52946,35.227,0.83333,1,0.31579
457.5,1378,0.65386,32.53,0.03506,0.94265,0.94265,63.061,0.61538,1,0.22807
457.5,1398,0.64306,28.828,0.043856,0.92447,0.92447,38.884,0.61538,1,0.22807
457.5,1418,0.59796,29.853,0.037719,0.20406,0.20406,13.044,0.96154,1,0.45614
457.5,1438,0.50878,28.173,0.022255,0.31303,0.31303,12.851,0.9697,1,0.57895
457.5,1458,0.5293,28.71,0.026283,0.42406,0.42406,12.384,0.90909,1,0.19298
477.5,578,4.536,30.465,1.199,4.1834,4.1834,26.864,1,1,0.17544
477.5,598,4.3488,29.989,1.1525,3.1916,3.1916,16.935,1,1,0.5614
477.5,618,3.4681,32.056,1.2633,-0.18347,-0.18347,19.708,1,1,0.73684
477.5,638,3.7689,31.768,1.9284,-2.3834,-2.3834,42.673,1,1,0.54386
477.5,658,2.8062,34.99,0.056881,0.24192,0.24192,2.3886,0.41935,1,0.54386
477.5,658,5.6318,36.641,0.0050582,-0.03861,-0.03861,0.36244,0.3871,1,0.54386
477.5,658,5.8408,12.67,0.010675,-0.12016,-0.12016,2.2334,0.096774,1,0.54386
477.5,678,5.5929,36.793,0.0066739,0.048469,0.048469,3.1172,0.71429,1,0.61404
477.5,678,3.0708,37.102,0.065122,-0.094679,-0.094679,0.13765,0.057143,1,0.61404
477.5,678,5.935,17.004,0.0009,0.022074,0.022074,0.54142,0.057143,1,0.61404
477.5,858,2.1391,42.185,0.063596,-0.72651,-0.72651,35.129,1,1,0.35088
477.5,878,2.0258,43.662,0.055818,-1.4166,-1.4166,100.75,1,1,0.52632
477.5,898,2.0424,40.804,0.066748,-1.3344,-1.3344,132.61,0.9697,1,0.57895
477.5,918,2.034,36.834,0.057654,-1.1975,-1.1975,147,1,1,0.59649
477.5,938,2.1236,33.819,0.049903,-0.47863,-0.47863,111.31,0.96296,1,0.47368
477.5,958,1.916,38.39,0.020749,-1.4715,-1.4715,209.86,0.9375,1,0.2807
477.5,978,1.7351,36.602,0.0013765,0.040782,0.040782,2.3067,0.8,1,0.26316
477.5,998,1.7772,43.557,0.012128,-0.16849,-0.16849,80.745,0.875,1,0.14035
477.5,1018,1.7759,41.555,0.015962,-0.1087,-0.1087,83.955,0.83333,1,0.10526
477.5,1038,1.5525,45.942,0.011415,0.60607,0.60607,37.381,0.53846,1,0.45614
477.5,1038,1.8333,25.58,0.0013422,-0.0064017,-0.0064017,0.03054,0.34615,1,0.45614
477.5,1058,1.5401,45.501,0.011001,0.62879,0.62879,41.13,0.96296,1,0.47368
477.5,1078,1.5214,44.756,0.013846,0.58157,0.58157,42.891,0.96154,1,0.45614
477.5,1098,1.5224,43.808,0.001893,-0.090105,-0.090105,4.2891,0.91667,1,0.42105
477.5,1118,1.5256,43.16,0.0040649,-0.19116,-0.19116,10.726,0.81818,1,0.57895
477.5,1138,1.4786,42.37,0.013648,-0.58482,-0.58482,79.195,1,1,0.59649
477.5,1158,1.4094,41.669,0.014628,-0.44066,-0.44066,120.15,1,1,0.59649
477.5,1178,1.38,41.696,0.0115,0.077468,0.077468,85.944,1,1,0.59649
477.5,1198,1.3288,40.223,0.012334,0.26841,0.26841,72.569,1,1,0.59649
477.5,1218,1.2957,37.327,0.014757,0.31872,0.31872,16.616,1,1,0.5614
477.5,1238,1.2605,36.885,0.0050098,0.10684,0.10684,15.347,1,1,0.54386
477.5,1258,1.2785,42.973,0.0068108,0.50888,0.50888,172.37,1,1,0.36842
477.5,1278,1.2289,45.763,0.0070573,1.0792,1.0792,215.32,1,1,0.17544
477.5,1338,0.8226,43.059,0.00054344,0.061024,0.061024,8.3544,0.16129,1,0.54386
477.5,1378,0.67908,30.414,0.027434,1.0903,1.0903,48.142,0.28571,1,0.24561
477.5,1378,3.5869,17.047,0.026983,0.18481,0.18481,6.3447,0.35714,1,0.24561
477.5,1398,0.4729,22.989,0.0059357,0.067709,0.067709,1.4459,0.26667,1,0.26316
477.5,1418,0.4383,26.412,0.00058736,-0.018672,-0.018672,14.115,0.8125,1,0.2807
477.5,1438,0.4756,27.632,0.051733,1.2297,1.2297,46.144,1,1,0.5614
477.5,1458,0.44015,29.106,0.001646,0.073427,0.073427,42.618,0.65,1,0.35088
497.5,578,5.0452,33.166,1.9823,2.8763,2.8763,9.2047,1,1,0.35088
497.5,598,4.7922,31.538,1.2496,2.9848,2.9848,14.1,1,1,0.57895
497.5,618,4.9283,32.214,0.68361,1.2125,1.2125,10.04,0.61933,1,0.4386
497.5,618,3.46,26.87,0.47923,0.81906,0.81906,3.2512,0.38067,1,0.4386
497.5,638,3.6986,33.89,1.7617,-5.0009,-5.0009,66.168,1,1,0.40351
497.5,658,5.7106,32.182,0.070088,-2.2488,-2.2488,184.6,0.51572,1,0.38596
497.5,658,3.2768,35.808,0.0057965,0.003451,0.003451,5.349,0.22727,1,0.38596
497.5,658,5.9333,16.408,0.0008786,0.087627,0.087627,13.896,0.1661,1,0.38596
497.5,678,5.192,34.541,0.91237,-3.5627,-3.5627,82.771,1,1,0.5614
497.5,698,5.6742,33.096,0.03509,-1.4203,-1.4203,100.82,0.90909,1,0.38596
497.5,818,2.4748,35.567,0.083205,-1.2398,-1.2398,34.021,0.95238,1,0.36842
497.5,858,2.2014,41.218,0.031155,-0.30109,-0.30109,12.419,0.9697,1,0.57895
497.5,878,2.0936,43.052,0.051204,-0.91234,-0.91234,51.12,0.94286,1,0.61404
497.5,898,2.0541,43.882,0.056733,-1.7544,-1.7544,122.34,0.96429,1,0.49123
497.5,918,2.0439,36.932,0.058558,-0.83656,-0.83656,82.936,1,1,0.29825
497.5,938,1.9941,37.304,0.027501,-0.54528,-0.54528,11.706,0.5,1,0.14035
497.5,958,1.9213,37.256,0.02798,-1.0253,-1.0253,42.059,0.81818,1,0.19298
497.5,978,1.8721,41.721,0.0056565,-0.33989,-0.33989,32.775,0.94444,1,0.31579
497.5,998,1.7983,39.001,0.019016,0.064258,0.064258,40.125,0.94737,1,0.33333
497.5,1018,1.7374,34.509,0.019673,0.31857,0.31857,11.85,0.94118,1,0.29825
497.5,1038,1.6088,40.782,0.022823,-0.22305,-0.22305,48.54,0.95652,1,0.40351
497.5,1058,1.5679,43.711,0.016003,0.31336,0.31336,55.398,0.95238,1,0.36842
497.5,1078,1.5435,40.561,0.028719,-0.79599,-0.79599,50.064,0.90909,1,0.19298
497.5,1098,1.4861,42.302,0.026924,-0.68597,-0.68597,45.495,1,1,0.19298
497.5,1118,1.5045,43.053,0.012711,-0.51788,-0.51788,46.102,1,1,0.50877
497.5,1138,1.4734,41.02,0.018075,-0.88408,-0.88408,108.17,1,1,0.36842
497.5,1158,1.4173,40.627,0.0087628,-0.3108,-0.3108,79.759,1,1,0.31579
497.5,1178,1.3741,44.254,0.0038794,-0.17153,-0.17153,157.04,1,1,0.31579
497.5,1198,1.3665,39.259,0.020422,0.45249,0.45249,16.932,0.9375,1,0.2807
497.5,1218,1.2622,37.506,0.0037738,0.090721,0.090721,16.124,1,1,0.45614
497.5,1238,1.2687,41.051,0.0051695,0.4042,0.4042,123.92,1,1,0.57895
497.5,1258,1.2645,45.111,0.0046949,0.65655,0.65655,190.38,1,1,0.57895
497.5,1278,1.2412,45.804,0.0055051,0.68207,0.68207,156.91,1,1,0.5614
497.5,1298,1.2045,43.454,0.002757,0.43002,0.43002,87.424,1,1,0.54386
497.5,1338,1.2541,40.544,0.0082447,0.32001,0.32001,89.923,0.4,1,0.87719
497.5,1358,3.7657,17.448,0.015836,0.19964,0.19964,2.5168,0.63635,1,0.57895
497.5,1358,5.8411,35.991,1.6701,15.784,15.784,233.86,0.36365,1,0.57895
497.5,1378,4.3422,22.135,1.3384,11.345,11.345,107.5,1,1,0.31579
497.5,1398,5.7216,30.317,3.5634,20.1,20.1,167.38,1,1,0.33333
497.5,1418,0.4735,28.716,0.1244,3.2776,3.2776,122.63,0.78947,1,0.33333
497.5,1438,0.50842,33.457,0.11972,2.5704,2.5704,155.98,0.97059,1,0.59649
497.5,1458,0.64344,39.682,0.21797,4.9052,4.9052,241.74,1,1,0.54386
497.5,1478,0.68229,45.819,0.1874,1.4009,1.4009,108.48,1,1,0.19298
497.5,1498,1.3594,50.689,0.0056762,-0.48249,-0.48249,48.653,1,1,0.17544
497.5,1518,1.2854,55.337,0.027533,-1.5213,-1.5213,96.374,1,1,0.17544
497.5,1538,1.4431,47.947,0.019077,-1.132,-1.132,73.766,1,1,0.17544
517.5,518,1.6163,57.539,0.00010556,-0.027421,-0.027421,7.851,0.3,1,0.17544
517.5,558,4.4331,35.35,2.1645,-2.3906,-2.3906,4.4467,0.5,1,0.35088
517.5,558,1.6021,57.632,0.0018931,0.2276,0.2276,45.245,0.5,1,0.35088
517.5,578,5.2594,34.291,1.7227,-2.5188,-2.5188,9.7522,1,1,0.52632
517.5,598,5.165,33.412,1.2149,1.7309,1.7309,7.0236,0.93939,1,0.57895
517.5,598,2.0376,38.556,0.00093452,0.038786,0.038786,1.6098,0.060606,1,0.57895
517.5,618,5.873,33.859,0.0059969,0.07406,0.07406,3.1273,0.72222,1,0.31579
517.5,618,3.3723,31.283,0.026932,0.19967,0.19967,1.4804,0.11111,1,0.31579
517.5,638,4.9415,31.929,1.9068,-7.711,-7.711,82.403,1,1,0.40351
517.5,658,4.6797,35.008,1.5826,-8.2722,-8.2722,94.925,1,1,0.31579
517.5,678,4.7564,35.571,1.4199,-8.4471,-8.4471,130.43,1,1,0.5614
517.5,698,4.7131,36.06,1.3289,-6.5259,-6.5259,49.059,1,1,0.19298
517.5,798,2.3976,34.159,0.24725,-4.2082,-4.2082,93.911,0.95455,1,0.38596
517.5,818,2.4046,35.534,0.13192,-2.3132,-2.3132,69.566,0.97059,1,0.59649
517.5,838,2.3459,38.483,0.086669,-1.687,-1.687,53.262,0.97059,1,0.59649
517.5,858,2.2561,40.311,0.01395,0.09289,0.09289,0.61854,0.88,1,0.4386
517.5,878,2.0564,42.634,0.034532,-1.0274,-1.0274,67.468,1,1,0.2807
517.5,898,2.0179,43.663,0.057188,-1.8924,-1.8924,130.18,1,1,0.14035
517.5,918,2.0878,34.599,0.045913,-0.72998,-0.72998,53.248,1,1,0.19298
517.5,938,2.06,33.556,0.037452,-1.2161,-1.2161,74.325,1,1,0.15789
517.5,958,1.9018,40.566,0.017266,-0.76492,-0.76492,40.236,0.96429,1,0.49123
517.5,978,1.8404,39.755,0.016595,-0.097992,-0.097992,36.118,1,1,0.61404
517.5,998,1.8045,37.909,0.017295,0.26661,0.26661,35.043,1,1,0.61404
517.5,1018,1.73,38.299,0.02378,-0.14141,-0.14141,33.389,1,1,0.57895
517.5,1038,1.6263,37.117,0.028467,0.061217,0.061217,55.924,1,1,0.59649
517.5,1058,1.5916,36.79,0.018961,0.093189,0.093189,57.329,1,1,0.45614
517.5,1098,1.4224,40.573,0.022323,-0.21994,-0.21994,65.543,1,1,0.4386
517.5,1118,1.3898,42.566,0.019041,-0.39312,-0.39312,102.66,1,1,0.45614
517.5,1138,1.3942,44.053,0.014366,-0.50933,-0.50933,62.669,1,1,0.49123
517.5,1158,1.3275,44.287,0.0016506,-0.22349,-0.22349,59.336,1,1,0.24561
517.5,1178,1.3591,40.651,0.0011099,-0.034267,-0.034267,41.97,1,1,0.12281
517.5,1198,1.3649,37.848,0.0013769,-0.011091,-0.011091,0.090334,0.77778,1,0.31579
517.5,1218,1.3042,41.155,0.0046136,0.12288,0.12288,57.951,1,1,0.17544
517.5,1238,1.2435,36.42,0.0023981,0.097764,0.097764,13.659,1,1,0.42105
517.5,1258,1.3082,48.997,0.002576,0.23012,0.23012,181.59,1,1,0.29825
517.5,1278,1.229,44.452,0.0069827,1.0189,1.0189,212.6,1,1,0.2807
517.5,1318,1.1921,42.167,0.00026673,0.074575,0.074575,20.856,0.66667,1,0.57895
517.5,1338,1.22,39.612,0.015175,0.24142,0.24142,67.308,0.56098,1,0.7193
517.5,1338,3.7886,17.823,0.028883,0.3961,0.3961,5.4728,0.26829,1,0.7193
517.5,1358,3.8229,18.256,0.023996,0.33109,0.33109,4.6093,0.34343,1,0.5614
517.5,1358,0.78706,35.702,1.0009,1.3798,1.3798,127.85,0.65657,1,0.5614
517.5,1378,5.5954,29.935,1.6373,11.07,11.07,80.66,1,1,0.29825
517.5,1398,0.19914,32.661,0.15121,0.1535,0.1535,14.149,0.5,1,0.17544
517.5,1398,3.4428,18.319,0.03205,0.14386,0.14386,8.1761,0.5,1,0.17544
517.5,1418,0.34667,27.749,0.020999,0.085876,0.085876,17.105,0.45455,1,0.19298
517.5,1438,0.4895,36.328,0.00050625,0.016738,0.016738,0.55339,0.054052,1,0.64912
517.5,1438,0.7518,41.826,0.25986,7.2262,7.2262,339.19,0.91892,1,0.64912
517.5,1458,1.1177,43.786,0.84283,2.8273,2.8273,140.97,1,1,0.57895
517.5,1478,1.2417,46.235,0.19515,2.2964,2.2964,133,1,1,0.54386
517.5,1498,1.3086,54.042,0.02023,-0.96795,-0.96795,87.711,1,1,0.5614
517.5,1518,1.3613,51.167,0.020938,-1.1921,-1.1921,80.324,1,1,0.54386
517.5,1538,1.353,50.792,0.023896,-1.1642,-1.1642,74.951,1,1,0.54386
517.5,1558,1.4875,44.199,0.012016,-0.69046,-0.69046,57.754,1,1,0.35088
517.5,1578,1.4254,46.849,0.0075199,-0.44602,-0.44602,51.014,1,1,0.19298
517.5,1598,1.4144,51.018,0.0095666,-0.34019,-0.34019,124.62,1,1,0.17544
517.5,1638,1.4914,48.164,0.003153,-1.0051,-1.0051,363.78,1,1,0.17544
517.5,1698,1.5235,53.295,0.0047915,-0.61123,-0.61123,99.59,1,1,0.17544
517.5,1718,1.5017,56.447,0.0043336,-0.41089,-0.41089,53.544,1,1,0.17544
517.5,1758,1.5648,42.516,0.0019988,0.093197,0.093197,4.8716,1,1,0.17544
537.5,138,1.5344,49.433,0.00068604,0.079521,0.079521,13.953,1,1,0.17544
537.5,158,1.545,49.562,0.0004002,0.054228,0.054228,10.997,1,1,0.17544
537.5,498,1.6163,57.539,0.00010556,-0.027421,-0.027421,7.851,0.3,1,0.17544
537.5,518,1.616,58.862,0.0030046,0.26662,0.26662,33.849,1,1,0.52632
537.5,538,1.6082,58.025,0.0023676,0.24155,0.24155,37.319,0.96774,1,0.54386
537.5,558,1.6175,58.381,0.0034105,0.28338,0.28338,39.553,0.73166,1,0.7193
537.5,558,5.46,33.941,1.7447,-3.8076,-3.8076,20.136,0.26834,1,0.7193
537.5,578,3.8398,41.959,4.0168,-18.54,-18.54,135.14,1,1,0.5614
537.5,598,5.2061,33.834,2.0765,-3.0093,-3.0093,10.772,1,1,0.59649
537.5,618,4.8632,31.835,2.4527,-9.5346,-9.5346,54.141,1,1,0.24561
537.5,638,4.7455,34.107,2.9019,-16.697,-16.697,143.74,1,1,0.35088
537.5,658,5.8135,31.185,0.037231,0.31782,0.31782,3.0705,0.12323,1,0.50877
537.5,658,4.5017,36.075,2.3475,-14.872,-14.872,153.04,0.87677,1,0.50877
537.5,678,4.2043,39.265,1.2736,-6.5062,-6.5062,89.951,1,1,0.5614
537.5,698,3.8652,39.163,1.1676,-6.2903,-6.2903,84.338,1,1,0.40351
537.5,778,2.0963,40.975,0.25701,-6.1872,-6.1872,196.87,0.92857,1,0.24561
537.5,798,2.3306,34.709,0.27069,-4.8187,-4.8187,126.62,0.9697,1,0.57895
537.5,818,2.4229,33.901,0.22867,-4.098,-4.098,107.05,1,1,0.59649
537.5,838,2.3734,35.143,0.12402,-2.0261,-2.0261,61.471,1,1,0.4386
537.5,858,2.2224,32.161,0.031274,-1.3221,-1.3221,59.92,0.66667,1,0.10526
537.5,878,2.2442,35.05,0.033498,-0.025926,-0.025926,34.555,1,1,0.15789
537.5,898,2.2586,31.328,0.020419,0.11612,0.11612,30.465,1,1,0.17544
537.5,918,2.1086,32.301,0.030558,-0.81416,-0.81416,37.763,1,1,0.36842
537.5,938,1.9469,35.359,0.026962,-0.57561,-0.57561,34.269,1,1,0.45614
537.5,958,1.9219,38.338,0.021379,-0.83101,-0.83101,38.146,0.87331,1,0.57895
537.5,958,2.1027,30.525,0.10284,0.29138,0.29138,0.9179,0.12669,1,0.57895
537.5,978,1.8856,40.763,0.014673,-0.62044,-0.62044,33.647,1,1,0.54386
537.5,998,1.8314,38.661,0.019429,-0.20689,-0.20689,38.015,1,1,0.38596
537.5,1018,1.6313,34.755,0.031891,0.52844,0.52844,44.044,1,1,0.35088
537.5,1038,1.581,36.658,0.021354,0.25302,0.25302,61.371,1,1,0.54386
537.5,1058,1.5153,31.57,0.01371,0.44745,0.44745,47.801,1,1,0.52632
537.5,1078,1.4603,32.236,0.015217,0.014215,0.014215,40.441,1,1,0.54386
537.5,1098,1.3639,35.58,0.006701,-0.38203,-0.38203,113.35,1,1,0.54386
537.5,1118,1.3645,42.078,0.011232,-0.16535,-0.16535,91.386,1,1,0.7193
537.5,1138,1.3134,43.647,0.0019509,-0.10685,-0.10685,93.968,1,1,0.59649
537.5,1158,1.3254,43.878,0.0017661,-0.051808,-0.051808,74.701,1,1,0.5614
537.5,1178,1.3294,42.066,0.0023581,-0.16228,-0.16228,51.475,1,1,0.59649
537.5,1198,1.3361,41.016,0.0038513,-0.21893,-0.21893,73.115,1,1,0.40351
537.5,1218,1.325,41.227,0.0052225,0.21322,0.21322,61.442,1,1,0.61404
537.5,1238,1.2966,41.339,0.0054125,0.36106,0.36106,66.543,1,1,0.42105
537.5,1278,1.3552,43.548,0.0001478,0.028805,0.028805,19.916,0.875,1,0.2807
537.5,1298,1.2358,37.648,0.012954,0.654,0.654,62.083,1,1,0.14035
537.5,1318,1.2484,41.071,0.01177,0.39664,0.39664,39.286,1,1,0.35088
537.5,1338,1.3642,44.609,0.0088213,0.34709,0.34709,46.238,0.70852,1,0.29825
537.5,1338,1.2164,25.227,0.0028863,-0.093971,-0.093971,4.3373,0.29148,1,0.29825
537.5,1358,1.4035,40.798,0.0054008,-0.022874,-0.022874,56.207,0.57425,1,0.45614
537.5,1358,5.7901,31.133,1.8201,11.358,11.358,78.351,0.42575,1,0.45614
537.5,1378,0.37877,37.358,2.2262,12.943,12.943,96.411,1,1,0.15789
537.5,1398,3.1717,16.032,0.034154,0.016762,0.016762,0.094061,0.26648,1,0.26316
537.5,1398,0.28095,35.891,1.3151,5.9229,5.9229,55.461,0.73352,1,0.26316
537.5,1418,1.2593,40.215,1.2225,-4.3484,-4.3484,335.28,1,1,0.42105
537.5,1438,1.1881,42.754,0.61428,3.358,3.358,169.78,1,1,0.49123
537.5,1458,1.3379,44.988,0.60712,3.0981,3.0981,171.28,1,1,0.73684
537.5,1478,1.4328,46.752,0.02167,-0.96052,-0.96052,104.56,0.97059,1,0.59649
537.5,1498,1.4156,49.876,0.023084,-0.72911,-0.72911,106.71,0.97674,1,0.75439
537.5,1518,1.3101,52.694,0.02628,-1.2723,-1.2723,87.078,1,1,0.77193
537.5,1538,1.438,46.094,0.017538,-0.75423,-0.75423,53.458,1,1,0.54386
537.5,1558,1.4316,46.284,0.01338,-0.58825,-0.58825,71.782,1,1,0.57895
537.5,1578,1.4541,47.039,0.0086852,-0.49719,-0.49719,104.09,1,1,0.5614
537.5,1598,1.4096,50.463,0.007636,-0.24293,-0.24293,132.25,1,1,0.7193
537.5,1618,1.4169,47.602,0.0078988,-0.38971,-0.38971,171.3,1,1,0.54386
537.5,1638,1.4631,44.701,0.0085078,-0.34642,-0.34642,134.62,1,1,0.52632
537.5,1658,1.5481,42.77,0.0016718,0.077039,0.077039,4.1748,0.73333,1,0.52632
537.5,1678,1.5555,43.157,0.0011936,0.066978,0.066978,5.2922,0.875,1,0.70175
537.5,1698,1.537,50.329,0.0038312,-0.49661,-0.49661,96.493,1,1,0.70175
537.5,1718,1.5367,50.785,0.0043202,-0.54708,-0.54708,86.176,1,1,0.52632
537.5,1738,1.5704,42.191,0.0009561,0.033697,0.033697,1.267,0.63043,1,0.52632
537.5,1738,1.5165,55.722,0.0057534,-0.48886,-0.48886,51.216,0.36957,1,0.52632
537.5,1758,1.566,42.373,0.0018178,0.079511,0.079511,3.9624,1,1,0.52632
537.5,1778,1.5903,43.736,0.00047052,0.020759,0.020759,1.698,0.70527,1,0.52632
537.5,1778,1.5004,39.59,0.0004153,0.013478,0.013478,0.50846,0.29473,1,0.52632
557.5,118,1.5371,49.378,0.0012303,0.064907,0.064907,11.644,1,1,0.21053
557.5,138,1.5477,50.055,0.00085017,0.074982,0.074982,12.59,1,1,0.54386
557.5,158,1.5408,49.631,0.0010677,0.13198,0.13198,20.365,1,1,0.5614
557.5,178,1.5471,49.787,0.0011362,0.13291,0.13291,20.017,1,1,0.5614
557.5,498,1.5755,54.399,0.00021025,-0.052165,-0.052165,12.943,0.18177,1,0.19298
557.5,498,1.6381,61.577,0.0038145,0.28309,0.28309,27.222,0.72732,1,0.19298
557.5,518,1.6061,57.164,0.0038964,0.26459,0.26459,45.947,1,1,0.59649
557.5,538,1.6145,58.355,0.0040283,0.33876,0.33876,41.508,0.95556,1,0.78947
557.5,558,1.6142,57.551,0.0039586,0.36576,0.36576,53.735,0.93939,1,0.57895
557.5,578,1.6759,53.931,0.019551,-0.73209,-0.73209,108.89,0.5368,1,0.78947
557.5,578,5.2345,33.549,2.4232,-3.9823,-3.9823,14.818,0.4632,1,0.78947
557.5,598,5.2682,36.74,2.8431,-10.225,-10.225,79.822,1,1,0.40351
557.5,618,4.6291,34.941,3.2492,-4.8218,-4.8218,23.814,1,1,0.29825
557.5,638,5.7904,31.398,0.046152,1.0976,1.0976,30.961,0.2001,1,0.40351
557.5,638,4.2021,35.441,5.0052,23.313,23.313,160.82,0.7999,1,0.40351
557.5,658,3.431,41.364,0.026546,0.20765,0.20765,78.633,0.72727,1,0.38596
557.5,678,3.7944,40.331,1.053,-4.5875,-4.5875,77.216,1,1,0.61404
557.5,698,3.4356,39.339,0.015334,-0.12171,-0.12171,43.54,0.9375,1,0.5614
557.5,718,3.4477,37.105,0.0058796,-0.2631,-0.2631,11.773,0.66667,1,0.26316
557.5,778,2.3649,31.096,0.16781,-2.2563,-2.2563,53.191,1,1,0.38596
557.5,798,2.2398,33.701,0.21991,-3.8033,-3.8033,92.97,1,1,0.5614
557.5,818,2.4403,32.319,0.23259,-3.414,-3.414,86.718,1,1,0.42105
557.5,838,2.2446,31.529,0.38449,-0.37106,-0.37106,123.39,1,1,0.15789
557.5,858,2.3114,34.685,0.028622,0.91368,0.91368,29.503,0.4,1,0.17544
557.5,878,2.2345,32.18,0.032131,-0.07235,-0.07235,37.219,1,1,0.19298
557.5,898,2.1335,31.754,0.043677,-0.20409,-0.20409,21.388,1,1,0.47368
557.5,918,2.0795,32.201,0.053573,-0.49671,-0.49671,22.756,1,1,0.59649
557.5,938,2.0276,32.811,0.03475,-0.50088,-0.50088,17.283,1,1,0.54386
557.5,958,1.976,35.296,0.031839,-0.623,-0.623,29.273,1,1,0.52632
557.5,978,1.934,37.387,0.022292,-0.98402,-0.98402,44.582,0.72603,1,0.35088
557.5,978,2.1176,33.935,0.056315,-0.77622,-0.77622,12.69,0.27397,1,0.35088
557.5,1038,1.5129,34.473,0.015659,0.69462,0.69462,78.316,1,1,0.17544
557.5,1058,1.5795,33.189,0.015817,0.20006,0.20006,30.623,1,1,0.17544
557.5,1098,1.3816,38.475,0.00029573,-0.037159,-0.037159,33.528,0.8,1,0.17544
557.5,1118,1.2887,43.564,0.0015616,-0.028133,-0.028133,163.74,1,1,0.17544
557.5,1138,1.3325,44.29,0.0010915,0.016465,0.016465,87.383,1,1,0.35088
557.5,1158,1.3208,43.172,0.0018682,-0.048782,-0.048782,79.578,1,1,0.54386
557.5,1178,1.3204,42.793,0.0032067,-0.15026,-0.15026,95.33,1,1,0.5614
557.5,1198,1.3385,42.898,0.0034605,-0.14236,-0.14236,74.809,1,1,0.73684
557.5,1218,1.3495,45.243,0.0033297,-0.14313,-0.14313,92.135,1,1,0.57895
557.5,1238,1.3574,46.325,0.0013181,-0.081368,-0.081368,53.022,0.76191,1,0.73684
557.5,1238,1.2204,34.907,0.00013044,0.017848,0.017848,2.4436,0.23809,1,0.73684
557.5,1258,1.3545,44.934,0.00031861,-0.024846,-0.024846,33.333,1,1,0.5614
557.5,1278,1.3448,43.2,0.0016536,0.080282,0.080282,15.944,1,1,0.59649
557.5,1298,1.3463,42.642,0.0013311,0.12743,0.12743,23.501,1,1,0.42105
557.5,1318,1.3679,46.677,0.00063242,-0.02282,-0.02282,0.82345,0.8,1,0.26316
557.5,1338,1.403,41.68,0.0044626,0.10944,0.10944,42.411,1,1,0.45614
557.5,1358,1.4206,42.136,0.0019437,-0.26371,-0.26371,49.595,0.77778,1,0.31579
557.5,1378,1.4141,41.576,0.0025219,-0.26194,-0.26194,44.697,0.6087,1,0.40351
557.5,1378,6.0203,35.265,0.016007,-0.43372,-0.43372,15.956,0.13043,1,0.40351
557.5,1398,6.0887,32.824,3.2628,18.322,18.322,146.55,1,1,0.2807
557.5,1418,1.3368,33.672,1.1721,-2.8987,-2.8987,106.43,1,1,0.26316
557.5,1438,0.96117,42.157,0.50406,4.0265,4.0265,235.2,1,1,0.38596
557.5,1458,1.4732,38.529,0.0014102,-0.077661,-0.077661,5.0657,0.92,1,0.4386
557.5,1478,1.5275,44.493,0.0030663,0.15472,0.15472,56.181,0.94444,1,0.63158
557.5,1498,1.4049,48.028,0.027549,-1.0485,-1.0485,125.16,0.95455,1,0.77193
557.5,1518,1.4353,48.079,0.026459,-0.80584,-0.80584,130.88,0.68571,1,0.61404
557.5,1518,4.3331,46.883,0.011685,0.32039,0.32039,9.924,0.31429,1,0.61404
557.5,1538,1.491,42.733,0.010114,-0.20899,-0.20899,29.85,0.48088,1,0.42105
557.5,1538,1.2375,56.215,0.0091443,-0.33727,-0.33727,45.845,0.51912,1,0.42105
557.5,1558,1.5284,40.29,0.0012642,0.098734,0.098734,13.752,0.8125,1,0.2807
557.5,1578,1.4265,53.471,0.012234,-1.0077,-1.0077,186.96,1,1,0.61404
557.5,1598,1.515,47.304,0.000961,0.079369,0.079369,6.5551,0.060587,1,0.57895
557.5,1598,1.4184,52.961,0.012046,-0.62042,-0.62042,180.87,0.93941,1,0.57895
557.5,1618,1.3917,48.854,0.0061064,-0.0045015,-0.0045015,119.01,1,1,0.61404
557.5,1638,1.4949,48.94,0.002558,-0.62368,-0.62368,209.6,1,1,0.4386
557.5,1678,1.5457,43.911,0.0026821,-0.081018,-0.081018,37.964,1,1,0.77193
557.5,1698,1.533,49.831,0.0030916,-0.43339,-0.43339,98.205,1,1,0.73684
557.5,1718,1.5285,52.424,0.0043596,-0.59405,-0.59405,114.72,1,1,0.4386
557.5,1758,1.5712,42.809,0.001653,0.071825,0.071825,3.8109,0.95833,1,0.42105
557.5,1778,1.5646,42.741,0.0018919,0.089989,0.089989,5.442,1,1,0.57895
557.5,1798,1.5723,42.647,0.001255,0.064267,0.064267,5.3909,1,1,0.22807
577.5,118,1.5536,50.151,0.0013277,0.089738,0.089738,16.637,1,1,0.22807
577.5,138,1.5484,50.28,0.00081809,0.067641,0.067641,12.004,1,1,0.5614
577.5,158,1.5483,50.158,0.0010121,0.10817,0.10817,17.24,1,1,0.77193
577.5,178,1.5463,49.986,0.0010931,0.12173,0.12173,19.666,1,1,0.57895
577.5,198,1.5472,49.572,0.00082439,0.071669,0.071669,12.196,1,1,0.24561
577.5,418,1.5908,49.52,0.0003996,0.010395,0.010395,0.27039,0.5,1,0.070175
577.5,498,1.598,53.945,0.0044604,0.067836,0.067836,34.383,0.91667,1,0.21053
577.5,518,1.6029,56.693,0.0040751,0.27415,0.27415,45.726,0.97143,1,0.61404
577.5,538,1.5972,56.116,0.0035363,0.35451,0.35451,47.381,0.9697,1,0.57895
577.5,558,1.6351,55.354,0.013717,-0.23335,-0.23335,84.791,0.97561,1,0.7193
577.5,578,1.6618,53.818,0.018605,-0.75325,-0.75325,101.64,0.6875,1,0.5614
577.5,598,0.23235,38.845,1.8168,4.7031,4.7031,84.486,1,1,0.70175
577.5,618,6.0625,35.702,0.03589,-0.86503,-0.86503,23.068,0.88235,1,0.29825
577.5,638,3.9116,35.119,3.3341,8.084,8.084,72.831,1,1,0.29825
577.5,658,3.45,38.358,0.041928,-0.8979,-0.8979,86.143,0.63636,1,0.19298
577.5,678,3.4315,39.41,0.014569,-0.1162,-0.1162,40.798,0.94118,1,0.59649
577.5,738,2.3049,27.785,0.11948,0.27093,0.27093,0.61747,0.76923,1,0.22807
577.5,758,2.4066,28.018,0.087326,0.20457,0.20457,0.48204,0.90909,1,0.57895
577.5,778,2.2529,30.1,0.081817,-0.99441,-0.99441,36.085,1,1,0.5614
577.5,798,2.3048,31.154,0.14796,-2.1472,-2.1472,54.502,1,1,0.59649
577.5,818,2.1827,30.379,0.040266,-1.3058,-1.3058,42.435,0.92308,1,0.45614
577.5,838,2.2584,32.47,0.30969,1.3639,1.3639,82.639,1,1,0.17544
577.5,858,2.3665,30.48,0.056688,-0.27021,-0.27021,36.005,1,1,0.17544
577.5,878,2.1634,32.766,0.046247,-0.027198,-0.027198,20.33,1,1,0.45614
577.5,898,2.2006,31.138,0.046456,0.090939,0.090939,20.121,1,1,0.5614
577.5,918,2.1417,31.426,0.0477,-0.1609,-0.1609,18.897,1,1,0.52632
577.5,938,2.0727,32.079,0.063598,-0.2233,-0.2233,13.058,1,1,0.35088
577.5,958,2.0974,32.437,0.03196,-0.41678,-0.41678,11.685,1,1,0.17544
577.5,1178,1.3051,43.652,0.0021601,-0.11241,-0.11241,65.51,0.90909,1,0.19298
577.5,1198,1.3308,43.184,0.005282,-0.46628,-0.46628,89.525,0.90909,1,0.19298
577.5,1218,1.3626,47.844,0.0029293,-0.11676,-0.11676,66.699,1,1,0.19298
577.5,1238,1.3504,46.196,0.0022376,-0.12387,-0.12387,73.855,1,1,0.21053
577.5,1258,1.339,43.353,0.0022891,0.031946,0.031946,11.18,1,1,0.38596
577.5,1278,1.3434,42.651,0.0021137,0.076152,0.076152,20.185,1,1,0.5614
577.5,1298,1.3202,39.814,0.0016718,0.04867,0.04867,6.5862,0.46308,1,0.54386
577.5,1298,1.3735,47.089,0.00082787,-0.0034308,-0.0034308,1.6716,0.53692,1,0.54386
577.5,1318,1.3741,44.455,0.0016117,0.064052,0.064052,15.897,1,1,0.5614
577.5,1338,1.3801,44.859,0.0022608,0.05927,0.05927,13.274,0.67647,1,0.59649
577.5,1338,5.8392,29.571,0.019509,0.21317,0.21317,6.2564,0.32353,1,0.59649
577.5,1358,5.803,30.26,0.074592,1.1883,1.1883,23.673,0.37838,1,0.64912
577.5,1358,1.4052,42.233,0.0030931,-0.060429,-0.060429,31.392,0.62162,1,0.64912
577.5,1378,6.0382,33.532,0.005712,-0.21493,-0.21493,16.104,0.82353,1,0.29825
577.5,1398,1.2002,33.249,0.00047459,0.040622,0.040622,3.4771,0.2,1,0.17544
577.5,1418,0.43312,32.446,1.635,6.3345,6.3345,89.115,1,1,0.21053
577.5,1438,6.1566,25.366,0.035995,-0.14645,-0.14645,1.4672,0.26316,1,0.33333
577.5,1438,1.469,38.691,0.0029949,-0.14422,-0.14422,7.6631,0.57895,1,0.33333
577.5,1458,1.4962,40.149,0.0030717,0.10224,0.10224,34.564,0.70961,1,0.5614
577.5,1458,5.9032,31.14,1.2224,12.294,12.294,144.32,0.29039,1,0.5614
577.5,1478,1.4952,40.692,0.002823,0.12455,0.12455,44.578,0.76744,1,0.75439
577.5,1498,1.4997,40.621,0.0042207,0.37891,0.37891,132.39,0.64151,1,0.92982
577.5,1498,4.3331,46.883,0.011685,0.32039,0.32039,9.924,0.20755,1,0.92982
577.5,1518,1.4183,46.723,0.023827,-1.1632,-1.1632,107.38,0.53488,1,0.75439
577.5,1558,4.321,46.236,0.024074,0.61456,0.61456,15.688,0.5,1,0.42105
577.5,1578,1.4079,50.907,0.016747,-1.3124,-1.3124,169.36,0.69697,1,0.57895
577.5,1598,1.4005,51.523,0.012631,-0.7386,-0.7386,172.9,0.97674,1,0.75439
577.5,1618,1.4256,47.582,0.01093,-0.31785,-0.31785,64.327,0.97059,1,0.59649
577.5,1638,1.4596,45.903,0.007189,-0.12293,-0.12293,62.254,1,1,0.57895
577.5,1658,1.5213,44.859,0.0021873,-0.17557,-0.17557,60.976,1,1,0.59649
577.5,1678,1.5298,45.368,0.0018843,-0.11909,-0.11909,57.066,1,1,0.7193
577.5,1698,1.5326,49.448,0.0026245,-0.29612,-0.29612,98.372,1,1,0.75439
577.5,1718,1.5392,49.557,0.0038465,-0.53426,-0.53426,102.65,1,1,0.61404
577.5,1738,1.5794,42.218,0.00044627,0.021394,0.021394,2.2918,0.54167,1,0.42105
577.5,1738,1.394,71.506,0.00019499,0.019482,0.019482,7.0082,0.125,1,0.42105
577.5,1758,1.5729,43.063,0.00086207,0.030566,0.030566,1.9039,0.97059,1,0.59649
577.5,1778,1.5707,42.859,0.0011949,0.055608,0.055608,3.7023,1,1,0.5614
577.5,1798,1.5633,42.78,0.0012248,0.066646,0.066646,5.639,0.92857,1,0.24561
577.5,1838,1.4843,59.049,0.00079756,-0.1239,-0.1239,19.248,0.27273,1,0.19298
597.5,118,1.5446,49.356,0.00040459,0.054921,0.054921,16.607,1,1,0.19298
597.5,138,1.5329,47.132,0.00074479,0.12708,0.12708,23.053,0.34378,1,0.52632
597.5,138,1.5573,51.964,0.00087823,0.055905,0.055905,7.428,0.65622,1,0.52632
597.5,158,1.544,49.915,0.00074005,0.083562,0.083562,17.338,1,1,0.54386
597.5,178,1.5445,49.868,0.00094503,0.097859,0.097859,17.993,1,1,0.54386
597.5,198,1.5415,49.793,0.0003179,0.032656,0.032656,11.517,0.92308,1,0.22807
597.5,518,1.5779,53.885,0.0025132,0.236,0.236,35.41,0.91667,1,0.21053
597.5,538,1.583,55.726,0.003284,0.36153,0.36153,49.998,1,1,0.17544
597.5,558,1.6103,56.348,0.0040886,0.45814,0.45814,61.834,1,1,0.19298
597.5,578,1.7165,49.816,0.03166,-1.6492,-1.6492,131.23,0.5,1,0.35088
597.5,578,6.1742,36.494,0.010132,-0.15722,-0.15722,6.8675,0.5,1,0.35088
597.5,598,6.1697,35.98,0.028269,-0.47437,-0.47437,14.238,0.9697,1,0.57895
597.5,618,6.1711,36.101,0.010785,-0.2333,-0.2333,10.107,0.58364,1,0.4386
597.5,618,4.632,37.303,3.3744,6.6311,6.6311,76.23,0.41636,1,0.4386
597.5,638,5.0001,34.927,2.7045,-0.034395,-0.034395,76.381,1,1,0.2807
597.5,658,3.2478,35.432,4.9516,-17.027,-17.027,81.738,1,1,0.54386
597.5,678,3.4452,37.337,0.0068848,-0.30641,-0.30641,13.899,0.88,1,0.4386
597.5,698,3.4654,38.78,0.017492,-0.36659,-0.36659,31.732,0.95238,1,0.73684
597.5,718,3.4215,36.922,0.016931,-0.3811,-0.3811,18.289,0.91667,1,0.21053
597.5,738,2.5277,28.298,0.092197,0.22338,0.22338,0.54389,0.83333,1,0.21053
597.5,758,2.3431,27.864,0.086542,0.19986,0.19986,0.47955,0.96875,1,0.5614
597.5,798,2.255,30.065,0.064948,-0.98308,-0.98308,33.643,1,1,0.61404
597.5,818,2.9232,31.678,0.024495,-0.71612,-0.71612,25.018,0.54167,1,0.42105
597.5,838,2.4612,29.667,0.13928,-0.36428,-0.36428,25.691,1,1,0.31579
597.5,858,2.4301,32.354,0.077371,-0.33077,-0.33077,18.176,1,1,0.42105
597.5,878,2.3429,32.4,0.046392,0.11398,0.11398,20.778,1,1,0.54386
597.5,898,2.1936,31.914,0.037716,-0.0017535,-0.0017535,22.728,1,1,0.52632
597.5,918,2.2568,30.66,0.034185,0.095805,0.095805,24.947,1,1,0.35088
597.5,1278,1.3268,42.883,0.0039775,0.08473,0.08473,12.68,1,1,0.19298
597.5,1298,1.3451,42.594,0.0014751,0.15932,0.15932,25.531,1,1,0.17544
597.5,1318,1.3663,46.734,0.00067121,-0.024229,-0.024229,0.87468,0.45455,1,0.38596
597.5,1318,5.8515,29.309,0.016125,0.20811,0.20811,8.0243,0.5,1,0.38596
597.5,1338,5.987,31.893,0.21605,2.1546,2.1546,35.435,0.77273,1,0.77193
597.5,1338,1.4142,43.727,0.00031516,0.02647,0.02647,2.2237,0.22727,1,0.77193
597.5,1358,5.9186,32.038,0.038397,0.54872,0.54872,19.51,1,1,0.75439
597.5,1378,5.8757,31.505,0.41635,3.7611,3.7611,58.896,1,1,0.45614
597.5,1398,6.0165,32.682,0.024439,0.47709,0.47709,39.022,0.73684,1,0.33333
597.5,1418,6.1178,32.646,0.017173,0.17936,0.17936,96.657,0.77273,1,0.38596
597.5,1438,6.0552,32.304,1.4034,13.105,13.105,163.61,1,1,0.35088
597.5,1458,5.1545,23.333,0.71724,5.2554,5.2554,45.123,0.66084,1,0.77193
597.5,1458,1.3916,41.324,0.04313,-0.40175,-0.40175,33.57,0.33916,1,0.77193
597.5,1478,5.3092,22.485,1.012,3.8151,3.8151,44.639,0.63704,1,0.7193
597.5,1478,1.4966,38.297,0.0097276,0.14284,0.14284,175.16,0.36296,1,0.7193
597.5,1498,1.4949,36.507,0.0034399,0.21569,0.21569,164.93,0.31707,1,0.7193
597.5,1518,4.3437,45.8,0.026157,0.92093,0.92093,46.782,0.61538,1,0.91228
597.5,1578,1.475,49.749,0.049547,-2.8275,-2.8275,234.84,0.38235,1,0.59649
597.5,1598,4.3431,46.87,0.018808,0.48803,0.48803,12.711,0.5,1,0.38596
597.5,1618,1.3489,44.233,0.00063769,-0.066979,-0.066979,7.0361,0.76923,1,0.22807
597.5,1638,1.4998,48.367,0.001338,-0.17122,-0.17122,44.955,0.90909,1,0.19298
597.5,1678,1.5365,47.588,0.0018702,-0.099346,-0.099346,78.626,1,1,0.35088
597.5,1698,1.5244,52.502,0.0035985,-0.44076,-0.44076,105.77,0.96774,1,0.54386
597.5,1718,1.5255,51.264,0.0045339,-0.5438,-0.5438,128.13,0.96875,1,0.5614
597.5,1738,1.548,46.796,0.0038348,-0.46697,-0.46697,89.481,1,1,0.70175
597.5,1758,1.5474,46.28,0.0032444,-0.36445,-0.36445,74.905,1,1,0.54386
597.5,1778,1.5672,43.046,0.00089338,0.037341,0.037341,2.3403,0.75,1,0.70175
597.5,1798,1.5688,42.676,0.00056171,0.024138,0.024138,1.6549,0.5,1,0.38596
617.5,138,1.5572,51.478,0.0030185,0.19103,0.19103,21.06,1,1,0.21053
617.5,158,1.5589,50.659,0.0040804,0.36465,0.36465,41.813,1,1,0.19298
617.5,178,1.5401,50.916,0.00048827,0.0090736,0.0090736,10.107,1,1,0.19298
617.5,578,0.0077073,35.608,0.011964,-0.29445,-0.29445,8.7974,0.83333,1,0.21053
617.5,598,6.2335,35.659,0.014091,-0.29334,-0.29334,9.8392,0.96774,1,0.54386
617.5,618,6.2649,35.866,0.0099749,-0.23303,-0.23303,7.0842,0.92593,1,0.47368
617.5,638,6.2388,31.207,0.32364,-0.079603,-0.079603,0.93765,0.39608,1,0.4386
617.5,638,2.7294,36.74,3.6735,-11.926,-11.926,49.749,0.60392,1,0.4386
617.5,658,0.07289,17.98,0.010626,0.033485,0.033485,0.14719,0.14286,1,0.36842
617.5,658,3.6674,39.576,0.043473,-0.99311,-0.99311,50.298,0.7619,1,0.36842
617.5,678,3.5711,39.619,0.036867,-0.75179,-0.75179,57.47,0.94737,1,0.66667
617.5,698,3.6089,39.539,0.16666,-0.60121,-0.60121,42.891,1,1,0.5614
617.5,718,3.5745,41.314,0.026934,-0.62035,-0.62035,64.033,0.47619,1,0.36842
617.5,738,2.3595,30.377,0.16566,1.1089,1.1089,16.871,1,1,0.38596
617.5,758,2.2678,27.675,0.020039,0.042327,0.042327,0.11649,0.54565,1,0.57895
617.5,758,2.8888,28.151,0.0015472,0.041016,0.041016,1.1427,0.39375,1,0.57895
617.5,778,2.3014,28.233,0.047761,0.038874,0.038874,2.9808,1,1,0.42105
617.5,798,2.7218,28.787,0.09455,-0.18097,-0.18097,13.274,1,1,0.57895
617.5,818,2.6586,29.066,0.1387,-0.33391,-0.33391,16.73,1,1,0.75439
617.5,838,2.8104,31.501,0.06103,-0.71223,-0.71223,20.867,1,1,0.47368
617.5,878,2.4298,33.296,0.053899,0.16293,0.16293,8.825,1,1,0.52632
617.5,898,2.4129,32.128,0.034319,0.37249,0.37249,24.545,1,1,0.35088
617.5,1318,6.04,34.004,0.003998,-0.14849,-0.14849,13.74,0.90909,1,0.19298
617.5,1338,5.9714,32.688,0.011982,0.12661,0.12661,14.938,1,1,0.7193
617.5,1358,6.0131,34.426,0.0076874,-0.029563,-0.029563,9.7443,0.85213,1,0.59649
617.5,1358,5.4982,24.08,0.016928,0.23506,0.23506,5.6149,0.14787,1,0.59649
617.5,1378,6.0162,34.448,0.0029283,-0.077523,-0.077523,11.481,0.91667,1,0.63158
617.5,1398,2.8881,23.153,0.033946,-0.97297,-0.97297,28.006,0.1875,1,0.2807
617.5,1398,6.0475,33.803,0.034845,-0.22349,-0.22349,126.12,0.75,1,0.2807
617.5,1418,6.0868,32.403,0.020567,0.39173,0.39173,89.285,0.88235,1,0.29825
617.5,1438,5.8347,28.951,1.0176,8.8956,8.8956,124.03,1,1,0.66667
617.5,1458,5.6682,27.921,1.8393,18.347,18.347,197.53,1,1,0.59649
617.5,1498,5.5643,17.58,1.6745,-5.738,-5.738,19.663,0.97059,1,0.59649
617.5,1518,3.0686,27.798,11.232,-43.185,-43.185,180.01,1,1,0.64912
617.5,1538,2.2712,30.585,2.6763,13.094,13.094,160.51,1,1,0.80702
617.5,1558,4.3184,46.171,0.024472,0.62494,0.62494,15.959,0.28571,1,0.61404
617.5,1578,4.316,46.153,0.019042,0.47813,0.47813,12.025,0.44,1,0.4386
617.5,1618,4.7518,53.41,0.001402,0.38247,0.38247,136.11,0.78571,1,0.24561
617.5,1638,4.7388,46.702,0.0015519,0.45704,0.45704,203.69,0.92308,1,0.22807
617.5,1658,4.7129,46.499,0.0082256,0.22828,0.22828,183.83,0.92857,1,0.24561
617.5,1678,4.6687,49.477,0.011155,0.5553,0.5553,50.517,0.76923,1,0.22807
617.5,1698,4.6096,39.944,0.0075241,-0.0042451,-0.0042451,132.68,0.54167,1,0.42105
617.5,1698,1.5372,52.476,0.0025393,-0.2303,-0.2303,88.115,0.45833,1,0.42105
617.5,1718,1.5372,47.961,0.0042804,-0.57723,-0.57723,114.43,0.45833,1,0.42105
617.5,1718,4.7403,50.882,0.0016779,0.60963,0.60963,232.23,0.5,1,0.42105
617.5,1738,4.7488,55.357,0.00069356,0.11952,0.11952,30.052,0.45455,1,0.38596
617.5,1738,1.5045,52.988,0.0060185,-0.76058,-0.76058,161.15,0.45455,1,0.38596
617.5,1758,1.5671,43.486,0.00064213,0.026894,0.026894,2.226,0.32353,1,0.59649
617.5,1758,4.8459,34.294,0.0035194,0.39278,0.39278,116.01,0.64706,1,0.59649
617.5,1778,4.8515,29.679,0.00014912,0.13663,0.13663,125.25,0.69767,1,0.75439
617.5,1778,1.5688,42.904,0.00056171,0.024593,0.024593,2.3185,0.25581,1,0.75439
617.5,1878,4.8214,34.102,0.0085129,0.44139,0.44139,128.88,0.35294,1,0.59649
617.5,1898,4.8367,38.189,0.0093655,-0.27555,-0.27555,218.84,0.64706,1,0.59649
617.5,1898,1.4736,60.817,0.011509,-1.8687,-1.8687,303.48,0.32353,1,0.59649
617.5,1918,4.7899,41.777,0.010357,-0.24901,-0.24901,101.8,0.95455,1,0.38596
637.5,578,6.2353,34.877,0.013366,-0.37454,-0.37454,12.542,0.83333,1,0.21053
637.5,598,6.2755,35.326,0.0096678,-0.21385,-0.21385,7.5995,1,1,0.73684
637.5,618,6.2497,35.152,0.0075894,-0.1964,-0.1964,8.745,0.69746,1,0.63158
637.5,618,4.7961,33.869,2.4113,-5.5846,-5.5846,15.736,0.30254,1,0.63158
637.5,638,5.5595,34.757,1.2379,-1.152,-1.152,15.96,0.90796,1,0.75439
637.5,638,3.5466,41.501,0.019909,0.13179,0.13179,0.88943,0.092038,1,0.75439
637.5,658,3.7085,41.448,0.044251,-0.18073,-0.18073,61.027,0.77257,1,0.77193
637.5,658,5.8751,31.533,0.44875,-0.54903,-0.54903,1.5312,0.18197,1,0.77193
637.5,678,3.7876,39.446,0.041582,-0.44863,-0.44863,47.618,0.94444,1,0.63158
637.5,698,3.4275,37.044,0.39717,2.7124,2.7124,83.928,1,1,0.75439
637.5,718,2.4315,29.967,0.17321,0.49414,0.49414,31.564,0.66688,1,0.57895
637.5,718,3.968,40.215,0.0088829,-0.24052,-0.24052,22.668,0.33312,1,0.57895
637.5,738,2.5565,29.141,0.15807,0.10917,0.10917,23.588,1,1,0.59649
637.5,758,2.5107,30.595,0.1537,0.4928,0.4928,14.484,1,1,0.73684
637.5,798,2.8025,28.147,0.078033,-0.0039679,-0.0039679,3.1727,1,1,0.75439
637.5,818,2.9721,29.563,0.014028,-0.09274,-0.09274,10.196,1,1,0.75439
637.5,1318,5.4143,25.782,0.0018746,-0.01063,-0.01063,0.060282,0.45455,1,0.38596
637.5,1318,6.0101,32.939,0.0031537,-0.16036,-0.16036,10.913,0.45455,1,0.38596
637.5,1338,5.9295,34.351,0.10375,-1.2108,-1.2108,30.387,1,1,0.54386
637.5,1358,6.011,34.049,0.0023232,-0.070926,-0.070926,11.108,0.94444,1,0.63158
637.5,1378,5.915,34.266,0.14557,-0.33333,-0.33333,94.135,0.95652,1,0.40351
637.5,1398,5.9818,29.629,0.0014629,0.14785,0.14785,23.663,0.82143,1,0.49123
637.5,1418,5.9137,31.06,0.55177,4.6922,4.6922,126.83,0.88923,1,0.47368
637.5,1418,4.0791,17.468,0.0088536,0.053688,0.053688,0.37164,0.11077,1,0.47368
637.5,1438,5.468,27.273,1.5614,14.26,14.26,173.09,1,1,0.5614
637.5,1458,5.2437,28.678,1.2289,8.8787,8.8787,204.62,1,1,0.91228
637.5,1478,5.0269,26.714,1.1862,5.3658,5.3658,249.51,1,1,0.73684
637.5,1498,4.294,23.823,3.3883,-14.875,-14.875,89.095,1,1,0.75439
637.5,1518,3.7335,26.363,6.9941,-30.888,-30.888,162.99,1,1,1
637.5,1538,2.6387,30.266,3.1196,9.132,9.132,129.84,1,1,0.78947
637.5,1558,2.0141,29.687,0.064936,-2.1928,-2.1928,74.174,0.71429,1,0.73684
637.5,1558,4.7324,45.213,0.0017225,0.06168,0.06168,89.095,0.2619,1,0.73684
637.5,1578,2.0268,29.149,0.077473,-2.604,-2.604,87.65,0.47619,1,0.36842
637.5,1578,4.7563,45.635,0.0017544,0.11753,0.11753,103.41,0.52381,1,0.36842
637.5,1598,4.7505,50.863,0.0014743,0.24073,0.24073,155.84,0.95455,1,0.38596
637.5,1618,4.7483,51.151,0.00098456,0.24563,0.24563,112.44,0.9697,1,0.57895
637.5,1638,4.7376,50.979,0.0039925,0.41105,0.41105,120.5,1,1,0.57895
637.5,1658,4.7166,49.195,0.0083494,0.49963,0.49963,115.86,1,1,0.59649
637.5,1678,4.6688,46.12,0.010217,0.52488,0.52488,106.16,1,1,0.57895
637.5,1698,4.6629,47.203,0.009276,0.61351,0.61351,107.99,1,1,0.75439
637.5,1718,4.7199,51.395,0.0063082,0.58161,0.58161,112.26,1,1,0.75439
637.5,1738,4.7929,50.787,0.0041191,-0.19618,-0.19618,96.556,1,1,0.5614
637.5,1758,4.807,40.738,0.0078046,-0.33237,-0.33237,198.57,1,1,0.5614
637.5,1838,4.6825,63.378,0.0026902,0.09634,0.09634,3.4502,0.25714,1,0.61404
637.5,1838,4.842,22.323,0.00022187,0.093315,0.093315,66.398,0.34286,1,0.61404
637.5,1858,4.6937,63.77,0.0031686,0.11321,0.11321,4.0449,0.8,1,0.26316
637.5,1878,4.832,41.381,0.01306,-1.0449,-1.0449,285.37,0.58333,1,0.42105
637.5,1898,4.8032,41.251,0.009514,-0.43879,-0.43879,170.88,0.97059,1,0.59649
637.5,1918,4.7702,45.935,0.0080848,-0.55378,-0.55378,120.95,0.96875,1,0.5614
637.5,1938,4.724,47.969,0.001748,-0.084883,-0.084883,16.693,1,1,0.17544
657.5,138,4.7358,50.515,0.001793,0.14696,0.14696,14.903,1,1,0.17544
657.5,158,4.7277,49.408,0.0010064,0.058959,0.058959,8.0429,1,1,0.17544
657.5,278,4.7265,50.025,0.0022817,0.13723,0.13723,12.171,0.90909,1,0.19298
657.5,298,4.7177,48.368,0.0042668,0.14027,0.14027,5.2181,1,1,0.17544
657.5,318,4.7363,51.313,0.0026548,0.08772,0.08772,6.0012,1,1,0.17544
657.5,518,5.5323,4.4405,0.083121,0.088644,0.088644,2.0488,0.90909,1,0.19298
657.5,538,5.3836,4.4148,0.16725,-0.04477,-0.04477,0.70842,0.83333,1,0.21053
657.5,558,4.3888,12.75,5.4767,-31.549,-31.549,191.38,1,1,0.21053
657.5,578,0.048963,34.235,0.0051154,-0.064443,-0.064443,4.708,0.45455,1,0.38596
657.5,578,5.2306,8.922,0.1628,-0.31975,-0.31975,5.1701,0.45455,1,0.38596
657.5,598,0.022886,33.918,0.013361,-0.24887,-0.24887,9.4179,0.9375,1,0.5614
657.5,618,0.014553,34.449,0.016946,-0.23938,-0.23938,8.4896,1,1,0.77193
657.5,638,6.2599,32.92,0.076963,-0.16175,-0.16175,10.617,0.65909,1,0.77193
657.5,638,3.8283,45.28,0.10395,0.3623,0.3623,49.093,0.34091,1,0.77193
657.5,658,3.5042,42.081,0.38275,3.3229,3.3229,86.315,0.67451,1,0.75439
657.5,658,0.071023,31.633,0.12352,-1.8058,-1.8058,47.875,0.32549,1,0.75439
657.5,678,3.7697,44.666,0.027618,-0.23014,-0.23014,70.995,0.92308,1,0.45614
657.5,698,3.9482,41.605,0.010363,-0.25463,-0.25463,27.969,0.9375,1,0.2807
657.5,738,2.5136,34.015,0.2045,1.1361,1.1361,6.3114,0.88,1,0.4386
657.5,758,3.0119,31.375,0.32847,1.8403,1.8403,32.47,1,1,0.7193
657.5,778,2.8951,30.255,0.18684,0.2533,0.2533,12.798,0.82927,1,0.7193
657.5,778,4.1749,50.345,0.0072155,0.30695,0.30695,14.103,0.17073,1,0.7193
657.5,798,3.088,31.656,0.010016,-0.019562,-0.019562,0.050214,0.41509,1,0.92982
657.5,818,2.9871,29.044,0.0068554,0.10244,0.10244,3.2236,1,1,0.75439
657.5,1278,5.1752,33.976,0.048924,-0.7522,-0.7522,33.205,0.91667,1,0.21053
657.5,1298,5.3218,29.507,0.030823,-0.5349,-0.5349,35.206,0.95652,1,0.40351
657.5,1318,5.4416,25.826,0.0048326,0.018319,0.018319,0.47221,0.6875,1,0.5614
657.5,1338,5.7196,31.505,0.14152,-0.20809,-0.20809,42.435,1,1,0.5614
657.5,1358,5.7612,35.025,0.24689,-1.8437,-1.8437,117.5,1,1,0.64912
657.5,1378,5.9854,31.27,0.0020381,0.13798,0.13798,31.196,0.72727,1,0.57895
657.5,1398,5.7655,29.432,0.29154,-0.082404,-0.082404,100.16,1,1,0.42105
657.5,1418,5.5851,28.361,0.34619,0.52847,0.52847,40.491,1,1,0.47368
657.5,1438,5.1878,32.603,0.66728,2.4818,2.4818,176.78,1,1,0.64912
657.5,1458,4.9838,34.909,0.98646,6.1622,6.1622,288.49,1,1,0.80702
657.5,1478,4.7323,38.923,0.0055528,0.41554,0.41554,132.16,0.28197,1,0.80702
657.5,1478,4.7065,34.031,0.012464,1.5609,1.5609,284.24,0.69629,1,0.80702
657.5,1498,4.757,35.691,0.66993,-1.1642,-1.1642,256.25,1,1,0.80702
657.5,1518,4.6505,37.716,0.35134,0.97945,0.97945,183.24,1,1,0.80702
657.5,1538,4.7565,46.594,0.0029768,0.11007,0.11007,68.079,0.72917,1,0.84211
657.5,1538,1.9383,32.273,0.047715,-1.602,-1.602,53.911,0.20833,1,0.84211
657.5,1558,4.7421,46.215,0.0020391,0.088432,0.088432,51.55,0.71739,1,0.80702
657.5,1558,2.0268,29.149,0.077473,-2.604,-2.604,87.65,0.21739,1,0.80702
657.5,1578,4.7439,48.164,0.0019861,0.10886,0.10886,78.202,0.97222,1,0.63158
657.5,1598,4.7521,49.406,0.0020429,0.17689,0.17689,81.576,1,1,0.61404
657.5,1618,4.745,51.18,0.0013501,0.18044,0.18044,81.946,1,1,0.59649
657.5,1638,4.7471,51.565,0.00083142,0.14738,0.14738,50.687,0.96296,1,0.47368
657.5,1658,4.7278,51.138,0.0083331,0.58022,0.58022,73.574,1,1,0.2807
657.5,1678,4.6606,47.917,0.010802,0.57729,0.57729,53.544,1,1,0.4386
657.5,1698,4.6719,47.717,0.0096776,0.47097,0.47097,58.565,1,1,0.61404
657.5,1718,4.7218,52.112,0.0078499,0.44128,0.44128,67.144,1,1,0.61404
657.5,1738,4.7528,55.091,0.0008383,0.12999,0.12999,34.023,0.92308,1,0.45614
657.5,1778,4.8202,34.056,0.01256,-0.42959,-0.42959,209.15,1,1,0.2807
657.5,1798,4.7771,46.394,0.02634,-0.65291,-0.65291,118.08,1,1,0.14035
657.5,1838,4.745,56.761,0.010348,-0.74493,-0.74493,109.52,1,1,0.29825
657.5,1858,4.7893,51.835,0.0053504,-1.0951,-1.0951,236.69,0.9375,1,0.2807
657.5,1878,4.8037,50.009,0.017565,-0.58833,-0.58833,87.556,1,1,0.12281
657.5,1898,4.7684,46.666,0.0054717,-0.40325,-0.40325,106.02,1,1,0.59649
657.5,1918,4.724,48.394,0.0020412,-0.067953,-0.067953,13.301,1,1,0.52632
657.5,1938,4.7373,48.885,0.00278,-0.021942,-0.021942,8.6778,1,1,0.17544
677.5,118,4.7351,50.263,0.0010651,0.11656,0.11656,19.103,1,1,0.52632
677.5,138,4.7319,49.977,0.0011968,0.10368,0.10368,14.015,1,1,0.54386
677.5,158,4.7295,49.22,0.0011536,0.085175,0.085175,11.714,1,1,0.54386
677.5,178,4.7245,49.417,0.0010192,0.0533,0.0533,7.3126,1,1,0.19298
677.5,258,4.7326,49.927,0.0029293,0.11051,0.11051,10.192,1,1,0.21053
677.5,278,4.7259,49.693,0.0029558,0.11819,0.11819,8.4906,1,1,0.54386
677.5,298,4.7288,50.059,0.003258,0.13313,0.13313,9.1688,1,1,0.5614
677.5,318,4.706,49.427,0.0041086,0.12863,0.12863,8.4151,1,1,0.7193
677.5,338,4.6746,50.018,0.0028354,0.045662,0.045662,1.9568,1,1,0.73684
677.5,398,4.6295,45.376,0.0012445,-0.0087066,-0.0087066,0.13822,0.45455,1,0.38596
677.5,418,4.6505,45.209,0.0012405,-0.0041742,-0.0041742,0.062168,0.90909,1,0.19298
677.5,438,4.648,45.273,0.0006602,-0.0039164,-0.0039164,0.052039,0.83333,1,0.21053
677.5,478,4.6445,44.663,0.0011259,-0.00059201,-0.00059201,4.1995,1,1,0.17544
677.5,498,4.6589,44.99,0.0021144,-0.011791,-0.011791,7.3544,0.54545,1,0.38596
677.5,498,5.5323,4.4405,0.083121,0.088644,0.088644,2.0488,0.45455,1,0.38596
677.5,518,5.4219,4.3103,0.15702,0.10818,0.10818,1.5666,0.96774,1,0.54386
677.5,538,5.4168,5.3077,0.39102,-1.6124,-1.6124,13.457,0.96774,1,0.54386
677.5,558,5.3163,6.8015,0.41458,-1.7893,-1.7893,16.369,0.96774,1,0.54386
677.5,578,5.3371,7.7627,0.46407,-2.1285,-2.1285,17.38,0.75,1,0.70175
677.5,578,0.067563,32.642,0.013919,-0.19107,-0.19107,8.3564,0.25,1,0.70175
677.5,598,0.061831,33.013,0.014188,-0.15489,-0.15489,6.0645,0.77778,1,0.94737
677.5,598,5.2306,8.922,0.1628,-0.31975,-0.31975,5.1701,0.18519,1,0.94737
677.5,618,0.090098,32.785,0.019885,-0.24591,-0.24591,7.9798,0.97143,1,0.61404
677.5,638,0.0055319,33.168,0.39844,-3.5373,-3.5373,38.217,0.88889,1,0.94737
677.5,638,3.7965,46.315,0.026406,-0.26213,-0.26213,2.602,0.037037,1,0.94737
677.5,638,2.307,26.989,0.060025,-0.056027,-0.056027,0.052295,0.037037,1,0.94737
677.5,658,0.38865,21.338,0.072527,-2.1171,-2.1171,115.46,0.53112,1,0.75439
677.5,658,3.3333,42.864,0.62498,7.0714,7.0714,118.18,0.46888,1,0.75439
677.5,678,2.3106,33.035,1.4601,15.876,15.876,229.17,1,1,0.2807
677.5,698,3.844,47.105,0.0023761,-0.19728,-0.19728,19.68,0.8125,1,0.2807
677.5,718,3.9892,41.452,0.007067,-0.24389,-0.24389,31.865,0.77778,1,0.31579
677.5,738,3.6645,35.938,0.47468,3.5151,3.5151,64.282,1,1,0.26316
677.5,758,3.8005,36.062,0.00038025,-0.097911,-0.097911,25.211,0.062491,1,0.5614
677.5,758,3.4822,38.168,0.64398,4.1473,4.1473,74.675,0.93751,1,0.5614
677.5,778,4.1235,44.127,0.0075169,0.526,0.526,81.613,0.39173,1,0.89474
677.5,778,3.2211,31.479,0.27775,2.228,2.228,34.422,0.60827,1,0.89474
677.5,798,3.3597,33.759,0.22958,3.1353,3.1353,61.458,1,1,0.73684
677.5,1238,5.106,39.238,0.012498,-0.96258,-0.96258,85.484,0.8,1,0.17544
677.5,1238,5.2825,30.322,0.00055225,-0.010791,-0.010791,0.21086,0.2,1,0.17544
677.5,1258,5.1656,34.931,0.019675,-0.38139,-0.38139,28.652,0.91304,1,0.40351
677.5,1278,5.1588,34.258,0.026093,-0.44855,-0.44855,38.666,0.93939,1,0.57895
677.5,1298,5.2617,31.273,0.036864,-0.7953,-0.7953,43.483,0.97059,1,0.59649
677.5,1318,5.2956,30.529,0.033929,-0.55825,-0.55825,42.174,1,1,0.75439
677.5,1338,5.6209,32.25,0.17865,-0.87199,-0.87199,71.776,1,1,0.63158
677.5,1358,5.6013,35.294,0.26137,-1.1902,-1.1902,90.04,1,1,0.31579
677.5,1378,5.6653,34.995,0.27784,-1.4087,-1.4087,126.7,1,1,0.49123
677.5,1398,5.5622,29.75,0.23827,-2.4741,-2.4741,31.448,0.83333,1,0.42105
677.5,1418,4.9326,36.728,0.32208,3.0497,3.0497,96.073,1,1,0.21053
677.5,1438,5.1176,33.457,0.35484,1.1913,1.1913,94.793,1,1,0.36842
677.5,1458,4.7675,42.796,0.011536,0.94011,0.94011,182.64,0.92,1,0.4386
677.5,1478,4.746,42.944,0.014116,1.5239,1.5239,242.44,0.92593,1,0.47368
677.5,1498,4.7208,36.964,0.0053896,0.51828,0.51828,127.02,1,1,0.35088
677.5,1518,4.7837,48.137,0.0025141,-0.0064572,-0.0064572,106.87,1,1,0.47368
677.5,1538,4.7472,45.462,0.0028792,0.24831,0.24831,93.503,1,1,0.4386
677.5,1558,4.7335,44.97,0.0017589,0.0098389,0.0098389,56.758,0.91667,1,0.42105
677.5,1578,4.7528,47.175,0.001588,0.067939,0.067939,76.408,0.92857,1,0.49123
677.5,1598,4.7461,48.478,0.0026017,0.23185,0.23185,105.66,0.92857,1,0.49123
677.5,1618,4.731,47.349,0.0012631,0.036432,0.036432,65.161,1,1,0.42105
677.5,1638,4.7391,46.788,0.001441,0.1528,0.1528,75.956,1,1,0.26316
677.5,1658,4.7339,45.847,0.0017258,0.13434,0.13434,81.905,1,1,0.29825
677.5,1678,4.7334,46.409,0.0022816,-0.033249,-0.033249,64.156,1,1,0.29825
677.5,1698,4.6985,46.814,0.006655,0.18863,0.18863,58.085,1,1,0.47368
677.5,1718,4.7473,48.721,0.0056474,0.097952,0.097952,89.741,1,1,0.45614
677.5,1738,4.7544,45.927,0.0095134,-0.13365,-0.13365,60.174,1,1,0.2807
677.5,1758,4.7391,44.861,0.011872,0.01785,0.01785,66.567,1,1,0.29825
677.5,1778,4.7215,44.091,0.0096761,-0.056138,-0.056138,63.281,1,1,0.49123
677.5,1798,4.7427,45.841,0.011184,0.050271,0.050271,76.587,1,1,0.35088
677.5,1818,4.7543,44.954,0.01518,-0.027894,-0.027894,63.932,1,1,0.26316
677.5,1838,4.7444,48.361,0.0069833,-0.3449,-0.3449,149.56,1,1,0.45614
677.5,1858,4.7441,50.135,0.0063233,-0.47316,-0.47316,152.98,1,1,0.42105
677.5,1878,4.7565,48.858,0.004733,-0.24689,-0.24689,89.014,1,1,0.68421
677.5,1898,4.7323,47.945,0.0030562,0.10961,0.10961,27.612,1,1,0.61404
677.5,1918,4.7349,48.508,0.002232,-0.057615,-0.057615,11.109,1,1,0.52632
677.5,1938,4.7108,48.328,0.0012446,-0.10444,-0.10444,14.107,1,1,0.17544
697.5,98,4.7295,50.11,0.00077263,0.089457,0.089457,20.519,1,1,0.19298
697.5,118,4.7395,49.971,0.0010119,0.089952,0.089952,16.119,1,1,0.5614
697.5,138,4.733,49.522,0.00094852,0.08858,0.08858,15.529,1,1,0.77193
697.5,158,4.7254,48.695,0.0010462,0.082032,0.082032,11.873,1,1,0.57895
697.5,178,4.7237,48.249,0.001565,0.11667,0.11667,14.869,1,1,0.24561
697.5,258,4.7338,49.605,0.00285,0.081068,0.081068,8.042,1,1,0.24561
697.5,278,4.7158,49.306,0.0027173,0.12893,0.12893,10.908,1,1,0.57895
697.5,298,4.7128,48.615,0.0040369,0.17095,0.17095,10.101,1,1,0.77193
697.5,318,4.7038,49.506,0.003539,0.11259,0.11259,8.1219,1,1,0.75439
697.5,338,4.6629,49.213,0.0019212,0.03398,0.03398,4.0379,1,1,0.7193
697.5,398,4.646,45.268,0.001382,-0.007307,-0.007307,0.092409,0.72727,1,0.77193
697.5,418,4.6415,45.295,0.001085,-0.0059751,-0.0059751,0.08836,1,1,0.5614
697.5,438,4.6492,45.27,0.0012318,-0.0055118,-0.0055118,0.084291,0.9375,1,0.5614
697.5,458,4.6391,45.379,0.00063684,0.013545,0.013545,5.8282,0.46472,1,0.40351
697.5,458,4.6511,45.137,0.0009566,-0.0081916,-0.0081916,0.11375,0.53528,1,0.40351
697.5,478,4.6541,44.66,0.0012479,-0.028191,-0.028191,8.6935,1,1,0.5614
697.5,498,4.6467,45.006,0.0012141,-0.012126,-0.012126,6.7464,0.6875,1,0.5614
697.5,498,5.3499,4.0757,0.20186,0.25341,0.25341,1.8598,0.3125,1,0.5614
697.5,518,5.4411,4.2581,0.15081,0.18766,0.18766,1.9875,0.4878,1,0.7193
697.5,518,4.6466,44.843,0.0021497,-0.044928,-0.044928,5.9903,0.5122,1,0.7193
697.5,538,5.4044,4.2083,0.20079,0.088584,0.088584,1.3196,0.96,1,0.4386
697.5,558,5.4033,7.065,0.55377,-2.7464,-2.7464,22.696,0.93103,1,0.50877
697.5,578,5.3298,7.6748,0.34423,-1.5456,-1.5456,14.881,0.72727,1,0.77193
697.5,598,0.062221,32.067,0.013343,-0.11499,-0.11499,4.5073,0.62857,1,0.61404
697.5,598,5.3239,8.1653,0.32871,-1.5532,-1.5532,13.768,0.34286,1,0.61404
697.5,618,0.049283,32.036,0.014691,-0.0065893,-0.0065893,0.3063,0.8,1,0.61404
697.5,638,0.18342,27.152,0.66474,-5.2315,-5.2315,106.33,1,1,0.77193
697.5,658,1.2251,24.799,2.5322,15.052,15.052,200.35,1,1,0.77193
697.5,678,0.54536,10.819,0.013968,0.030412,0.030412,6.1893,0.53846,1,0.45614
697.5,678,3.8384,47.432,0.0021488,-0.18156,-0.18156,17.562,0.38462,1,0.45614
697.5,698,3.9296,45.081,0.015798,-0.21902,-0.21902,31.128,0.88,1,0.4386
697.5,718,3.9126,44.857,0.0091284,-0.378,-0.378,31.287,0.67647,1,0.59649
697.5,718,4.5701,7.8239,0.016234,-0.3663,-0.3663,14.519,0.29412,1,0.59649
697.5,738,3.9303,42.904,0.057105,0.45703,0.45703,41.424,1,1,0.26316
697.5,758,3.9874,41.618,0.19151,2.7047,2.7047,116.18,1,1,0.59649
697.5,778,3.9118,38.861,0.12696,2.0418,2.0418,73.79,1,1,0.77193
697.5,798,3.32,31.031,0.086877,-0.1707,-0.1707,0.99224,0.75758,1,0.57895
697.5,818,3.3151,30.887,0.015235,-0.053757,-0.053757,0.18968,0.92,1,0.4386
697.5,838,3.4065,30.628,0.0061075,-0.011997,-0.011997,0.031395,0.49961,1,0.5614
697.5,838,3.0834,31.623,0.0070854,-0.018353,-0.018353,0.049228,0.43789,1,0.5614
697.5,858,3.6018,33.462,0.25918,2.5091,2.5091,34.996,1,1,0.38596
697.5,1198,5.2603,34.944,0.0094098,-0.11785,-0.11785,12.374,1,1,0.17544
697.5,1218,5.1996,37.36,0.016875,-0.6512,-0.6512,48.442,0.95238,1,0.36842
697.5,1238,5.178,36.25,0.010821,-0.65198,-0.65198,54.699,0.93939,1,0.57895
697.5,1258,5.164,35.917,0.013193,-0.56385,-0.56385,47.506,0.94286,1,0.61404
697.5,1278,5.1599,35.052,0.017914,-0.38532,-0.38532,31.541,0.97059,1,0.59649
697.5,1298,5.1366,35.207,0.016246,-0.23449,-0.23449,38.448,1,1,0.61404
697.5,1318,5.2791,32.083,0.054977,-0.44246,-0.44246,44.862,1,1,0.4386
697.5,1338,5.2233,37.539,0.10954,-0.16975,-0.16975,45.454,1,1,0.36842
697.5,1358,5.4746,35.932,0.25787,-1.5849,-1.5849,80.569,1,1,0.40351
697.5,1378,5.0043,34.819,0.051899,-0.8393,-0.8393,23.341,1,1,0.17544
697.5,1398,4.9199,45.887,0.010307,0.52378,0.52378,95.975,0.84615,1,0.22807
697.5,1418,4.9017,45.78,0.0076843,0.27135,0.27135,57.567,0.76471,1,0.29825
697.5,1438,4.8023,40.759,0.087227,2.4815,2.4815,130.56,0.875,1,0.2807
697.5,1458,4.788,43.907,0.03377,1.1004,1.1004,134.81,0.89474,1,0.33333
697.5,1478,4.8532,45.334,0.0082781,-0.24778,-0.24778,104.85,1,1,0.2807
697.5,1498,4.8266,45.192,0.009273,0.068723,0.068723,90.995,1,1,0.2807
697.5,1518,4.7991,46.058,0.0042261,0.13031,0.13031,91.345,1,1,0.33333
697.5,1538,4.7586,43.844,0.0028362,0.05883,0.05883,76.339,1,1,0.33333
697.5,1558,4.7516,46.702,0.001564,-0.10231,-0.10231,88.799,1,1,0.19298
697.5,1578,4.75,46.854,0.001462,0.048285,0.048285,74.457,0.91304,1,0.40351
697.5,1598,4.7683,46.808,0.0017063,0.00070805,0.00070805,73.488,0.86667,1,0.26316
697.5,1618,4.744,46.401,0.0039244,-0.18218,-0.18218,81.023,0.94737,1,0.33333
697.5,1638,4.7641,46.728,0.0046931,-0.2338,-0.2338,77.145,1,1,0.29825
697.5,1658,4.7605,43.702,0.005268,-0.16257,-0.16257,68.125,1,1,0.26316
697.5,1678,4.7395,47.321,0.0037787,-0.219,-0.219,71.66,1,1,0.29825
697.5,1698,4.7567,46.956,0.0057586,-0.13694,-0.13694,88.818,1,1,0.40351
697.5,1718,4.7296,45.19,0.0046821,-0.073071,-0.073071,83.407,1,1,0.42105
697.5,1738,4.7415,48.038,0.007336,-0.23214,-0.23214,68.607,1,1,0.54386
697.5,1758,4.7277,45.604,0.0077616,-0.070934,-0.070934,76.661,1,1,0.52632
697.5,1778,4.7045,43.85,0.0035648,-0.065425,-0.065425,53.421,1,1,0.40351
697.5,1798,4.7012,45.515,0.0026523,-0.069871,-0.069871,68.181,1,1,0.68421
697.5,1818,4.7026,48.066,0.0028172,0.18939,0.18939,121.17,1,1,0.2807
697.5,1838,4.6998,44.367,0.0045156,0.1553,0.1553,53.235,1,1,0.26316
697.5,1858,4.7389,48.969,0.0050792,-0.37164,-0.37164,124.14,1,1,0.59649
697.5,1878,4.7201,46.443,0.0046231,0.26745,0.26745,48.196,1,1,0.52632
697.5,1898,4.7239,48.316,0.0043226,0.10576,0.10576,31.986,1,1,0.73684
697.5,1918,4.7275,48.068,0.003779,0.19278,0.19278,38.385,1,1,0.35088
717.5,98,4.7505,50.23,0.0015771,0.071939,0.071939,6.589,1,1,0.17544
717.5,118,4.7395,49.964,0.00098073,0.069894,0.069894,13.057,1,1,0.54386
717.5,138,4.737,49.497,0.0011725,0.085989,0.085989,11.788,1,1,0.57895
717.5,178,4.7105,47.825,0.0013356,0.1107,0.1107,12.616,1,1,0.22807
717.5,258,4.693,47.367,0.0023729,0.099468,0.099468,9.1316,1,1,0.22807
717.5,278,4.7034,48.258,0.0034294,0.14371,0.14371,10.036,1,1,0.57895
717.5,298,4.6979,48.038,0.003121,0.12341,0.12341,7.9474,1,1,0.5614
717.5,318,4.6892,48.325,0.0032437,0.096755,0.096755,7.676,1,1,0.75439
717.5,338,4.6507,49.584,0.00067458,-0.0032646,-0.0032646,0.021281,0.8,1,0.70175
717.5,358,4.6496,49.608,0.00035903,-0.001077,-0.001077,0.0032317,0.72093,1,0.75439
717.5,358,4.1957,4.0137,0.74625,0.1571,0.1571,0.23362,0.23256,1,0.75439
717.5,378,4.6472,49.616,0.00030754,-0.00092313,-0.00092313,0.0027716,0.57692,1,0.91228
717.5,378,3.3648,4.1389,0.36739,0.040999,0.040999,0.15198,0.13148,1,0.91228
717.5,378,4.2355,4.0307,0.015061,0.011967,0.011967,0.077414,0.060828,1,0.91228
717.5,398,4.6521,46.671,0.001259,0.0086927,0.0086927,4.1047,0.77273,1,0.77193
717.5,398,3.7464,9.1407,0.33756,1.1472,1.1472,14.135,0.22727,1,0.77193
717.5,418,4.6705,45.248,0.0013528,-0.0099177,-0.0099177,0.1335,0.62151,1,0.77193
717.5,418,4.6425,45.188,0.0010007,-0.0010014,-0.0010014,0.011047,0.35577,1,0.77193
717.5,438,4.649,45.331,0.0010778,-0.0067976,-0.0067976,0.18751,0.93939,1,0.57895
717.5,458,4.6596,45.139,0.0017235,-0.019371,-0.019371,7.42,1,1,0.42105
717.5,478,4.6441,44.879,0.0029415,-0.04954,-0.04954,7.8714,1,1,0.5614
717.5,498,4.6348,45.935,0.004514,-0.048785,-0.048785,3.8329,0.58355,1,0.77193
717.5,498,4.6633,44.216,0.00070548,-0.033587,-0.033587,10.923,0.41645,1,0.77193
717.5,518,4.6313,44.451,0.0048726,0.077803,0.077803,13.139,0.52941,1,0.59649
717.5,518,5.4322,4.1845,0.1786,0.14656,0.14656,1.6884,0.47059,1,0.59649
717.5,538,4.6419,45.967,0.0041794,-0.038416,-0.038416,3.8955,0.58333,1,0.42105
717.5,538,5.896,3.9151,0.13344,-0.25775,-0.25775,0.97203,0.41667,1,0.42105
717.5,558,4.6218,42.926,0.0051601,-0.033677,-0.033677,11.703,0.23077,1,0.45614
717.5,558,5.6459,4.5517,0.39575,-1.3391,-1.3391,8.336,0.76923,1,0.45614
717.5,578,5.4863,6.2579,0.34798,-1.6913,-1.6913,15.303,0.77143,1,0.61404
717.5,578,4.618,42.4,0.0026953,-0.070772,-0.070772,12.218,0.22857,1,0.61404
717.5,598,4.6155,31.026,0.02558,-0.029412,-0.029412,283.2,0.35484,1,0.54386
717.5,598,6.2217,22.651,0.05475,1.9736,1.9736,169.35,0.64516,1,0.54386
717.5,618,0.068896,31.264,1.8342,-8.8603,-8.8603,49.49,0.95,1,0.35088
717.5,638,0.42305,28.633,4.2419,-21.525,-21.525,155.38,1,1,0.7193
717.5,658,1.4164,21.053,4.2763,22.809,22.809,184.09,1,1,0.64912
717.5,678,0.53123,13.073,3.2598,13.957,13.957,73.442,0.7143,1,0.36842
717.5,678,4.123,43.772,0.079482,0.41625,0.41625,11.018,0.2857,1,0.36842
717.5,698,0.44194,9.3988,0.00094265,-0.019734,-0.019734,0.41313,0.085714,1,0.61404
717.5,698,3.9428,48.577,0.060068,-0.26181,-0.26181,31.908,0.37143,1,0.61404
717.5,698,4.5823,7.5784,0.01684,-0.36102,-0.36102,12.837,0.48571,1,0.61404
717.5,718,4.5841,7.2676,0.016215,-0.36092,-0.36092,13.119,0.49997,1,0.45614
717.5,718,3.9585,44.321,0.0092764,-0.3837,-0.3837,59.791,0.50003,1,0.45614
717.5,738,4.1827,46.373,0.036959,1.214,1.214,101.66,0.58334,1,0.42105
717.5,738,4.5701,7.8239,0.016234,-0.36628,-0.36628,14.518,0.41666,1,0.42105
717.5,758,4.1313,42.951,0.053852,1.3374,1.3374,86.824,1,1,0.40351
717.5,778,4.0853,41.891,0.06286,1.5906,1.5906,92.955,1,1,0.61404
717.5,798,3.8089,35.474,0.18922,2.0773,2.0773,28.561,1,1,0.49123
717.5,818,3.445,30.537,0.0042205,-0.0030793,-0.0030793,0.0022468,0.76471,1,0.29825
717.5,838,3.5372,32.387,0.18941,1.8914,1.8914,27.394,1,1,0.59649
717.5,858,3.6521,32.606,0.1594,1.8977,1.8977,34.223,1,1,0.57895
717.5,878,4.2111,38.759,0.2243,2.3977,2.3977,38.538,1,1,0.36842
717.5,898,4.3696,39.941,0.012455,0.15385,0.15385,5.0107,1,1,0.17544
717.5,1158,5.0902,42.143,0.031652,-0.78482,-0.78482,56.682,1,1,0.17544
717.5,1178,5.1246,37.806,0.071415,-2.2945,-2.2945,108.99,1,1,0.35088
717.5,1198,5.2685,35.096,0.0085014,-0.2003,-0.2003,20.767,1,1,0.54386
717.5,1218,5.2418,35.988,0.01116,-0.34315,-0.34315,29.178,0.93939,1,0.57895
717.5,1238,5.2084,36.642,0.014528,-0.65545,-0.65545,52.046,0.94286,1,0.61404
717.5,1258,5.1885,35.558,0.0079811,-0.49377,-0.49377,44.126,0.96154,1,0.45614
717.5,1278,5.1429,35.808,0.018447,-0.33718,-0.33718,29.807,1,1,0.29825
717.5,1298,5.156,41.409,0.04545,-0.028973,-0.028973,60.256,1,1,0.21053
717.5,1318,5.1792,37.679,0.040387,0.11229,0.11229,38.308,1,1,0.45614
717.5,1338,5.2459,41.156,0.13481,-1.6829,-1.6829,104.71,1,1,0.24561
717.5,1358,4.9573,43.914,0.0086923,-0.44293,-0.44293,68.054,0.75468,1,0.2807
717.5,1358,5.0671,54.161,0.00028633,-0.051342,-0.051342,14.344,0.24532,1,0.2807
717.5,1378,4.9763,42.406,0.034837,-0.17184,-0.17184,42.166,1,1,0.31579
717.5,1398,4.9964,45.317,0.1165,-0.4768,-0.4768,79.096,1,1,0.47368
717.5,1418,4.9657,45.956,0.094047,-0.4441,-0.4441,94.062,0.96774,1,0.54386
717.5,1438,4.838,44.421,0.02542,0.49651,0.49651,94.133,0.93548,1,0.54386
717.5,1458,4.7985,42.381,0.023149,0.59294,0.59294,86.334,0.96552,1,0.50877
717.5,1478,4.7992,45.19,0.0078658,0.059854,0.059854,84.255,1,1,0.49123
717.5,1498,4.7899,45.817,0.0082354,-0.0083321,-0.0083321,80.213,1,1,0.45614
717.5,1518,4.7487,45.42,0.0021313,-0.083515,-0.083515,66.566,1,1,0.40351
717.5,1538,4.7557,45.746,0.0030724,-0.015699,-0.015699,93.801,1,1,0.45614
717.5,1558,4.7552,47.099,0.0030133,-0.014345,-0.014345,63.153,1,1,0.5614
717.5,1578,4.7313,44.479,0.0012835,0.0052876,0.0052876,55.631,1,1,0.61404
717.5,1598,4.7409,45.208,0.0016774,0.046528,0.046528,82.806,0.92308,1,0.45614
717.5,1618,4.7306,47.993,0.00097454,-0.013062,-0.013062,85.858,0.86207,1,0.50877
717.5,1638,4.7572,45.211,0.0048741,-0.34174,-0.34174,91.904,1,1,0.61404
717.5,1658,4.7434,43.062,0.0037957,-0.10456,-0.10456,42.086,1,1,0.38596
717.5,1678,4.735,47.128,0.0029904,-0.060298,-0.060298,80.671,1,1,0.47368
717.5,1698,4.7273,47.956,0.0014767,0.004859,0.004859,91.731,1,1,0.80702
717.5,1718,4.7272,46.876,0.0025621,-0.070255,-0.070255,60.43,1,1,0.85965
717.5,1738,4.7295,47.431,0.0027504,-0.062568,-0.062568,79.205,1,1,0.78947
717.5,1758,4.726,48.673,0.0031557,-0.057769,-0.057769,76.326,1,1,0.5614
717.5,1778,4.7101,45.247,0.0028048,0.062974,0.062974,68.537,1,1,0.70175
717.5,1798,4.7196,46.539,0.0012739,0.049707,0.049707,71.976,1,1,0.70175
717.5,1818,4.7092,47.787,0.0016187,0.074064,0.074064,73.5,1,1,0.77193
717.5,1838,4.7241,48.869,0.0016992,0.15037,0.15037,68.919,1,1,0.4386
717.5,1858,4.6926,46.616,0.0011189,0.082741,0.082741,98.684,1,1,0.47368
717.5,1878,4.6988,49.649,0.002033,-0.058054,-0.058054,24.108,1,1,0.75439
717.5,1898,4.7005,48.537,0.0036546,0.16056,0.16056,44.58,1,1,0.5614
737.5,118,4.7504,50.531,0.0014337,0.065195,0.065195,6.8941,1,1,0.19298
737.5,158,4.7258,48.648,0.0010212,0.096651,0.096651,12.851,1,1,0.19298
737.5,278,4.7336,35.019,0.0061537,-0.79091,-0.79091,262.27,1,1,0.38596
737.5,298,4.6793,45.008,0.0036375,0.19571,0.19571,26.359,0.61905,1,0.36842
737.5,298,4.8032,11.557,0.005034,-0.18999,-0.18999,19.203,0.38095,1,0.36842
737.5,318,4.7183,48.861,0.001924,0.062346,0.062346,5.3513,0.54545,1,0.38596
737.5,318,4.855,12.084,0.0046716,-0.0092503,-0.0092503,40.884,0.45455,1,0.38596
737.5,338,4.5673,24.017,0.31761,2.2047,2.2047,423.48,1,1,0.54386
737.5,358,4.1457,4.0778,0.57536,0.096488,0.096488,0.16678,0.74468,1,0.82456
737.5,358,4.6461,49.619,0.00029229,-0.00086821,-0.00086821,0.0025794,0.21277,1,0.82456
737.5,378,3.9755,5.2855,0.55913,0.067177,0.067177,8.6538,0.78431,1,0.89474
737.5,398,3.7539,5.8623,0.43019,0.42563,0.42563,11.695,0.5625,1,0.84211
737.5,398,4.6737,45.166,0.0010239,-0.0049544,-0.0049544,0.073168,0.4375,1,0.84211
737.5,418,4.671,45.192,0.00097866,-0.0034847,-0.0034847,0.068064,0.52381,1,0.73684
737.5,418,3.6735,7.1291,0.55663,2.1952,2.1952,21.521,0.47619,1,0.73684
737.5,438,4.6626,45.242,0.0013021,-0.005454,-0.005454,0.09305,0.7381,1,0.73684
737.5,438,4.6391,25.29,0.023963,-0.10191,-0.10191,5.6676,0.2381,1,0.73684
737.5,458,4.6432,45.614,0.0043229,-0.010922,-0.010922,3.2682,0.6875,1,0.5614
737.5,458,4.5846,26.443,0.016602,-0.18304,-0.18304,11.702,0.3125,1,0.5614
737.5,478,4.6405,45.551,0.004933,-0.06933,-0.06933,7.6101,1,1,0.54386
737.5,498,4.6998,38.74,0.025415,-1.4506,-1.4506,132.28,0.90698,1,0.75439
737.5,498,5.606,4.5725,0.000225,-0.013827,-0.013827,0.84976,0.046512,1,0.75439
737.5,518,5.4907,4.8296,0.091547,-0.0018586,-0.0018586,1.7465,0.21736,1,0.80702
737.5,518,4.6853,40.327,0.010146,-0.56758,-0.56758,70.275,0.78264,1,0.80702
737.5,538,5.5666,4.6278,0.14115,-0.21836,-0.21836,1.4759,0.625,1,0.5614
737.5,538,4.6468,43.182,0.0086915,0.018209,0.018209,36.359,0.375,1,0.5614
737.5,558,4.6079,42.782,0.001915,-0.19943,-0.19943,22.736,0.39286,1,0.49123
737.5,558,5.7616,4.0688,0.0018039,0.012577,0.012577,0.087684,0.5,1,0.49123
737.5,578,4.6292,40.699,0.00098786,-0.12233,-0.12233,15.151,0.24999,1,0.42105
737.5,578,4.6265,10.033,5.7607,-31.785,-31.785,178.68,0.75001,1,0.42105
737.5,598,4.6094,42.708,0.0037257,-0.12355,-0.12355,14.847,0.47619,1,0.36842
737.5,618,5.6708,28.457,1.0004,-6.2013,-6.2013,237.94,1,1,0.2807
737.5,638,5.2749,28.724,1.6188,-3.3271,-3.3271,160.89,0.90914,1,0.57895
737.5,638,2.0848,23.159,0.0054214,-0.011202,-0.011202,0.025756,0.090862,1,0.57895
737.5,658,3.654,28.843,1.6951,8.4835,8.4835,222.76,0.74402,1,0.47368
737.5,658,4.8277,9.559,0.008667,0.018004,0.018004,6.0311,0.25598,1,0.47368
737.5,678,4.5964,25.196,0.052608,-1.691,-1.691,300.56,0.90476,1,0.36842
737.5,698,4.5751,21.496,0.036036,-1.2944,-1.2944,322.76,0.75,1,0.49123
737.5,718,4.5721,8.6809,0.021163,-0.6901,-0.6901,33.08,0.73077,1,0.45614
737.5,738,4.4709,32.745,0.017667,0.73447,0.73447,160.65,1,1,0.15789
737.5,758,4.2341,42.137,0.057189,0.13612,0.13612,125.64,1,1,0.35088
737.5,778,4.4651,40.926,0.020999,0.10324,0.10324,64.664,0.44655,1,0.36842
737.5,778,3.8914,37.882,0.039342,0.59873,0.59873,33.32,0.55345,1,0.36842
737.5,798,4.2105,39.745,0.129,1.2205,1.2205,43.917,1,1,0.15789
737.5,818,4.083,38.254,0.1321,0.9648,0.9648,23.618,1,1,0.17544
737.5,838,3.6573,32.854,0.14244,1.8768,1.8768,36.916,1,1,0.50877
737.5,858,3.838,39.87,0.000729,-0.022109,-0.022109,0.67053,0.060604,1,0.57895
737.5,858,3.9737,35.431,0.29233,3.5053,3.5053,54.539,0.9394,1,0.57895
737.5,878,4.1536,37.702,0.19153,2.1893,2.1893,34.032,1,1,0.5614
737.5,898,4.4273,41.269,0.017964,0.15388,0.15388,9.8187,1,1,0.52632
737.5,918,4.3761,41.419,0.01825,0.044847,0.044847,13.945,1,1,0.35088
737.5,938,4.5919,48.033,0.0090971,0.76283,0.76283,159.1,1,1,0.17544
737.5,958,4.5713,52.568,0.012119,0.24767,0.24767,70.075,1,1,0.17544
737.5,1078,4.9077,46.332,0.0035338,-0.21154,-0.21154,17.668,1,1,0.17544
737.5,1098,4.918,47.581,0.0059504,-0.37311,-0.37311,28.514,1,1,0.17544
737.5,1118,4.88,43.296,0.012104,0.2828,0.2828,110.71,1,1,0.17544
737.5,1138,5.1636,36.787,0.014793,-0.057934,-0.057934,16.6,0.4509,1,0.35088
737.5,1138,4.8605,50.746,0.012166,0.54748,0.54748,77.857,0.5491,1,0.35088
737.5,1158,5.0296,42.876,0.059468,-2.0215,-2.0215,126.1,1,1,0.52632
737.5,1178,5.1308,38.476,0.060287,-1.9651,-1.9651,104.21,1,1,0.54386
737.5,1198,5.1818,36.194,0.053491,-1.7057,-1.7057,84.029,0.96875,1,0.5614
737.5,1218,5.2694,35.278,0.0088382,-0.26776,-0.26776,26.847,0.89286,1,0.49123
737.5,1238,5.159,38.484,0.020461,-1.1252,-1.1252,88.498,0.94737,1,0.33333
737.5,1258,5.145,39.21,0.033907,-0.77653,-0.77653,81.344,1,1,0.19298
737.5,1278,5.0972,42.707,0.03885,-0.28843,-0.28843,62.163,1,1,0.2807
737.5,1298,5.1548,41.565,0.05751,-0.63197,-0.63197,74.156,0.87251,1,0.40351
737.5,1298,4.8922,50.317,0.00019464,0.0011,0.0011,0.17588,0.12749,1,0.40351
737.5,1318,5.0951,40.543,0.047272,-0.26527,-0.26527,47.469,1,1,0.45614
737.5,1338,5.0008,44.357,0.018787,-0.22698,-0.22698,81.11,1,1,0.54386
737.5,1358,4.9546,43.779,0.011776,-0.17726,-0.17726,75.053,1,1,0.54386
737.5,1378,4.939,44.526,0.025126,-0.071823,-0.071823,51.723,1,1,0.63158
737.5,1398,4.8707,44.44,0.0079713,-0.024783,-0.024783,60.682,0.96875,1,0.5614
737.5,1418,4.8542,44.292,0.010084,-0.38994,-0.38994,81.786,0.84848,1,0.57895
737.5,1418,2.4634,6.7527,0.023007,0.23506,0.23506,2.4016,0.090909,1,0.57895
737.5,1438,4.856,44.387,0.0085874,-0.18304,-0.18304,74.776,0.90323,1,0.54386
737.5,1438,2.558,10.76,0.020613,0.45975,0.45975,25.731,0.096774,1,0.54386
737.5,1458,4.8172,40.125,0.004699,-0.069457,-0.069457,58.999,1,1,0.49123
737.5,1478,4.8041,45.798,0.0037246,-0.031892,-0.031892,70.946,1,1,0.40351
737.5,1498,4.7744,43.127,0.0056234,-0.049912,-0.049912,62.54,1,1,0.45614
737.5,1518,4.778,42.958,0.0034956,-0.30384,-0.30384,56.037,1,1,0.4386
737.5,1538,4.7697,48.018,0.0030154,-0.1845,-0.1845,58.872,1,1,0.63158
737.5,1558,4.7479,45.64,0.0018798,0.0078835,0.0078835,57.455,1,1,0.70175
737.5,1578,4.7377,45.191,0.0016098,0.01904,0.01904,110.23,1,1,0.73684
737.5,1598,4.7377,46.055,0.0012753,-0.0032424,-0.0032424,74.831,1,1,0.5614
737.5,1618,4.7417,46.824,0.0021509,-0.20513,-0.20513,93.869,0.91892,1,0.64912
737.5,1638,4.7511,45.133,0.0022962,-0.18447,-0.18447,83.701,0.93548,1,0.54386
737.5,1658,4.7478,43.282,0.0025987,-0.16409,-0.16409,60.762,1,1,0.50877
737.5,1678,4.7305,48.696,0.00079999,0.043971,0.043971,92.638,1,1,0.59649
737.5,1698,4.7381,47.406,0.00058106,0.020087,0.020087,64.491,1,1,0.7193
737.5,1718,4.7321,47.73,0.0010644,0.0073278,0.0073278,68.248,1,1,0.91228
737.5,1738,4.736,47.598,0.0025109,-0.091234,-0.091234,37.028,1,1,0.68421
737.5,1758,4.7122,41.231,0.0011278,-0.0013003,-0.0013003,0.067884,0.82353,1,0.29825
737.5,1778,4.7483,48.955,0.00094424,0.15409,0.15409,88.45,1,1,0.52632
737.5,1798,4.725,47.097,0.0016567,0.17516,0.17516,88.721,1,1,0.87719
737.5,1818,4.7282,47.733,0.0013157,0.10875,0.10875,67.459,1,1,0.66667
737.5,1838,4.7111,46.33,0.0018226,0.16271,0.16271,70.755,1,1,0.7193
737.5,1858,4.7008,46.759,0.00079744,0.042707,0.042707,67.474,1,1,0.61404
737.5,1878,4.6942,47.527,0.00095664,0.022189,0.022189,55.693,1,1,0.59649
737.5,1898,4.6879,50.296,0.00092636,-0.030203,-0.030203,22.094,1,1,0.52632
737.5,1918,4.6965,48.268,0.001174,0.00096177,0.00096177,29.173,1,1,0.17544
757.5,258,4.7738,22.245,0.0063726,-0.67262,-0.67262,188.56,1,1,0.19298
757.5,278,4.7687,18.228,0.0077944,-0.53102,-0.53102,120.24,1,1,0.54386
757.5,298,4.8018,15.914,0.0079515,-0.5347,-0.5347,97.876,1,1,0.52632
757.5,318,4.82,15.82,0.010539,-0.69611,-0.69611,126.93,1,1,0.54386
757.5,338,4.6713,10.668,0.20224,0.86644,0.86644,79.781,1,1,0.52632
757.5,358,4.5533,10.84,0.32366,1.4951,1.4951,132.53,1,1,0.80702
757.5,378,4.0021,4.001,0.4908,0.072081,0.072081,0.22106,0.95652,1,0.80702
757.5,398,3.695,6.7714,0.52976,1.9675,1.9675,22.637,1,1,0.5614
757.5,418,4.6774,33.275,0.012914,-0.14201,-0.14201,135.88,0.74431,1,0.5614
757.5,418,3.3279,3.5635,0.52555,1.2822,1.2822,11.993,0.25569,1,0.5614
757.5,438,4.6395,30.816,0.015912,-0.18174,-0.18174,106.44,0.80181,1,0.7193
757.5,438,3.3176,3.5144,0.51376,1.2152,1.2152,11.68,0.19819,1,0.7193
757.5,458,4.6171,26.6,0.019393,-0.12181,-0.12181,22.295,1,1,0.5614
757.5,478,4.7178,28.736,0.025843,-1.0058,-1.0058,133.89,1,1,0.70175
757.5,498,4.8057,27.206,0.00030833,0.051472,0.051472,8.7112,0.75,1,0.70175
757.5,498,4.6356,46.304,0.0066468,-0.085594,-0.085594,3.479,0.25,1,0.70175
757.5,518,4.7612,31.78,0.0087501,-0.46898,-0.46898,64.309,0.67527,1,0.75439
757.5,518,5.5505,4.7756,0.13607,-0.21702,-0.21702,1.7446,0.32473,1,0.75439
757.5,538,5.63,4.6415,0.10252,-0.23326,-0.23326,1.3296,0.42424,1,0.57895
757.5,538,4.8078,28.212,0.00026394,0.032454,0.032454,8.1256,0.36364,1,0.57895
757.5,558,5.6403,4.3186,0.11803,-0.25994,-0.25994,0.68019,0.5,1,0.42105
757.5,558,4.6622,41.938,0.0069656,-0.4804,-0.4804,59.947,0.41667,1,0.42105
757.5,578,4.6135,42.621,0.001599,-0.19609,-0.19609,24.049,0.30769,1,0.45614
757.5,578,5.7623,4.0738,0.0014567,0.010158,0.010158,0.070833,0.46154,1,0.45614
757.5,598,6.0583,27.567,1.6091,-4.1581,-4.1581,69.056,1,1,0.19298
757.5,618,5.8521,24.243,0.56039,-0.4279,-0.4279,67.922,1,1,0.31579
757.5,638,5.3794,25.207,1.1928,-1.6706,-1.6706,154.81,1,1,0.45614
757.5,658,4.7973,29.13,0.042298,-0.534,-0.534,121.1,0.95,1,0.35088
757.5,678,4.6872,31.003,0.054298,-1.8632,-1.8632,194.73,1,1,0.33333
757.5,698,0.03829,3.1392,0.059491,-0.6027,-0.6027,26.914,0.55944,1,0.49123
757.5,698,4.7928,31.871,0.21207,-4.0247,-4.0247,139.56,0.44056,1,0.49123
757.5,718,4.4228,38.162,0.02797,0.19479,0.19479,57.538,0.79167,1,0.42105
757.5,738,4.4072,41.178,0.042226,-1.2844,-1.2844,218.2,1,1,0.19298
757.5,758,4.2519,41.121,0.062168,-0.96131,-0.96131,210.89,1,1,0.22807
757.5,778,4.2622,33.262,0.1167,0.093163,0.093163,82.837,1,1,0.19298
757.5,798,4.2577,34.936,0.13411,0.27316,0.27316,81.578,1,1,0.15789
757.5,818,4.2651,37.675,0.11223,1.023,1.023,34.157,1,1,0.15789
757.5,838,4.0656,37.158,0.17557,2.0865,2.0865,37.949,1,1,0.26316
757.5,858,3.8572,34.889,0.18485,2.4745,2.4745,45.104,1,1,0.35088
757.5,878,4.4107,41.507,0.052883,0.51295,0.51295,15.231,1,1,0.49123
757.5,898,4.3944,41.75,0.018891,0.053168,0.053168,12.805,1,1,0.59649
757.5,918,4.4643,44.622,0.02728,0.42439,0.42439,65.763,1,1,0.5614
757.5,938,4.5216,47.741,0.02438,0.58364,0.58364,95.258,1,1,0.54386
757.5,958,4.5574,49.645,0.011378,0.40218,0.40218,109.92,1,1,0.52632
757.5,978,4.6753,48.072,0.025407,0.1621,0.1621,43.106,1,1,0.52632
757.5,1058,4.8308,46.723,0.0082999,0.056627,0.056627,24.699,1,1,0.54386
757.5,1078,4.8987,47.046,0.0064108,-0.27531,-0.27531,22.94,0.91421,1,0.5614
757.5,1078,4.8883,49.001,0.0025217,-0.022872,-0.022872,0.20808,0.08579,1,0.5614
757.5,1098,4.894,45.604,0.0087062,-0.033635,-0.033635,52.741,1,1,0.5614
757.5,1118,4.8931,45.723,0.015312,-0.072695,-0.072695,90.789,1,1,0.54386
757.5,1138,4.9206,45.374,0.028726,-0.46902,-0.46902,111.32,1,1,0.57895
757.5,1158,4.9967,44.565,0.040376,-1.0073,-1.0073,96.014,0.97143,1,0.61404
757.5,1178,5.0156,42.857,0.065659,-2.3605,-2.3605,151.03,0.96429,1,0.49123
757.5,1198,5.1868,36.814,0.053804,-1.1061,-1.1061,50.104,0.91304,1,0.40351
757.5,1218,5.0858,43.877,0.031895,-0.97821,-0.97821,91.508,0.90909,1,0.19298
757.5,1238,5.0858,42.238,0.032658,-0.50649,-0.50649,61.497,1,1,0.35088
757.5,1258,5.0945,43.941,0.041465,-0.24049,-0.24049,73.388,1,1,0.47368
757.5,1278,5.1118,42.896,0.037859,-0.37742,-0.37742,61.499,1,1,0.59649
757.5,1298,5.0748,42.151,0.034277,-0.37326,-0.37326,54.854,1,1,0.61404
757.5,1318,5.054,42.647,0.025875,-0.30946,-0.30946,65.952,1,1,0.59649
757.5,1338,5.0097,43.888,0.020168,-0.24788,-0.24788,57.532,1,1,0.52632
757.5,1358,4.9398,41.999,0.011481,-0.31793,-0.31793,38.753,1,1,0.33333
757.5,1378,4.9393,43.095,0.0099577,-0.29072,-0.29072,56.15,1,1,0.26316
757.5,1398,4.9437,39.61,0.015743,-0.79757,-0.79757,116.43,0.63158,1,0.33333
757.5,1418,2.5596,5.2275,0.12832,-0.27096,-0.27096,0.57216,0.37037,1,0.47368
757.5,1418,4.932,38.861,0.019096,-0.78357,-0.78357,66.033,0.59259,1,0.47368
757.5,1438,4.8639,39.099,0.016827,-0.68152,-0.68152,93.778,0.96552,1,0.50877
757.5,1458,4.8889,36.771,0.018857,-0.81412,-0.81412,86.892,1,1,0.38596
757.5,1478,4.7813,42.819,0.0032926,-0.039532,-0.039532,59.145,1,1,0.59649
757.5,1498,4.7731,44.641,0.0028018,-0.078925,-0.078925,43.923,1,1,0.54386
757.5,1518,4.7722,45.37,0.0037104,-0.17733,-0.17733,64.89,1,1,0.5614
757.5,1538,4.7772,46.255,0.0026884,-0.16414,-0.16414,60.833,1,1,0.5614
757.5,1558,4.7581,47.634,0.0023917,-0.055942,-0.055942,112.1,1,1,0.7193
757.5,1578,4.7431,46.231,0.0014041,0.0052069,0.0052069,115.02,1,1,0.73684
757.5,1598,4.7368,47.484,0.00069447,-0.00115,-0.00115,140.1,1,1,0.52632
757.5,1618,4.7434,47.304,0.00061066,-0.01053,-0.01053,59.319,0.96875,1,0.5614
757.5,1638,4.7464,45.796,0.0018909,-0.14833,-0.14833,76.17,0.93023,1,0.75439
757.5,1638,0.62691,15.77,0.0022882,0.011375,0.011375,0.056546,0.046512,1,0.75439
757.5,1658,4.7399,47.227,0.0010043,0.03601,0.03601,73.674,0.91176,1,0.59649
757.5,1678,4.7373,47.656,0.00077716,0.058727,0.058727,66.164,0.9375,1,0.5614
757.5,1698,4.7362,49.759,0.00051982,0.039436,0.039436,69.411,1,1,0.70175
757.5,1718,4.7375,48.233,0.000671,0.036013,0.036013,34.504,1,1,0.70175
757.5,1738,4.7283,46.209,0.001006,0.040722,0.040722,31.482,1,1,0.52632
757.5,1758,4.7293,45.811,0.0010728,0.049493,0.049493,36.522,1,1,0.52632
757.5,1778,4.7344,46.679,0.001502,0.21166,0.21166,73.728,1,1,0.52632
757.5,1798,4.7455,49.47,0.0011,0.16008,0.16008,77.649,1,1,0.70175
757.5,1818,4.7277,48.871,0.0018605,0.22435,0.22435,67.431,1,1,0.70175
757.5,1838,4.7248,47.541,0.0012707,0.12536,0.12536,34.527,1,1,0.52632
757.5,1858,4.7078,45.319,0.0013346,0.13105,0.13105,65.551,1,1,0.52632
757.5,1878,4.7015,47.895,0.00051545,-0.015404,-0.015404,35.048,1,1,0.35088
757.5,1898,4.6965,48.268,0.001174,0.00096177,0.00096177,29.173,1,1,0.17544
777.5,258,4.9747,17.985,0.052765,-0.10078,-0.10078,36.806,1,1,0.38596
777.5,278,4.788,23.183,0.012501,-0.28186,-0.28186,121.91,1,1,0.57895
777.5,298,4.7566,15.11,0.0096719,-0.52623,-0.52623,91.514,1,1,0.59649
777.5,318,4.7923,17.418,0.01262,-0.6113,-0.6113,99.883,1,1,0.42105
777.5,338,4.7873,17.777,0.011394,-0.47672,-0.47672,135.26,1,1,0.59649
777.5,358,4.4092,7.3353,0.28381,1.2505,1.2505,30.013,0.69562,1,0.80702
777.5,358,4.7368,33.052,0.0026565,0.16951,0.16951,16.279,0.30438,1,0.80702
777.5,378,3.8871,3.9117,0.081073,-0.03094,-0.03094,0.32902,0.31108,1,0.45614
777.5,378,4.7149,17.694,0.049006,0.31523,0.31523,136.29,0.68892,1,0.45614
777.5,398,4.0707,9.6069,0.40434,3.2662,3.2662,94.842,1,1,0.31579
777.5,418,4.0067,13.137,0.69385,6.7617,6.7617,117.75,1,1,0.31579
777.5,438,4.6364,25.664,0.02009,-0.18657,-0.18657,10.309,1,1,0.4386
777.5,458,4.6901,23.138,0.032464,-0.78352,-0.78352,41.867,1,1,0.61404
777.5,478,4.7669,22.981,0.019118,-0.44188,-0.44188,39.672,1,1,0.59649
777.5,498,4.8281,22.906,0.0079435,-0.23528,-0.23528,48.567,1,1,0.57895
777.5,538,5.0547,23.02,0.1493,-3.6102,-3.6102,205.72,0.88889,1,0.47368
777.5,558,5.1161,22.207,0.17766,-5.0175,-5.0175,217.35,0.92,1,0.4386
777.5,578,5.176,21.834,0.061375,-0.13318,-0.13318,33.7,0.88889,1,0.31579
777.5,598,5.3811,22.331,0.119,0.070236,0.070236,40.823,0.89474,1,0.33333
777.5,618,5.5546,22.689,0.84738,1.2365,1.2365,74.664,1,1,0.59649
777.5,638,5.3388,26.98,0.65048,-0.4036,-0.4036,82.859,1,1,0.57895
777.5,658,4.9885,28.826,0.61057,-1.343,-1.343,134.22,1,1,0.5614
777.5,678,5.1181,24.538,0.42567,-7.6379,-7.6379,224.5,1,1,0.54386
777.5,698,4.8344,29.449,0.30022,-5.9938,-5.9938,207.7,0.79147,1,0.66667
777.5,698,0.10539,0.76897,0.044801,-0.60935,-0.60935,9.1879,0.20853,1,0.66667
777.5,718,4.5324,38.384,0.24284,-3.8333,-3.8333,113.78,0.87895,1,0.57895
777.5,718,0.16848,-2.19,0.08943,-0.55751,-0.55751,9,0.12105,1,0.57895
777.5,738,4.3024,44.12,0.025527,-0.33187,-0.33187,96.466,1,1,0.4386
777.5,758,4.2757,40.038,0.022352,-0.71965,-0.71965,125.01,1,1,0.31579
777.5,778,4.4408,34.58,0.00085506,0.19771,0.19771,77.486,0.83333,1,0.31579
777.5,778,3.9301,49.374,0.002165,0.025032,0.025032,0.28942,0.11111,1,0.31579
777.5,798,4.2179,37.979,0.10662,0.7852,0.7852,130.1,1,1,0.2807
777.5,818,4.4802,41.96,0.0054433,0.64851,0.64851,140.3,0.8,1,0.17544
777.5,838,4.0094,34.704,0.14564,1.1036,1.1036,35.682,1,1,0.12281
777.5,858,4.272,37.269,0.071996,0.99371,0.99371,52.678,1,1,0.22807
777.5,878,4.2676,40.852,0.14353,1.906,1.906,91.967,1,1,0.26316
777.5,898,4.3303,41.316,0.070761,0.66143,0.66143,27.758,1,1,0.36842
777.5,918,4.4052,43.909,0.019818,0.090911,0.090911,25.332,1,1,0.33333
777.5,938,4.5406,48.382,0.010408,0.44824,0.44824,119.23,1,1,0.47368
777.5,958,4.575,48.518,0.022287,0.17032,0.17032,79.118,1,1,0.57895
777.5,978,4.6427,45.998,0.024285,0.13129,0.13129,36.276,1,1,0.5614
777.5,998,4.7366,45.786,0.016624,0.33533,0.33533,12.745,1,1,0.59649
777.5,1018,4.7632,46.956,0.0024173,0.093052,0.093052,3.5821,0.91429,1,0.61404
777.5,1038,4.7896,47.063,0.0050049,0.1557,0.1557,19.853,1,1,0.57895
777.5,1058,4.8289,47.061,0.0071238,0.048873,0.048873,23.318,1,1,0.54386
777.5,1078,4.8946,46.723,0.0027717,0.0088295,0.0088295,0.035321,0.068898,1,0.57895
777.5,1078,4.8732,46.822,0.0060976,-0.048806,-0.048806,30.001,0.9311,1,0.57895
777.5,1098,4.9078,47.397,0.0050536,-0.28776,-0.28776,21.32,0.96,1,0.4386
777.5,1118,4.8945,43.245,0.013518,0.097642,0.097642,78.67,1,1,0.35088
777.5,1138,4.925,45.137,0.022489,-0.43504,-0.43504,108.01,0.95833,1,0.42105
777.5,1158,4.9813,44.252,0.032476,-0.90019,-0.90019,101,0.91667,1,0.42105
777.5,1178,5.0501,40.013,0.044381,-1.4603,-1.4603,98.564,0.93333,1,0.26316
777.5,1198,5.0992,41.502,0.086071,-0.74033,-0.74033,75.317,1,1,0.31579
777.5,1218,5.164,42.164,0.06697,-0.27421,-0.27421,66.06,1,1,0.38596
777.5,1238,5.1824,42.52,0.040563,-0.067336,-0.067336,44.633,1,1,0.49123
777.5,1258,5.1878,41.602,0.039785,0.021329,0.021329,46.766,1,1,0.5614
777.5,1278,5.1515,45.492,0.032108,-0.04515,-0.04515,91.36,1,1,0.54386
777.5,1298,5.1431,44.344,0.036596,-0.23912,-0.23912,77.663,1,1,0.49123
777.5,1318,5.0766,42.643,0.03021,-0.38152,-0.38152,36.574,1,1,0.36842
777.5,1338,5.0684,46.049,0.037192,-0.62104,-0.62104,17.951,1,1,0.29825
777.5,1358,5.0108,43.975,0.023809,-0.1146,-0.1146,0.76641,0.86667,1,0.26316
777.5,1378,5.1232,7.1063,0.0071862,-0.030035,-0.030035,11.951,0.55556,1,0.15789
777.5,1398,5.0167,29.487,0.011953,-0.88368,-0.88368,252.05,0.72727,1,0.57895
777.5,1418,4.9694,32.455,0.022485,-1.6788,-1.6788,188.62,0.77778,1,0.63158
777.5,1438,4.9402,37.07,0.022015,-1.2799,-1.2799,101.07,0.90323,1,0.54386
777.5,1458,4.8584,40.294,0.016897,-0.90057,-0.90057,93.727,1,1,0.70175
777.5,1478,4.7824,48.304,0.00028374,0.036215,0.036215,4.6232,0.66667,1,0.52632
777.5,1498,4.7709,46.515,0.0018592,0.023837,0.023837,30.571,1,1,0.52632
777.5,1518,4.7866,45.473,0.0017225,-0.092402,-0.092402,34.294,1,1,0.35088
777.5,1538,4.7588,52.054,0.00040973,-0.030204,-0.030204,37.018,0.9,1,0.17544
777.5,1558,4.7638,45.77,0.0015476,-0.0054928,-0.0054928,58.548,1,1,0.17544
777.5,1578,4.7241,47.309,0.00074249,0.064451,0.064451,318.52,1,1,0.17544
777.5,1598,4.7521,46.687,0.00060409,0.0012018,0.0012018,35.83,1,1,0.17544
777.5,1618,4.7343,48.455,0.00033521,-0.056708,-0.056708,64.339,1,1,0.17544
777.5,1678,1.2355,17.475,0.00018252,-0.0011113,-0.0011113,0.0067667,0.15385,1,0.22807
777.5,1698,1.1862,13.257,0.0039545,-0.038244,-0.038244,0.36985,0.15385,1,0.22807
777.5,1698,4.7366,44.924,0.0001951,0.079537,0.079537,34.164,0.53846,1,0.22807
777.5,1718,4.7424,49.589,0.00051424,-0.0054462,-0.0054462,23.77,0.83333,1,0.21053
777.5,1738,4.7303,47.825,0.00093481,-0.0023743,-0.0023743,31.615,0.90909,1,0.19298
777.5,1758,4.7121,41.214,0.0011037,-0.0018252,-0.0018252,0.073632,1,1,0.17544
777.5,1798,4.7455,50.43,0.002039,0.42462,0.42462,128.22,1,1,0.17544
797.5,198,5.464,12.486,0.000196,0.010138,0.010138,0.52439,0.2,1,0.17544
797.5,198,5.3951,19.749,0.0029691,0.13154,0.13154,26.026,0.8,1,0.17544
797.5,218,5.1773,20.674,0.035214,-1.0165,-1.0165,38.744,1,1,0.36842
797.5,258,5.1863,18.567,0.0015377,0.01577,0.01577,0.16176,0.6,1,0.61404
797.5,258,4.7898,35.118,0.00063896,0.0019262,0.0019262,0.0058075,0.28571,1,0.61404
797.5,278,4.7873,21.347,0.023794,-0.29899,-0.29899,138.96,0.78262,1,0.80702
797.5,278,5.1849,18.551,0.0018968,0.019469,0.019469,0.19985,0.21738,1,0.80702
797.5,298,4.7528,23.111,0.0089051,-0.27029,-0.27029,148.41,1,1,0.63158
797.5,318,4.7442,21.805,0.010134,-0.52022,-0.52022,129.42,1,1,0.77193
797.5,338,4.7561,24.982,0.011001,-0.36198,-0.36198,106.76,1,1,0.59649
797.5,358,4.7513,26.045,0.0056333,-0.041877,-0.041877,113.27,1,1,0.77193
797.5,378,4.7466,32.316,0.0051109,0.14555,0.14555,8.2554,0.72222,1,0.63158
797.5,378,4.078,3.9306,0.235,-0.024979,-0.024979,0.2925,0.27778,1,0.63158
797.5,398,4.7864,31.607,0.0093135,0.11123,0.11123,14.415,0.875,1,0.14035
797.5,418,4.4109,21.973,0.20873,2.9687,2.9687,76.285,1,1,0.14035
797.5,438,4.9032,15.723,0.43368,-2.6562,-2.6562,103.43,1,1,0.29825
797.5,458,4.7963,19.877,0.12397,-1.6191,-1.6191,77.492,0.90625,1,0.5614
797.5,458,1.9024,6.5853,0.0075039,-0.14387,-0.14387,2.7586,0.0625,1,0.5614
797.5,478,4.8703,16.101,0.024494,-0.37271,-0.37271,44.251,0.85714,1,0.61404
797.5,498,4.8737,21.226,0.035218,-0.5445,-0.5445,52.546,0.7907,1,0.75439
797.5,518,4.8987,21.776,0.03774,-0.12714,-0.12714,48.112,0.64516,1,0.54386
797.5,518,1.8891,6.7979,0.042406,0.097746,0.097746,4.0388,0.35484,1,0.54386
797.5,538,4.8964,22.859,0.031731,0.092808,0.092808,80.475,0.7037,1,0.47368
797.5,538,1.8798,7.1195,0.036333,-0.13691,-0.13691,3.4069,0.2963,1,0.47368
797.5,558,4.8839,21.005,0.051283,-0.042931,-0.042931,85.887,0.90323,1,0.54386
797.5,578,5.0801,19.913,0.1061,0.03154,0.03154,52.539,0.92308,1,0.45614
797.5,598,5.2478,21.746,0.3264,0.29794,0.29794,19.788,1,1,0.47368
797.5,618,5.3421,21.458,0.5274,0.6562,0.6562,24.486,1,1,0.52632
797.5,638,5.4487,22.962,0.97128,0.66747,0.66747,68.73,1,1,0.54386
797.5,658,5.0841,28.698,0.66817,-2.1227,-2.1227,60.474,1,1,0.36842
797.5,678,4.8645,19.672,0.026621,-0.0040038,-0.0040038,4.5004,0.6,1,0.17544
797.5,698,5.8537,12.313,0.017161,0.36877,0.36877,13.291,0.14286,1,0.36842
797.5,698,4.2677,45.666,0.011579,0.11321,0.11321,26.763,0.52381,1,0.36842
797.5,718,4.2936,44.064,0.016474,0.059799,0.059799,39.739,1,1,0.52632
797.5,738,4.2368,46.379,0.008733,0.33429,0.33429,15.164,0.87097,1,0.54386
797.5,758,4.2125,43.457,0.0042648,0.14734,0.14734,41.848,0.58083,1,0.54386
797.5,758,4.4445,36.939,0.00073537,0.18983,0.18983,89.598,0.41917,1,0.54386
797.5,778,4.2757,38.919,0.046673,-0.076813,-0.076813,88.54,1,1,0.57895
797.5,798,4.2506,38.757,0.10345,-0.90663,-0.90663,119.36,1,1,0.50877
797.5,818,3.8461,35.581,0.009621,0.7421,0.7421,90.013,0.66667,1,0.10526
797.5,838,3.9612,37.872,0.099806,0.52798,0.52798,73.23,1,1,0.15789
797.5,858,4.081,33.981,0.17549,0.89491,0.89491,36.898,1,1,0.17544
797.5,878,4.2398,37.853,0.1149,0.54094,0.54094,85.54,1,1,0.38596
797.5,898,4.3611,39.776,0.10535,1.6809,1.6809,74.555,1,1,0.40351
797.5,918,4.4463,40.722,0.034194,0.32475,0.32475,43.044,1,1,0.19298
797.5,938,4.5467,44.222,0.014659,0.077752,0.077752,105.35,1,1,0.21053
797.5,958,4.5427,46.084,0.017235,0.10896,0.10896,89.604,1,1,0.42105
797.5,978,4.6704,42.733,0.026488,0.19272,0.19272,21.513,1,1,0.40351
797.5,998,4.7213,45.766,0.013899,-0.018429,-0.018429,38.106,1,1,0.38596
797.5,1018,4.7699,45.268,0.008481,-0.25757,-0.25757,89.509,1,1,0.15789
797.5,1038,4.772,45.765,0.0048673,0.078509,0.078509,20.363,1,1,0.33333
797.5,1058,4.8112,44.892,0.0086704,0.27182,0.27182,60.12,1,1,0.35088
797.5,1078,4.92,46.391,0.019688,-0.25127,-0.25127,52.298,1,1,0.38596
797.5,1098,4.9344,42.973,0.043599,-0.50259,-0.50259,75.81,1,1,0.19298
797.5,1118,4.9796,40.491,0.05474,-0.91518,-0.91518,55.761,0.9375,1,0.2807
797.5,1138,5.03,40.715,0.04887,-0.91295,-0.91295,113.65,0.86667,1,0.26316
797.5,1158,5.0188,39.179,0.031061,-0.71881,-0.71881,98.966,0.92857,1,0.24561
797.5,1178,5.172,40.837,0.054262,-0.57371,-0.57371,67.005,1,1,0.24561
797.5,1198,5.2811,44.202,0.045769,0.52448,0.52448,80.204,1,1,0.31579
797.5,1218,5.2849,43.687,0.050986,0.091472,0.091472,67.116,1,1,0.4386
797.5,1238,5.3221,41.364,0.034154,-0.43709,-0.43709,64.327,1,1,0.49123
797.5,1258,5.2903,41.691,0.024882,-0.26326,-0.26326,47.078,1,1,0.42105
797.5,1278,5.2843,43.624,0.037678,-0.48538,-0.48538,44.458,1,1,0.42105
797.5,1298,5.1266,46.568,0.025381,-0.14195,-0.14195,25.627,1,1,0.45614
797.5,1318,5.1157,46.146,0.032784,-0.29111,-0.29111,23.834,1,1,0.5614
797.5,1338,5.0539,44.51,0.033942,-0.34627,-0.34627,14.488,1,1,0.52632
797.5,1358,5.0418,45.216,0.033112,-0.3737,-0.3737,9.3775,0.625,1,0.5614
797.5,1378,5.0642,15.227,0.011084,-0.94971,-0.94971,259.01,0.63478,1,0.61404
797.5,1378,5.0299,43.79,0.024165,-0.11966,-0.11966,0.86691,0.30808,1,0.61404
797.5,1398,5.0673,19.369,0.010815,-1.1473,-1.1473,281.82,0.96774,1,0.54386
797.5,1418,5.0163,29.025,0.013501,-1.12,-1.12,228.9,0.9,1,0.52632
797.5,1438,4.9718,31.293,0.024898,-2.1241,-2.1241,246.97,1,1,0.35088
817.5,158,5.4231,16.559,0.0028188,-0.31186,-0.31186,60.027,0.95238,1,0.36842
817.5,178,5.3973,19.928,0.0023491,-0.059814,-0.059814,30.287,0.96774,1,0.54386
817.5,198,5.3216,21.106,0.033367,-0.81379,-0.81379,50.043,1,1,0.57895
817.5,218,5.2439,20.138,0.038015,-0.88017,-0.88017,38.231,1,1,0.61404
817.5,238,5.2142,19.816,0.036105,-0.88706,-0.88706,31.076,0.95652,1,0.80702
817.5,238,4.8179,29.122,0.0050513,0.007447,0.007447,0.010979,0.043478,1,0.80702
817.5,258,5.1886,18.591,0.0015711,0.016077,0.016077,0.16454,0.89189,1,0.64912
817.5,278,4.7983,35.143,0.00079369,0.0023984,0.0023984,0.0072481,0.84615,1,0.45614
817.5,298,4.7163,30.102,0.0025868,0.099105,0.099105,4.8832,0.77143,1,0.61404
817.5,318,4.7403,28.61,0.0079261,-0.064197,-0.064197,45.469,1,1,0.59649
817.5,338,4.75,28.295,0.0057692,-0.13188,-0.13188,75.839,1,1,0.59649
817.5,358,4.7415,32.287,0.0032594,0.14706,0.14706,10.101,1,1,0.61404
817.5,378,4.7442,31.309,0.004018,0.058683,0.058683,11.623,1,1,0.59649
817.5,398,4.7534,30.331,0.0044339,0.037073,0.037073,13.224,1,1,0.4386
817.5,418,4.7912,25.337,0.0013429,-0.22594,-0.22594,100.02,0.88235,1,0.29825
817.5,438,4.6641,9.624,1.5062,-0.26245,-0.26245,59.681,1,1,0.42105
817.5,458,4.3451,9.9058,1.943,2.8114,2.8114,52.361,1,1,0.61404
817.5,478,4.9332,13.581,0.1266,0.67375,0.67375,49.486,0.64861,1,0.64912
817.5,478,2.1642,5.1737,0.34731,-0.94099,-0.94099,6.0619,0.35139,1,0.64912
817.5,498,4.9286,16.922,0.04511,-0.1725,-0.1725,26.068,0.69231,1,0.68421
817.5,518,4.8511,22.445,0.064338,-0.20467,-0.20467,23.092,0.4375,1,0.5614
817.5,518,1.8375,8.5001,0.0046734,0.0066089,0.0066089,0.06533,0.40625,1,0.5614
817.5,538,4.7047,23.454,0.057398,-0.95865,-0.95865,62,0.89655,1,0.50877
817.5,538,1.6933,8.1231,0.015003,0.015079,0.015079,0.015155,0.068966,1,0.50877
817.5,558,4.8189,17.793,0.13428,0.45427,0.45427,91.45,0.97059,1,0.59649
817.5,578,4.9621,21.816,0.10161,0.05004,0.05004,62.089,1,1,0.61404
817.5,598,5.0244,20.02,0.091802,0.20782,0.20782,63.493,0.95238,1,0.73684
817.5,598,4.1215,9.3989,0.00011025,0.00065336,0.00065336,0.003872,0.047619,1,0.73684
817.5,618,5.1734,21.692,0.29273,-0.034804,-0.034804,25.123,1,1,0.54386
817.5,638,5.341,22.695,0.38837,0.38582,0.38582,19.544,1,1,0.35088
817.5,758,4.1951,41.201,0.052994,0.35458,0.35458,80.531,1,1,0.35088
817.5,778,4.2299,39.785,0.10733,-0.70709,-0.70709,117.86,1,1,0.5614
817.5,798,4.0413,43.139,0.10324,-0.46197,-0.46197,87.903,1,1,0.57895
817.5,818,3.9806,43.569,0.10186,-0.5807,-0.5807,86.091,1,1,0.4386
817.5,838,3.8554,40.755,0.016219,0.7134,0.7134,83.207,1,1,0.2807
817.5,858,3.6358,35.254,0.0033281,-0.11997,-0.11997,26.898,0.37472,1,0.2807
817.5,858,4.3048,37.817,0.032336,-0.23458,-0.23458,68.772,0.62528,1,0.2807
817.5,878,4.2284,38.346,0.12474,1.4064,1.4064,78.727,1,1,0.47368
817.5,898,4.2984,38.801,0.09342,0.91793,0.91793,83.806,0.69712,1,0.57895
817.5,898,3.6982,31.937,0.0017262,-0.10732,-0.10732,6.6734,0.30288,1,0.57895
817.5,918,4.4034,31.58,0.14282,2.944,2.944,67.58,0.28315,1,0.4386
817.5,918,4.3628,42.859,0.072403,1.0238,1.0238,29.722,0.71685,1,0.4386
817.5,938,4.5327,36.519,0.014815,-0.31675,-0.31675,12.433,1,1,0.29825
817.5,958,4.6064,35.438,0.023357,-0.464,-0.464,18.536,0.65034,1,0.35088
817.5,958,4.7132,46.508,0.0022194,0.050911,0.050911,5.0804,0.34966,1,0.35088
817.5,978,4.6934,40.934,0.02164,0.29561,0.29561,23.738,1,1,0.2807
817.5,998,4.6065,40.963,0.021648,-0.22762,-0.22762,13.878,1,1,0.36842
817.5,1018,4.7301,41.796,0.017513,-0.10597,-0.10597,43.77,1,1,0.33333
817.5,1038,4.7,41.575,0.01868,0.13296,0.13296,19.193,1,1,0.26316
817.5,1058,4.7199,46.018,0.00073703,-0.013981,-0.013981,0.4928,0.375,1,0.14035
817.5,1078,5.0567,40.599,0.067396,-0.33744,-0.33744,102.63,1,1,0.33333
817.5,1098,5.0217,38.818,0.060357,-0.86002,-0.86002,32.023,0.95238,1,0.36842
817.5,1118,4.9548,35.685,0.010231,-0.11859,-0.11859,1.572,0.8125,1,0.2807
817.5,1138,5.1798,39.499,0.094728,-1.6493,-1.6493,54.166,0.875,1,0.14035
817.5,1158,5.0087,47.109,0.014537,-0.33749,-0.33749,7.857,0.42857,1,0.12281
817.5,1178,5.3555,42.157,0.056803,0.13706,0.13706,73.601,1,1,0.15789
817.5,1198,5.4123,45.794,0.022431,0.06821,0.06821,87.9,1,1,0.29825
817.5,1218,5.5227,39.031,0.002502,0.059852,0.059852,9.3196,0.37306,1,0.42105
817.5,1218,5.3123,47.674,0.010721,0.6966,0.6966,105.65,0.62694,1,0.42105
817.5,1238,5.4019,42.816,0.029065,-0.4775,-0.4775,74.069,1,1,0.33333
817.5,1258,5.3929,45.363,0.028145,-0.16938,-0.16938,68.651,1,1,0.54386
817.5,1278,5.093,50.337,0.01177,-0.05901,-0.05901,0.71643,0.33798,1,0.5614
817.5,1278,5.3771,44.178,0.020517,-0.11932,-0.11932,55.603,0.66202,1,0.5614
817.5,1298,5.2132,47.969,0.031847,-0.51086,-0.51086,18.467,1,1,0.52632
817.5,1318,5.1275,47.89,0.022122,-0.017521,-0.017521,19.404,1,1,0.52632
817.5,1338,5.0974,46.409,0.038246,-0.54089,-0.54089,12.644,0.35307,1,0.52632
817.5,1338,5.1453,50.689,0.020089,-0.093456,-0.093456,0.52885,0.3136,1,0.52632
817.5,1358,5.106,5.4895,0.012032,-0.21477,-0.21477,3.8479,0.64516,1,0.54386
817.5,1398,5.0822,13.567,0.0105,-0.8082,-0.8082,232.37,1,1,0.52632
817.5,1418,5.09,14.112,0.011858,-1.0694,-1.0694,194.12,1,1,0.35088
837.5,138,5.4581,11.989,0.0012875,-0.20236,-0.20236,54.384,0.90909,1,0.19298
837.5,158,5.4367,16.037,0.0020953,-0.23784,-0.23784,85.882,0.96774,1,0.54386
837.5,178,5.4126,18.867,0.0025364,-0.26003,-0.26003,67.345,0.9697,1,0.57895
837.5,198,5.3999,19.58,0.0025026,-0.067338,-0.067338,41.428,0.92308,1,0.45614
837.5,218,5.2613,20.585,0.05987,-1.7942,-1.7942,61.725,1,1,0.47368
837.5,238,5.2953,17.258,0.035271,-0.6265,-0.6265,28.58,0.95455,1,0.77193
837.5,238,4.861,31.234,0.00078357,-0.056191,-0.056191,4.0295,0.045453,1,0.77193
837.5,258,5.1887,18.646,0.0010424,0.012484,0.012484,0.17855,0.38235,1,0.59649
837.5,258,4.8034,35.159,0.00084407,0.0025544,0.0025544,0.0077312,0.32353,1,0.59649
837.5,278,4.7734,32.791,0.0041343,0.12582,0.12582,6.7831,0.67742,1,0.54386
837.5,298,4.7615,32.255,0.004501,0.16013,0.16013,7.9584,1,1,0.5614
837.5,318,4.7278,30.654,0.0019933,0.081997,0.081997,4.0312,0.96774,1,0.54386
837.5,358,4.7354,30.595,0.0017407,-0.024265,-0.024265,12.658,1,1,0.35088
837.5,378,4.7386,29.652,0.0018416,-0.049902,-0.049902,11.712,1,1,0.52632
837.5,398,4.7573,27.495,0.0022565,-0.19401,-0.19401,43.097,1,1,0.52632
837.5,418,5.5374,21.044,1.5927,-8.8657,-8.8657,100.98,1,1,0.54386
837.5,438,4.8829,15.157,1.444,-0.16586,-0.16586,119.73,1,1,0.45614
837.5,458,3.4899,4.7096,0.15966,0.37435,0.37435,0.90605,0.24127,1,0.47368
837.5,458,4.8033,10.736,1.454,4.1628,4.1628,30.275,0.75873,1,0.47368
837.5,478,4.3924,10.525,1.0375,5.1099,5.1099,41.194,1,1,0.5614
837.5,498,4.8603,17.885,0.041207,-0.41804,-0.41804,16.446,0.39973,1,0.61404
837.5,498,3.0512,5.7087,0.92424,-1.2579,-1.2579,6.2751,0.60027,1,0.61404
837.5,518,1.8255,8.4512,0.00042875,0.0028712,0.0028712,0.020645,0.12903,1,0.54386
837.5,518,4.7347,21.633,0.056549,-0.9855,-0.9855,32.15,0.77419,1,0.54386
837.5,538,4.6379,18.505,0.093513,-0.61117,-0.61117,81.36,0.77419,1,0.54386
837.5,538,1.8255,8.4512,0.00042875,0.0028712,0.0028712,0.020645,0.12903,1,0.54386
837.5,558,4.6332,16.494,0.10159,-0.11252,-0.11252,84.658,1,1,0.75439
837.5,578,4.736,12.264,0.20412,0.71356,0.71356,48.745,1,1,0.77193
837.5,598,4.68,9.2328,0.15127,-0.17592,-0.17592,0.86359,0.65714,1,0.61404
837.5,598,5.1487,23.766,0.0048714,-0.026791,-0.026791,7.03,0.28571,1,0.61404
837.5,618,4.7959,16.28,0.20311,0.37864,0.37864,58.687,1,1,0.40351
837.5,778,3.9829,43.848,0.067402,0.18855,0.18855,56.96,1,1,0.35088
837.5,798,3.9536,44.483,0.085526,-0.61807,-0.61807,60.742,1,1,0.54386
837.5,818,3.8453,44.476,0.0070528,0.28873,0.28873,42.351,1,1,0.5614
837.5,838,3.8213,41.008,0.0054941,0.53182,0.53182,89.808,0.9697,1,0.57895
837.5,858,3.8197,39.199,0.01967,0.39374,0.39374,62.433,1,1,0.29825
837.5,878,3.689,32.494,0.0027492,-0.16882,-0.16882,10.37,0.49901,1,0.45614
837.5,878,4.1563,38.737,0.083906,-0.56738,-0.56738,67.123,0.50099,1,0.45614
837.5,898,3.6985,31.524,0.0056897,0.0047989,0.0047989,27.088,0.40794,1,0.57895
837.5,898,4.4114,41.805,0.068923,0.9967,0.9967,47.55,0.59206,1,0.57895
837.5,918,4.083,35.583,0.17436,1.3386,1.3386,30.964,1,1,0.73684
837.5,938,4.5013,38.707,0.07184,0.26546,0.26546,37.116,0.76309,1,0.73684
837.5,938,3.661,30.757,0.013892,0.04249,0.04249,1.4498,0.23691,1,0.73684
837.5,958,4.6252,38.995,0.022238,0.11655,0.11655,28.863,1,1,0.54386
837.5,978,4.7679,44.476,0.0053656,0.038665,0.038665,5.3417,0.40178,1,0.5614
837.5,978,4.5483,38.733,0.011465,-0.41084,-0.41084,23.292,0.59822,1,0.5614
837.5,998,4.6632,42.005,0.02486,0.05404,0.05404,23.679,1,1,0.5614
837.5,1018,4.6712,41.68,0.023689,-0.086372,-0.086372,23.785,1,1,0.54386
837.5,1038,4.8943,40.528,0.072375,-0.29812,-0.29812,28.478,1,1,0.5614
837.5,1058,5.0166,40.002,0.096577,-0.18266,-0.18266,42.248,1,1,0.59649
837.5,1078,5.0897,38.74,0.073068,-0.26745,-0.26745,54.537,1,1,0.61404
837.5,1098,5.0186,38.411,0.050222,-0.26723,-0.26723,46.381,0.97059,1,0.59649
837.5,1118,5.1678,39.168,0.092125,-0.15038,-0.15038,35.285,0.94286,1,0.61404
837.5,1138,5.044,34.659,0.055099,-0.60122,-0.60122,6.9489,0.75,1,0.2807
837.5,1158,5.353,42.035,0.044926,-0.60268,-0.60268,73.303,1,1,0.17544
837.5,1178,5.476,45.164,0.03858,0.18453,0.18453,58.074,1,1,0.24561
837.5,1198,5.5747,39.678,0.0071839,0.15479,0.15479,21.695,0.73685,1,0.33333
837.5,1198,5.293,52.397,0.0034666,0.247,0.247,35.865,0.26315,1,0.33333
837.5,1218,5.5041,40.651,0.0095083,-0.36717,-0.36717,57.997,1,1,0.35088
837.5,1238,5.4625,47.302,0.025491,-0.16128,-0.16128,117.76,1,1,0.49123
837.5,1258,5.446,46.35,0.020382,-0.25114,-0.25114,97.694,1,1,0.54386
837.5,1278,5.3882,46.37,0.025788,-0.12146,-0.12146,64.169,1,1,0.52632
837.5,1298,5.2577,48.296,0.029389,-0.3658,-0.3658,49.527,1,1,0.35088
837.5,1318,5.1776,50.328,0.014307,-0.099589,-0.099589,1.1832,1,1,0.17544
857.5,158,5.4566,15.432,0.00084448,-0.17813,-0.17813,100.13,1,1,0.54386
857.5,178,5.4277,16.118,0.003651,-0.34726,-0.34726,113,1,1,0.59649
857.5,198,5.424,13.432,0.12333,-2.654,-2.654,131.79,1,1,0.15789
857.5,218,5.4611,10.129,0.024735,0.34651,0.34651,9.0175,0.96,1,0.4386
857.5,238,5.3937,13.684,0.047082,-0.69566,-0.69566,63.073,1,1,0.54386
857.5,258,5.3201,16.149,0.043733,-0.73141,-0.73141,39.337,1,1,0.36842
857.5,298,4.7224,30.296,0.001037,0.034529,0.034529,2.222,1,1,0.17544
857.5,378,4.7342,28.695,0.0018,-0.12992,-0.12992,10.804,1,1,0.17544
857.5,398,5.6734,15.204,1.3791,-5.6748,-5.6748,90.538,1,1,0.52632
857.5,418,5.9189,14.463,1.7429,-6.4085,-6.4085,95.855,1,1,0.5614
857.5,438,0.54816,10.672,1.6894,-1.5287,-1.5287,6.3945,1,1,0.5614
857.5,458,0.66726,9.5092,2.1062,-4.7342,-4.7342,20.122,0.77592,1,0.54386
857.5,458,3.5997,5.0005,0.15696,0.34424,0.34424,0.7609,0.22408,1,0.54386
857.5,478,3.8809,6.3147,0.66636,3.4889,3.4889,18.973,0.93939,1,0.57895
857.5,498,4.8696,16.976,0.034016,0.10319,0.10319,0.31303,0.33333,1,0.52632
857.5,518,3.6011,4.8024,0.16606,0.71935,0.71935,3.7485,0.5,1,0.35088
857.5,538,4.4557,9.1822,0.066556,-0.049204,-0.049204,0.037943,0.5,1,0.35088
857.5,558,4.5718,9.0976,0.14671,-0.10189,-0.10189,0.074022,1,1,0.52632
857.5,578,4.6283,9.0754,0.13148,-0.086822,-0.086822,0.059806,1,1,0.52632
857.5,598,4.7028,9.0312,0.16594,-0.10716,-0.10716,0.074664,0.9375,1,0.5614
857.5,618,3.854,29.567,0.0019062,0.032449,0.032449,9.2986,0.23077,1,0.22807
857.5,798,3.8357,45.885,0.004102,0.17872,0.17872,10.4,1,1,0.17544
857.5,818,3.8196,42.622,0.0063695,0.69553,0.69553,118.6,1,1,0.36842
857.5,838,3.8233,40.687,0.0043571,0.55397,0.55397,108.07,0.9697,1,0.57895
857.5,858,3.8177,40.241,0.0040714,0.5191,0.5191,90.698,0.96,1,0.4386
857.5,878,3.6617,32.886,0.0013372,-0.099498,-0.099498,7.4038,0.8125,1,0.2807
857.5,898,3.7002,32.183,0.0047965,-0.079103,-0.079103,4.2108,0.96,1,0.4386
857.5,918,3.916,34.858,0.15005,1.8692,1.8692,36.377,1,1,0.57895
857.5,938,3.6938,31.327,0.012157,0.060203,0.060203,4.0865,0.7381,1,0.73684
857.5,938,4.5379,36.283,0.013315,-0.30022,-0.30022,13.114,0.2381,1,0.73684
857.5,958,3.9784,31.633,0.23312,0.35282,0.35282,5.167,0.76191,1,0.36842
857.5,958,4.6588,44.805,0.010736,0.1161,0.1161,2.5619,0.23809,1,0.36842
857.5,978,4.7031,42.528,0.024121,0.38226,0.38226,22.073,1,1,0.19298
857.5,998,4.5412,42.094,0.012908,-0.019081,-0.019081,0.17036,0.9,1,0.17544
857.5,1018,4.9918,39.983,0.071474,-0.28087,-0.28087,31.779,1,1,0.36842
857.5,1038,5.2265,38.543,0.024959,0.52775,0.52775,11.178,0.63636,1,0.57895
857.5,1078,5.1743,38.381,0.058453,0.50847,0.50847,43.984,0.93939,1,0.57895
857.5,1098,5.3474,40.108,0.11882,0.064079,0.064079,36.886,0.95238,1,0.73684
857.5,1118,5.5298,43.338,0.024992,-0.21981,-0.21981,45.144,0.66691,1,0.57895
857.5,1118,4.9738,35.416,0.013772,-0.17323,-0.17323,2.346,0.33309,1,0.57895
857.5,1138,5.4975,40.532,0.026807,-0.45878,-0.45878,50.101,1,1,0.2807
857.5,1158,5.4496,43.991,0.031261,-0.21697,-0.21697,53.577,1,1,0.17544
857.5,1178,5.5226,45.968,0.025103,-0.21298,-0.21298,60.853,1,1,0.33333
857.5,1198,5.5039,42.895,0.023919,-0.038728,-0.038728,90.525,1,1,0.33333
857.5,1218,5.5129,40.161,0.022313,-0.49289,-0.49289,100.51,1,1,0.50877
857.5,1238,5.5043,42.587,0.024362,-0.41422,-0.41422,99.714,1,1,0.54386
857.5,1258,5.4768,46.398,0.026377,-0.3818,-0.3818,105.59,1,1,0.52632
857.5,1278,5.4445,43.835,0.023907,-0.45688,-0.45688,90.349,1,1,0.35088
877.5,138,5.4578,16.788,0.00059456,-0.12324,-0.12324,76.619,1,1,0.17544
877.5,158,5.4509,15.033,0.0010081,-0.20239,-0.20239,113.52,1,1,0.54386
877.5,178,5.4174,12.121,0.007768,-0.14071,-0.14071,96.403,1,1,0.57895
877.5,198,5.435,8.8119,0.038725,-0.20677,-0.20677,51.8,1,1,0.61404
877.5,218,5.3993,7.4621,0.024621,0.36183,0.36183,10.57,1,1,0.52632
877.5,238,5.4458,9.591,0.02683,0.4531,0.4531,12.289,1,1,0.52632
877.5,258,5.4031,7.8845,0.028227,0.59607,0.59607,17.019,1,1,0.17544
877.5,378,5.4954,7.3943,0.040236,0.19443,0.19443,14.315,1,1,0.17544
877.5,398,5.648,7.1869,0.58034,0.20658,0.20658,15.059,1,1,0.52632
877.5,418,6.0504,8.5661,1.3789,-0.12326,-0.12326,8.1198,1,1,0.5614
877.5,438,5.9402,8.2229,0.84868,0.36645,0.36645,8.5109,0.92173,1,0.66667
877.5,438,3.2947,9.484,0.047539,-0.082621,-0.082621,0.18546,0.078274,1,0.66667
877.5,458,6.1761,9.0358,1.5106,-0.30226,-0.30226,13.733,0.69986,1,0.73684
877.5,458,3.5818,4.5528,0.14438,0.65009,0.65009,3.5159,0.30014,1,0.73684
877.5,478,3.9353,5.8818,1.8755,3.9206,3.9206,17.709,1,1,0.75439
877.5,638,3.7918,31.119,0.013035,-0.26536,-0.26536,14.205,1,1,0.070175
877.5,818,3.8513,44.701,0.0026124,0.2749,0.2749,49.317,1,1,0.17544
877.5,838,3.8293,42.123,0.0039436,0.52302,0.52302,97.83,1,1,0.54386
877.5,858,3.7909,40.355,0.0094683,0.63846,0.63846,65.635,1,1,0.5614
877.5,878,3.7834,38.272,0.022226,0.25978,0.25978,58.115,1,1,0.61404
877.5,898,3.6705,35.429,0.0042512,0.16835,0.16835,54.974,0.94444,1,0.31579
877.5,918,3.6987,31.217,0.010527,0.015914,0.015914,3.8792,0.96,1,0.4386
877.5,938,3.6847,31.54,0.040657,0.70236,0.70236,25.63,1,1,0.5614
877.5,958,3.7254,31.607,0.008849,0.096098,0.096098,4.2494,1,1,0.36842
877.5,1038,5.1895,37.731,0.022026,0.46079,0.46079,9.6399,0.47619,1,0.36842
877.5,1058,5.0755,37.223,0.042888,0.60552,0.60552,10.498,0.83333,1,0.42105
877.5,1078,5.101,37.575,0.54602,4.1931,4.1931,71.146,1,1,0.57895
877.5,1098,5.6606,42.753,0.029702,-0.59878,-0.59878,53.322,1,1,0.5614
877.5,1118,5.5901,42.117,0.032538,-0.29725,-0.29725,42.873,1,1,0.61404
877.5,1138,5.5332,44.246,0.026033,0.26618,0.26618,53.058,1,1,0.35088
877.5,1158,5.5364,43.923,0.032801,-0.080575,-0.080575,48.552,1,1,0.2807
877.5,1178,5.5562,41.9,0.033919,-0.24261,-0.24261,57.679,1,1,0.31579
877.5,1198,5.5789,34.972,0.026017,0.021347,0.021347,71.738,1,1,0.50877
877.5,1218,5.545,37.691,0.018301,0.024057,0.024057,60.614,1,1,0.57895
877.5,1238,5.5205,40.565,0.020621,-0.43863,-0.43863,98.359,1,1,0.52632
877.5,1258,5.5204,39.767,0.019422,-0.35121,-0.35121,60.302,1,1,0.35088
897.5,158,5.413,11.993,0.0085363,0.12136,0.12136,84.037,1,1,0.36842
897.5,178,5.401,7.3093,0.014396,0.089299,0.089299,40.01,1,1,0.52632
897.5,198,5.3698,5.3607,0.020722,0.094827,0.094827,0.51011,1,1,0.52632
897.5,218,5.3908,6.6685,0.023935,0.20888,0.20888,5.6832,1,1,0.52632
897.5,238,5.3794,6.5386,0.025981,0.37923,0.37923,10.572,1,1,0.35088
897.5,378,5.5061,6.2742,0.10302,1.4301,1.4301,26.528,1,1,0.17544
897.5,398,5.4095,7.7267,0.069072,0.40222,0.40222,15.569,1,1,0.52632
897.5,418,5.6469,7.003,0.64878,0.30934,0.30934,15.094,1,1,0.47368
897.5,438,5.3553,7.5721,1.1177,0.85083,0.85083,11.969,1,1,0.47368
897.5,458,5.3632,7.8451,1.3385,0.66669,0.66669,9.954,1,1,0.47368
897.5,478,4.815,8.026,1.6166,3.817,3.817,18.797,1,1,0.63158
897.5,498,4.3164,5.7416,1.8329,3.4112,3.4112,14.246,1,1,0.40351
897.5,838,3.8513,44.701,0.0026124,0.2749,0.2749,49.317,1,1,0.17544
897.5,858,3.8285,40.535,0.013148,-0.091737,-0.091737,67.252,1,1,0.35088
897.5,878,3.7679,37.861,0.018128,-0.067192,-0.067192,93.253,1,1,0.59649
897.5,898,3.7715,37.508,0.018748,-0.49544,-0.49544,85.627,1,1,0.49123
897.5,918,3.6667,32.779,0.055545,1.1228,1.1228,44.865,1,1,0.33333
897.5,938,3.7091,32.217,0.036294,0.66003,0.66003,24.558,1,1,0.59649
897.5,958,3.7195,32.668,0.035535,0.63905,0.63905,24.139,1,1,0.57895
897.5,978,3.7618,32.768,0.00080056,0.03774,0.03774,2.0519,0.76923,1,0.22807
897.5,1038,4.9277,36.402,0.00088419,0.035115,0.035115,1.3946,0.25,1,0.5614
897.5,1058,4.892,34.994,0.002734,0.1079,0.1079,4.2589,0.60606,1,0.57895
897.5,1078,4.8931,35.042,0.0021431,0.084582,0.084582,3.3385,0.69767,1,0.75439
897.5,1098,5.7059,42.218,0.02509,-0.89558,-0.89558,38.407,0.69697,1,0.57895
897.5,1118,5.6466,42.041,0.027762,-0.21753,-0.21753,41.443,1,1,0.4386
897.5,1138,5.6322,42.428,0.034052,-0.11835,-0.11835,68.836,1,1,0.22807
897.5,1158,5.6469,41.625,0.044741,-0.15145,-0.15145,59.897,1,1,0.26316
897.5,1178,5.6718,35.7,0.047725,0.52611,0.52611,59.198,1,1,0.52632
897.5,1198,5.6086,36.611,0.03354,0.22261,0.22261,72.443,1,1,0.5614
897.5,1218,5.5745,34.873,0.02698,0.118,0.118,59.937,1,1,0.52632
897.5,1238,5.5496,37.816,0.015345,0.12025,0.12025,51.396,1,1,0.35088
917.5,178,5.3762,5.3854,0.013325,0.065679,0.065679,0.38636,1,1,0.17544
917.5,198,5.3775,5.5038,0.025927,0.11645,0.11645,0.59149,1,1,0.17544
917.5,218,5.3558,5.1928,0.022617,0.098744,0.098744,0.5032,1,1,0.17544
917.5,398,5.2862,9.7597,0.032733,0.16989,0.16989,0.93282,0.73529,1,0.59649
917.5,418,5.2487,9.5997,0.011866,0.063585,0.063585,0.38298,0.92857,1,0.49123
917.5,438,4.9975,8.4767,1.3108,3.7619,3.7619,20.146,1,1,0.33333
917.5,458,4.999,8.6872,1.9836,5.7072,5.7072,21.249,1,1,0.38596
917.5,478,5.294,8.2112,1.598,3.4526,3.4526,15.939,1,1,0.52632
917.5,498,4.3865,6.1288,1.9649,6.4137,6.4137,24.099,1,1,0.35088
917.5,858,3.7153,43.268,0.0021069,-0.10609,-0.10609,5.3459,0.3,1,0.17544
917.5,878,3.7878,38.935,0.019665,-0.43806,-0.43806,100.45,1,1,0.5614
917.5,898,3.7791,39.923,0.020613,-0.50308,-0.50308,118.41,1,1,0.63158
917.5,918,3.7284,36.312,0.022347,-0.38301,-0.38301,64.002,1,1,0.29825
917.5,938,3.7004,32.063,0.020974,0.38239,0.38239,22.877,1,1,0.61404
917.5,958,3.647,31.534,0.23497,1.1865,1.1865,41.68,1,1,0.5614
917.5,978,3.5996,32.874,0.30725,1.132,1.132,37.868,1,1,0.40351
917.5,1078,5.8764,44.87,0.040218,-1.0762,-1.0762,41.166,0.34375,1,0.5614
917.5,1098,5.6968,43.787,0.024607,-0.74877,-0.74877,40.792,0.64286,1,0.49123
917.5,1118,5.7052,40.539,0.052725,-2.7976,-2.7976,197.96,1,1,0.17544
917.5,1138,5.757,41.684,0.048973,-1.9182,-1.9182,207.27,1,1,0.21053
917.5,1158,5.7445,41.228,0.033247,-0.065914,-0.065914,98.281,1,1,0.47368
917.5,1178,5.7276,40.44,0.040694,0.24288,0.24288,86.795,1,1,0.63158
917.5,1198,5.6485,36.465,0.042609,0.31505,0.31505,60.201,1,1,0.54386
917.5,1218,5.588,39.138,0.034677,0.26032,0.26032,54.386,1,1,0.35088
937.5,378,5.2821,9.6967,0.0085597,0.031646,0.031646,0.13268,0.78571,1,0.24561
937.5,398,5.2524,9.5657,0.011122,0.05618,0.05618,0.32788,0.94444,1,0.63158
937.5,418,5.3084,10.193,0.57882,1.4478,1.4478,5.1002,1,1,0.61404
937.5,438,5.0774,9.3773,1.1078,3.1049,3.1049,9.4671,1,1,0.50877
937.5,458,4.6286,6.3613,1.6324,4.0699,4.0699,12.607,1,1,0.61404
937.5,478,4.4016,5.6841,1.895,5.6738,5.6738,20.214,1,1,0.64912
937.5,498,3.8983,3.9479,1.3752,3.6684,3.6684,10.903,1,1,0.52632
937.5,778,6.0537,18.315,0.00012662,-0.0013658,-0.0013658,0.068258,0.75,1,0.070175
937.5,878,3.7857,43.391,0.015582,-0.49809,-0.49809,134.41,1,1,0.35088
937.5,898,3.73,42.629,0.023365,-0.56309,-0.56309,117.47,1,1,0.54386
937.5,918,3.7529,39.903,0.0187,-0.5261,-0.5261,136.54,1,1,0.47368
937.5,938,3.5074,31.775,0.0871,0.69635,0.69635,71.971,1,1,0.45614
937.5,958,3.5224,31.203,0.20522,0.72203,0.72203,43.025,1,1,0.73684
937.5,978,3.2327,32.18,0.037505,0.96769,0.96769,87.098,0.96875,1,0.5614
937.5,998,3.3102,28.937,0.45538,2.4334,2.4334,57.184,1,1,0.38596
937.5,1018,2.9268,22.495,1.1189,6.0765,6.0765,33.155,1,1,0.57895
937.5,1038,3.7469,27.307,1.1235,6.4973,6.4973,40.274,0.97059,1,0.59649
937.5,1058,4.5362,33.464,2.6305,16.195,16.195,144.4,1,1,0.59649
937.5,1078,5.3689,40.765,0.21954,1.904,1.904,57.263,1,1,0.80702
937.5,1098,5.8612,44.054,0.037938,-0.81331,-0.81331,44.622,1,1,0.49123
937.5,1118,5.8552,39.759,0.061421,-2.6908,-2.6908,204.93,1,1,0.17544
937.5,1138,5.8544,40.769,0.039946,-1.7515,-1.7515,217.76,1,1,0.19298
937.5,1158,5.8139,43.337,0.019423,-0.90224,-0.90224,178.79,1,1,0.49123
937.5,1178,5.7732,42.887,0.027098,0.29309,0.29309,137.01,1,1,0.54386
937.5,1198,5.7339,41.865,0.043257,0.0069931,0.0069931,120.55,1,1,0.35088
957.5,398,5.3701,10.258,0.94527,2.4345,2.4345,7.22,1,1,0.36842
957.5,438,5.2191,9.3936,1.4559,4.0122,4.0122,12.957,1,1,0.54386
957.5,458,4.5866,6.2211,2.0238,4.9901,4.9901,16.251,0.84852,1,0.80702
957.5,458,4.8108,4.1686,0.12012,-0.15523,-0.15523,0.33625,0.15148,1,0.80702
957.5,478,4.8014,5.7147,1.8914,3.8963,3.8963,11.219,1,1,0.70175
957.5,498,3.4845,2.7661,0.20951,0.46776,0.46776,1.0444,0.89474,1,0.66667
957.5,698,3.8185,33.077,0.00010425,-0.00037398,-0.00037398,0.0013422,0.83333,1,0.21053
957.5,878,3.6303,44.994,0.011077,0.26662,0.26662,66.581,1,1,0.17544
957.5,898,3.6691,47.732,0.020232,-0.42385,-0.42385,117.58,1,1,0.52632
957.5,918,3.6201,47.307,0.016608,0.063146,0.063146,88.639,1,1,0.42105
957.5,938,3.6243,34.885,0.032126,0.1797,0.1797,94.331,1,1,0.36842
957.5,958,3.2595,32.072,0.043178,1.0766,1.0766,101.4,1,1,0.45614
957.5,978,3.3145,30.779,0.031113,0.50795,0.50795,70.142,1,1,0.54386
957.5,998,3.2075,30.605,0.78992,5.4575,5.4575,158.53,1,1,0.54386
957.5,1018,3.1436,23.716,1.2857,6.9008,6.9008,37.072,0.96774,1,0.54386
957.5,1038,2.8096,21.923,1.4724,7.938,7.938,42.836,0.96774,1,0.54386
957.5,1058,4.1155,31.733,2.305,16.23,16.23,147.28,1,1,0.73684
957.5,1078,6.1221,40.44,0.95558,-7.8795,-7.8795,140.87,1,1,0.98246
957.5,1098,5.7982,45.188,0.033329,-0.80005,-0.80005,44.41,1,1,0.40351
957.5,1118,5.835,45.407,0.034227,-0.70422,-0.70422,75.216,1,1,0.35088
957.5,1138,5.7951,44.121,0.021109,-0.71756,-0.71756,108.9,1,1,0.35088
957.5,1158,5.8166,46.821,0.016445,-0.27965,-0.27965,96.882,1,1,0.59649
957.5,1178,5.8017,45.698,0.015327,-0.57215,-0.57215,160.55,1,1,0.52632
957.5,1198,5.7739,50.787,0.0091853,0.060367,0.060367,80.925,1,1,0.17544
977.5,418,4.3495,7.2388,0.0064803,0.010881,0.010881,0.018271,0.2,1,0.17544
977.5,418,5.7398,11.861,2.0626,4.9059,4.9059,13.303,0.8,1,0.17544
977.5,438,4.5511,6.1335,1.7968,5.3419,5.3419,20.94,1,1,0.35088
977.5,458,4.7711,4.9092,1.7675,2.7038,2.7038,7.9902,1,1,0.52632
977.5,478,4.4814,3.6665,2.1333,2.4862,2.4862,3.9712,1,1,0.73684
977.5,498,4.1836,3.4692,2.6835,2.5379,2.5379,3.7698,1,1,0.61404
977.5,878,3.5895,51.755,0.010901,-0.27087,-0.27087,103.77,1,1,0.17544
977.5,898,3.6117,48.668,0.015124,-0.028369,-0.028369,94.609,1,1,0.52632
977.5,918,3.4615,41.615,0.069542,2.4032,2.4032,223.91,1,1,0.52632
977.5,938,3.2971,34.679,0.14364,3.1252,3.1252,174.74,1,1,0.47368
977.5,958,3.4213,24.278,0.0041426,0.057953,0.057953,0.87872,0.68421,1,0.33333
977.5,978,3.3658,31.803,0.020647,0.13748,0.13748,137.8,1,1,0.5614
977.5,998,3.3729,31.468,0.012298,-0.33391,-0.33391,150.93,1,1,0.54386
977.5,1018,3.5778,29.534,3.3545,23.818,23.818,215.67,1,1,0.36842
977.5,1058,0.67658,33.428,2.1124,-14.567,-14.567,200.85,1,1,0.40351
977.5,1078,5.864,45.409,0.028209,-0.89276,-0.89276,50.054,1,1,0.59649
977.5,1098,5.8865,45.158,0.023696,-0.74307,-0.74307,58.256,1,1,0.52632
977.5,1118,5.8643,48.507,0.024942,-0.73352,-0.73352,104.57,1,1,0.19298
977.5,1138,5.851,47.075,0.016119,0.15182,0.15182,57.52,1,1,0.42105
977.5,1158,5.8614,46.54,0.016399,-0.27131,-0.27131,90.197,1,1,0.52632
977.5,1178,5.8392,48.942,0.013853,0.016877,0.016877,61.248,1,1,0.35088
997.5,438,5.5804,5.1016,2.264,2.8199,2.8199,5.0795,1,1,0.17544
997.5,458,4.9131,4.0996,2.201,2.629,2.629,4.4839,1,1,0.52632
997.5,478,5.5773,4.8326,1.9319,1.6912,1.6912,3.7955,1,1,0.52632
997.5,498,4.7063,3.9758,3.0957,2.5747,2.5747,3.4814,1,1,0.52632
997.5,518,4.475,3.5226,4.0823,3.3234,3.3234,3.8754,1,1,0.35088
997.5,898,3.5894,51.738,0.010902,-0.26896,-0.26896,104.17,0.50031,1,0.35088
997.5,898,3.1793,23.836,0.055566,-0.061002,-0.061002,0.55443,0.49969,1,0.35088
997.5,918,3.2582,31.955,0.13228,2.9459,2.9459,172.03,1,1,0.54386
997.5,938,3.1799,27.298,0.57969,0.63771,0.63771,55.611,1,1,0.59649
997.5,958,3.15,29.281,0.11479,0.99035,0.99035,104.51,0.95238,1,0.36842
997.5,978,3.3725,31.739,0.011906,-0.44887,-0.44887,133.91,1,1,0.45614
997.5,998,3.5118,35.665,0.3446,-0.24081,-0.24081,150.42,1,1,0.54386
997.5,1018,3.3236,36.152,0.012265,-0.28723,-0.28723,144.3,0.90909,1,0.19298
997.5,1058,6.0236,39.795,0.017606,-0.50484,-0.50484,46.232,1,1,0.38596
997.5,1078,6.036,41.375,0.031761,-1.0617,-1.0617,51.592,1,1,0.59649
997.5,1098,5.9817,42.413,0.0064809,-0.30539,-0.30539,36.679,1,1,0.26316
997.5,1118,5.866,46.882,0.018168,0.019312,0.019312,56.122,1,1,0.29825
997.5,1138,5.8752,49.099,0.011487,0.16365,0.16365,52.304,1,1,0.57895
997.5,1158,5.8674,46.688,0.015842,0.10414,0.10414,50.75,0.90916,1,0.52632
997.5,1158,5.8697,55.912,0.00019221,-0.015379,-0.015379,1.5307,0.090837,1,0.52632
997.5,1178,5.8994,49.094,0.009731,-0.093274,-0.093274,57.98,1,1,0.17544
1017.5,458,5.5804,5.1016,2.264,2.8199,2.8199,5.0795,1,1,0.17544
1017.5,478,5.2855,4.7424,1.6779,1.2492,1.2492,1.9495,1,1,0.17544
1017.5,498,6.226,4.6537,1.8439,1.5722,1.5722,4.2449,1,1,0.17544
1017.5,918,3.3183,28.29,0.79135,1.4381,1.4381,67.341,1,1,0.40351
1017.5,938,3.2625,31.824,1.0437,1.1213,1.1213,83.256,1,1,0.59649
1017.5,958,3.6419,30.974,1.5371,0.071121,0.071121,27.496,1,1,0.31579
1017.5,978,3.2332,37.74,1.1193,2.2327,2.2327,122.65,0.75437,1,0.2807
1017.5,978,4.9258,33.631,0.016491,-0.15023,-0.15023,2.0162,0.24563,1,0.2807
1017.5,998,3.7868,35.718,0.70022,0.72468,0.72468,90.444,1,1,0.57895
1017.5,1018,4.0696,38.123,1.0089,0.7191,0.7191,78.073,1,1,0.21053
1017.5,1038,6.05,37.104,0.015665,-0.47253,-0.47253,60.134,1,1,0.17544
1017.5,1058,6.1337,38.876,0.03161,-1.5174,-1.5174,125.88,1,1,0.57895
1017.5,1078,6.0953,38.256,0.020913,-0.57662,-0.57662,44.901,1,1,0.57895
1017.5,1098,6.246,35.502,0.0038223,-0.15361,-0.15361,6.1736,0.66667,1,0.31579
1017.5,1118,5.918,51.977,0.001308,0.0010914,0.0010914,0.00091074,0.88,1,0.4386
1017.5,1138,5.9248,51.983,0.00089151,0.00074468,0.00074468,0.00062209,0.65625,1,0.5614
1017.5,1158,5.9112,50.537,0.0054363,-0.029311,-0.029311,31.075,1,1,0.35088
1037.5,798,0.20435,13.579,0.02141,-0.065478,-0.065478,1.0363,0.75,1,0.070175
1037.5,918,3.3965,39.121,1.3344,2.0638,2.0638,92.427,0.86667,1,0.26316
1037.5,918,4.9023,34.805,0.010892,-0.033734,-0.033734,0.10448,0.13333,1,0.26316
1037.5,938,3.4572,36.297,1.0603,-0.52834,-0.52834,78.15,1,1,0.57895
1037.5,958,3.6276,37.279,1.6383,-1.3108,-1.3108,55.341,1,1,0.29825
1037.5,978,4.0262,33.131,1.0785,1.9798,1.9798,62.361,1,1,0.33333
1037.5,998,3.7396,32.933,0.602,0.56893,0.56893,90.587,1,1,0.57895
1037.5,1018,4.08,34.545,0.99429,4.9708,4.9708,73.52,1,1,0.21053
1037.5,1038,6.0969,43.986,0.050037,-3.1801,-3.1801,258.65,1,1,0.21053
1037.5,1058,6.1158,40.33,0.029653,-1.3627,-1.3627,131.52,1,1,0.5614
1037.5,1078,6.1678,38.96,0.03186,-1.8499,-1.8499,151.94,1,1,0.4386
1037.5,1098,5.9087,51.97,0.0014701,0.0012277,0.0012277,0.0010254,0.61111,1,0.31579
1037.5,1118,5.9175,51.977,0.0011275,0.00094355,0.00094355,0.00078967,0.60605,1,0.57895
1037.5,1118,6.0116,50.117,0.0099949,-0.79322,-0.79322,136.15,0.39395,1,0.57895
1057.5,938,3.1941,41.892,0.037994,-0.23143,-0.23143,114.4,0.84848,1,0.57895
1057.5,938,5.2802,35.95,0.040785,0.14143,0.14143,2.1288,0.090909,1,0.57895
1057.5,958,5.2588,34.422,1.8862,-0.32936,-0.32936,64.092,0.22288,1,0.31579
1057.5,958,3.2556,41.356,0.0011739,-0.42461,-0.42461,158.97,0.77712,1,0.31579
1057.5,978,3.3536,31.369,0.014792,-0.5304,-0.5304,162.8,0.89474,1,0.33333
1057.5,998,3.5133,35.229,0.30658,-0.44858,-0.44858,145.57,1,1,0.59649
1057.5,1018,3.3699,29.594,0.013854,-0.75911,-0.75911,147.48,0.90909,1,0.19298
1057.5,1038,6.1353,44.714,0.0030211,0.19868,0.19868,16.873,0.7,1,0.17544
1057.5,1058,6.1077,42.116,0.032296,-1.4187,-1.4187,177.65,1,1,0.54386
1057.5,1078,6.1894,40.072,0.010454,-0.5215,-0.5215,83.893,1,1,0.26316
1057.5,1098,6.057,45.645,0.015384,-1.4486,-1.4486,190.71,1,1,0.31579
1057.5,1118,6.0383,45.873,0.017612,-1.064,-1.064,146.22,1,1,0.57895
1057.5,1138,5.9222,51.981,0.00078695,0.00065943,0.00065943,0.00055261,0.49999,1,0.35088
1057.5,1138,6.0202,48.326,0.011137,-1.0286,-1.0286,155.08,0.50001,1,0.35088
1077.5,918,3.261,44.068,0.00239,-0.12673,-0.12673,107.8,1,1,0.17544
1077.5,938,3.2597,45.283,0.0018523,-0.34522,-0.34522,175.76,0.94118,1,0.59649
1077.5,958,3.2541,45.247,0.0026356,-0.12664,-0.12664,159.76,0.89286,1,0.49123
1077.5,978,3.3096,39.851,0.012233,-0.016831,-0.016831,120.98,1,1,0.45614
1077.5,998,3.3249,33.961,0.015562,-0.63487,-0.63487,210.75,1,1,0.61404
1077.5,1018,3.2794,42.074,0.0099846,-0.19258,-0.19258,151.03,0.90909,1,0.19298
1077.5,1038,6.0314,46.343,0.02395,0.12566,0.12566,207.42,1,1,0.21053
1077.5,1058,6.095,43.151,0.018784,-0.55703,-0.55703,142.44,1,1,0.57895
1077.5,1078,6.0221,45.788,0.014819,-0.28343,-0.28343,226.52,1,1,0.29825
1077.5,1098,6.1615,39.369,0.0083749,-0.68076,-0.68076,213.11,1,1,0.33333
1077.5,1118,6.0999,43.537,0.012595,-0.99016,-0.99016,204.59,1,1,0.54386
1077.5,1138,6.1773,37.174,0.0074959,-0.31626,-0.31626,197.71,1,1,0.17544
1097.5,918,3.2695,48.859,0.0020188,-0.53531,-0.53531,242.22,0.90909,1,0.19298
1097.5,938,3.26,46.277,0.0024143,-0.20953,-0.20953,184.96,0.90909,1,0.57895
1097.5,958,3.2833,44.776,0.0065288,-0.27151,-0.27151,170.43,1,1,0.57895
1097.5,978,3.3065,37.922,0.01087,-0.38837,-0.38837,203.88,1,1,0.57895
1097.5,998,3.304,36.039,0.014838,-0.29625,-0.29625,173.37,1,1,0.57895
1097.5,1018,3.3533,28.256,0.011849,-0.56408,-0.56408,246.54,0.90909,1,0.19298
1097.5,1038,6.1429,46.032,0.021656,-0.82847,-0.82847,144.01,1,1,0.21053
1097.5,1058,6.1022,43.454,0.01917,-0.95623,-0.95623,203.85,1,1,0.57895
1097.5,1078,6.1676,41.419,0.015365,-1.3432,-1.3432,237.18,1,1,0.45614
1097.5,1098,6.1514,41.477,0.010877,-1.2141,-1.2141,246.39,1,1,0.50877
1097.5,1118,6.1246,43.056,0.011491,-1.3331,-1.3331,285.27,1,1,0.57895
1097.5,1138,6.1106,44.953,0.0072104,-0.85179,-0.85179,215.75,1,1,0.17544
1117.5,938,3.2695,48.859,0.0020188,-0.53531,-0.53531,242.22,0.90909,1,0.19298
1117.5,958,3.2498,42.299,0.001326,-0.030551,-0.030551,110.12,1,1,0.38596
1117.5,978,3.2875,37.728,0.0077997,0.12434,0.12434,27.921,1,1,0.38596
1117.5,998,3.2866,34.021,0.012015,-0.35459,-0.35459,154.64,1,1,0.42105
1117.5,1038,6.179,42.431,0.013695,-1.3413,-1.3413,241.87,1,1,0.17544
1117.5,1058,6.2011,43.465,0.017693,-1.0542,-1.0542,219.55,0.9303,1,0.73684
1117.5,1058,6.126,46.487,0.00010406,-0.0074467,-0.0074467,0.55027,0.069702,1,0.73684
1117.5,1078,6.2073,38.504,0.013869,-1.1405,-1.1405,244.47,1,1,0.5614
1117.5,1098,6.1721,39.373,0.015037,-1.8141,-1.8141,327,1,1,0.61404
1117.5,1118,6.143,43.61,0.011213,-1.2733,-1.2733,240.39,1,1,0.7193
1117.5,1138,6.0798,47.788,0.018048,-2.6473,-2.6473,443.71,1,1,0.17544
1137.5,958,3.2549,37.612,0.00024496,-0.046562,-0.046562,8.8569,0.91176,1,0.59649
1137.5,1038,0.0606,47.14,0.00041464,-0.029279,-0.029279,5.9886,0.5,1,0.17544
1137.5,1038,6.152,57.478,0.0010315,-0.1957,-0.1957,41.611,0.4,1,0.17544
1137.5,1058,6.2355,48.038,0.013971,-0.6936,-0.6936,122.13,0.9697,1,0.57895
1137.5,1078,6.2548,46.394,0.014505,-0.8487,-0.8487,198.72,0.92308,1,0.68421
1137.5,1098,6.1968,39.31,0.0013999,-0.21387,-0.21387,134.45,0.86842,1,0.66667
1157.5,978,3.2557,37.472,0.00030171,-0.05712,-0.05712,10.817,0.95455,1,0.77193
1157.5,1038,6.2591,50.927,0.0065435,-0.36638,-0.36638,35.746,1,1,0.17544
1157.5,1058,6.2752,47.966,0.011068,-0.72731,-0.72731,95.471,0.97727,1,0.77193
1157.5,1078,6.2492,46.915,0.009747,-0.44457,-0.44457,95.4,0.95745,1,0.82456
1157.5,1098,6.2251,42.747,0.0082585,-0.11854,-0.11854,105.69,0.97674,1,0.75439
1177.5,958,3.2544,37.728,0.00029437,-0.055955,-0.055955,10.64,0.96774,1,0.54386
1177.5,978,3.2559,37.421,0.00024058,-0.045769,-0.045769,8.7106,0.91176,1,0.59649
1177.5,998,3.2571,37.193,0.00030332,-0.057381,-0.057381,10.859,0.9375,1,0.5614
1177.5,1038,0.020126,38.923,0.0048374,-0.50895,-0.50895,129.01,0.90909,1,0.19298
1177.5,1058,0.00089769,36.327,0.0075021,-0.42072,-0.42072,80.545,0.58013,1,0.7193
1177.5,1058,6.2253,54.087,0.0047612,-0.22617,-0.22617,20.261,0.41987,1,0.7193
1177.5,1078,6.2745,43.094,0.010033,-0.53144,-0.53144,137.24,1,1,0.75439
1177.5,1098,6.2128,42.265,0.0067005,-0.23311,-0.23311,103.53,1,1,0.73684
1177.5,1118,6.2003,42.334,0.0047664,-0.10706,-0.10706,87.607,1,1,0.35088
1197.5,958,3.2552,37.56,0.00015556,-0.029594,-0.029594,5.6348,0.83333,1,0.21053
1197.5,978,3.2519,38.215,0.00033589,-0.063827,-0.063827,12.131,0.625,1,0.2807
1197.5,998,3.2622,36.211,0.00017676,-0.033498,-0.033498,6.3509,0.66667,1,0.26316
1197.5,1038,6.2086,42.57,0.0055421,-0.4779,-0.4779,132.31,1,1,0.17544
1197.5,1058,6.2425,41.995,0.0075792,-0.52015,-0.52015,123.34,1,1,0.59649
1197.5,1078,6.2093,45.834,0.0087735,-0.55809,-0.55809,112.33,1,1,0.80702
1197.5,1098,6.21,43.862,0.0079192,-0.20666,-0.20666,103.68,1,1,0.54386
1197.5,1118,6.1924,46.419,0.0059851,0.011843,0.011843,52.902,1,1,0.17544
1217.5,1038,6.2486,40.918,0.0048855,0.13722,0.13722,56.307,1,1,0.17544
1217.5,1058,6.2025,45.798,0.0082929,-0.51468,-0.51468,113.76,1,1,0.57895
1217.5,1078,6.2119,46.173,0.0098298,-0.50739,-0.50739,98.332,1,1,0.61404
1217.5,1098,6.1942,47.446,0.0085511,-0.32917,-0.32917,78.212,1,1,0.54386
1217.5,1118,6.2277,46.048,0.0086418,-0.49229,-0.49229,86.432,1,1,0.17544
1237.5,978,3.1348,39.777,0.010621,0.57651,0.57651,74.124,1,1,0.29825
1237.5,998,3.1123,38.832,0.0048225,0.44917,0.44917,73.395,1,1,0.24561
1237.5,1018,3.1065,39.262,0.0039854,0.041921,0.041921,22.641,1,1,0.19298
1237.5,1058,6.2566,40.437,0.0039699,0.092769,0.092769,49.828,1,1,0.22807
1237.5,1078,6.1983,48.49,0.011523,-0.49291,-0.49291,77.759,1,1,0.24561
1237.5,1098,6.2352,44.162,0.0097428,-0.424,-0.424,91.29,1,1,0.21053
1257.5,958,3.1118,41.252,0.01342,0.97276,0.97276,102.4,1,1,0.19298
1257.5,978,3.1173,39.376,0.0094386,0.62227,0.62227,82.325,1,1,0.61404
1257.5,998,3.1118,38.716,0.0074257,0.39257,0.39257,51.92,1,1,0.61404
1257.5,1018,3.0948,37.887,0.0048105,0.40194,0.40194,72.634,1,1,0.54386
1257.5,1038,3.1129,38.616,0.0039399,0.091259,0.091259,20.315,1,1,0.17544
1277.5,958,3.1345,41.734,0.0090564,0.73371,0.73371,106.96,1,1,0.21053
1277.5,978,3.1076,38.304,0.008342,0.45752,0.45752,61.385,1,1,0.63158
1277.5,998,3.0964,37.858,0.0065688,0.52025,0.52025,84.597,1,1,0.64912
1277.5,1018,3.0951,37.543,0.0037515,0.20351,0.20351,53.61,1,1,0.54386
1277.5,1038,3.074,35.885,0.0050164,0.55698,0.55698,119.24,1,1,0.17544
1297.5,958,3.1016,35.225,0.0017,-0.17346,-0.17346,22.082,0.90909,1,0.19298
1297.5,978,3.1048,37.733,0.005553,0.1258,0.1258,53.865,1,1,0.63158
1297.5,998,3.0957,36.447,0.0025869,-0.25015,-0.25015,28.384,0.94444,1,0.63158
1297.5,1018,3.0973,37.025,0.0022192,0.0019563,0.0019563,40.943,0.93548,1,0.54386
1297.5,1018,3,22.468,0.001521,-0.028649,-0.028649,0.53961,0.064516,1,0.54386
1297.5,1038,3.0937,37.081,0.0016932,-0.12071,-0.12071,11.592,0.90909,1,0.19298
1317.5,978,3.0977,36.493,0.0030741,-0.3038,-0.3038,37.46,0.97143,1,0.61404
1317.5,998,3.0986,36.5,0.0028845,-0.29412,-0.29412,37.466,1,1,0.61404
1317.5,1018,3.0971,36.422,0.0024245,-0.24275,-0.24275,28.694,1,1,0.54386
1317.5,1038,3.1093,34.382,0.001027,-0.11153,-0.11153,15.456,1,1,0.17544
1337.5,978,3.1166,39.234,0.0059254,0.023283,0.023283,66.62,1,1,0.26316
1337.5,998,3.1213,37.613,0.0067591,-0.14831,-0.14831,54.178,1,1,0.2807
1337.5,1018,3.1093,34.382,0.001027,-0.11153,-0.11153,15.456,1,1,0.17544
