-14,565,1.6095,11.412,0.0030487,0.1672,0.1672,11.507,1,1,0.086207
-14,605,1.6234,12.251,0.0021604,0.16894,0.16894,15.727,1,1,0.086207
-14,725,1.5773,15.944,0.010689,-0.19247,-0.19247,11.609,1,1,0.086207
-14,745,1.53,14.818,0.0087916,-0.27959,-0.27959,11.901,1,1,0.086207
-14,765,1.501,16.861,0.0076178,-0.26458,-0.26458,15.147,1,1,0.086207
-14,785,1.6146,10.813,0.0035342,-0.016747,-0.016747,3.8212,1,1,0.086207
-14,805,1.7365,13.025,0.01191,0.012175,0.012175,0.09982,0.80002,1,0.086207
-14,805,1.842,13.318,0.000121,0.0011879,0.0011879,0.011662,0.19998,1,0.086207
-14,825,1.7292,12.531,0.0092786,0.0031199,0.0031199,0.081416,1,1,0.086207
-14,845,1.6766,12.501,0.013221,-0.0075118,-0.0075118,0.044581,1,1,0.086207
-14,865,1.5326,11.454,0.086711,0.39369,0.39369,5.885,1,1,0.086207
-14,885,1.3087,10.491,0.028831,0.093203,0.093203,2.711,1,1,0.086207
-14,905,1.155,9.6744,0.03783,0.36416,0.36416,5.0567,1,1,0.086207
-14,925,0.1188,7.8923,0.060818,-0.31401,-0.31401,2.8222,1,1,0.17241
-14,945,0.21816,7.2939,0.098787,-0.3132,-0.3132,2.3922,1,1,0.25862
-14,965,0.1766,7.3433,0.098913,-0.2114,-0.2114,1.6378,1,1,0.25862
-14,985,0.16151,7.3592,0.084815,-0.14015,-0.14015,0.98201,1,1,0.25862
-14,1005,0.1281,8.7964,0.075095,-0.034169,-0.034169,5.5614,1,1,0.17241
6,545,1.603,10.844,0.0027486,0.15767,0.15767,11.206,0.92308,1,0.11207
6,565,1.5978,10.674,0.0023713,0.11797,0.11797,8.0352,0.9697,1,0.28448
6,585,1.6071,11.338,0.0022379,0.13257,0.13257,10.975,0.9697,1,0.28448
6,605,1.6047,11.119,0.0025052,0.14851,0.14851,11.424,1,1,0.28448
6,625,1.6186,11.91,0.0021927,0.16989,0.16989,15.459,1,1,0.094828
6,665,1.4878,20.012,0.00087516,-0.079248,-0.079248,7.1778,0.90909,1,0.094828
6,705,1.5325,17.273,0.0058283,-0.21945,-0.21945,16.277,1,1,0.26724
6,725,1.5484,15.414,0.0076365,-0.21386,-0.21386,13.962,0.96774,1,0.26724
6,745,1.5361,15.874,0.010022,-0.25399,-0.25399,13.584,0.9375,1,0.27586
6,765,1.5426,14.568,0.007667,-0.26764,-0.26764,16.79,0.97561,1,0.35345
6,785,1.6244,13.586,0.018517,-0.23676,-0.23676,12.577,0.96774,1,0.26724
6,805,1.7042,12.15,0.011902,0.058993,0.058993,2.1957,1,1,0.26724
6,825,1.7242,12.709,0.011899,0.0090365,0.0090365,0.1465,1,1,0.27586
6,845,1.6636,12.399,0.034499,0.12691,0.12691,2.222,1,1,0.36207
6,865,1.5118,11.664,0.064744,0.30552,0.30552,4.4302,1,1,0.26724
6,885,1.3321,10.54,0.075161,0.39628,0.39628,5.0802,0.96774,1,0.26724
6,905,1.2318,9.9916,0.029807,0.26547,0.26547,4.7217,0.6219,1,0.36207
6,905,0.58418,8.7502,0.78863,1.0111,1.0111,4.6034,0.3781,1,0.36207
6,925,0.25353,11.969,0.28304,-1.7036,-1.7036,59.698,1,1,0.43966
6,945,0.17409,7.4354,0.080054,-0.37326,-0.37326,2.9226,0.61818,1,0.47414
6,965,0.21142,11.567,0.21337,-1.237,-1.237,52.163,1,1,0.52586
6,985,0.20423,10.115,0.21762,0.23251,0.23251,7.5678,1,1,0.4569
6,1005,0.13547,10.278,0.12895,0.086572,0.086572,6.6983,1,1,0.34483
6,1025,0.13296,10.468,0.028402,0.15188,0.15188,4.7262,1,1,0.086207
26,545,1.5896,10.104,0.0025245,0.11731,0.11731,6.8709,0.85714,1,0.12069
26,565,1.6095,11.36,0.003042,0.14674,0.14674,9.1206,0.91892,1,0.31897
26,585,1.5967,10.851,0.002745,0.1365,0.1365,8.9487,0.95652,1,0.39655
26,605,1.6022,11.296,0.0026041,0.1662,0.1662,13.901,0.94444,1,0.31034
26,625,1.6095,11.614,0.0040689,0.21863,0.21863,13.31,0.75,1,0.13793
26,665,1.5343,17.686,0.0042147,-0.20738,-0.20738,20.296,0.76471,1,0.14655
26,685,1.5134,17.967,0.0019866,-0.177,-0.177,16.971,0.92105,1,0.32759
26,685,4.7709,16.809,0.0034287,0.018071,0.018071,0.095246,0.052632,1,0.32759
26,705,1.5192,17.17,0.0021452,-0.19449,-0.19449,17.636,0.89189,1,0.31897
26,725,1.5189,17.792,0.012536,-0.18221,-0.18221,11.468,0.88889,1,0.23276
26,745,1.5202,16.118,0.0074073,-0.24093,-0.24093,16.113,0.92105,1,0.32759
26,765,1.5067,16.091,0.0053699,-0.22248,-0.22248,17.455,0.97297,1,0.31897
26,785,1.5626,12.261,0.0074857,-0.089302,-0.089302,12.44,0.94872,1,0.33621
26,805,1.7362,12.948,0.012899,0.01687,0.01687,0.15021,0.88889,1,0.23276
26,825,1.7211,12.561,0.011904,-0.0023872,-0.0023872,0.10316,0.94595,1,0.31897
26,845,1.7025,12.561,0.014098,-0.011972,-0.011972,0.071969,0.91429,1,0.30172
26,865,1.6065,11.293,0.062742,0.31694,0.31694,6.5903,1,1,0.31034
26,885,3.7559,10.839,0.00027229,-0.0078492,-0.0078492,0.22636,0.21277,1,0.40517
26,885,1.2832,10.037,0.051669,0.30503,0.30503,4.1011,0.7234,1,0.40517
26,905,0.77801,9.5482,1.1736,1.5432,1.5432,6.3535,0.71015,1,0.59483
26,905,3.7534,10.909,0.00075291,-0.021609,-0.021609,0.62032,0.28985,1,0.59483
26,925,6.0749,14.866,1.2777,-0.57966,-0.57966,71.725,1,1,0.56034
26,945,0.11765,7.9196,0.080763,-0.32325,-0.32325,2.4733,0.59494,1,0.68103
26,965,0.19351,14.146,0.29092,0.11633,0.11633,73.05,1,1,0.43103
26,985,0.26923,11.14,0.21502,0.22173,0.22173,6.761,0.98438,1,0.55172
26,1005,0.23967,11.315,0.17963,0.27786,0.27786,6.4195,1,1,0.44828
26,1025,0.17106,10.325,0.067557,-0.12155,-0.12155,7.5714,1,1,0.086207
46,545,1.6294,13.529,0.0027635,0.053929,0.053929,9.5937,0.85714,1,0.12069
46,565,1.606,11.71,0.0030926,0.12802,0.12802,10.573,0.94118,1,0.2931
46,585,1.6059,11.463,0.0028333,0.13374,0.13374,8.368,0.94118,1,0.2931
46,605,1.5976,11.26,0.0029358,0.16689,0.16689,12.473,0.91429,1,0.30172
46,625,1.5952,11.995,0.0020979,0.13469,0.13469,16.118,0.8125,1,0.13793
46,665,1.5263,16.893,0.001717,-0.13933,-0.13933,12.475,0.6875,1,0.13793
46,705,1.5033,18.195,0.0048653,-0.1128,-0.1128,11.199,1,1,0.27586
46,725,1.4957,18.454,0.007735,-0.15431,-0.15431,12.097,0.97059,1,0.2931
46,745,1.49,17.965,0.0073958,-0.18288,-0.18288,13.925,0.97143,1,0.30172
46,765,1.5176,15.132,0.0067631,-0.208,-0.208,20.211,1,1,0.37931
46,785,1.575,13.128,0.017494,-0.15038,-0.15038,13.353,1,1,0.30172
46,805,1.6657,11.868,0.01903,0.1088,0.1088,2.4379,1,1,0.2931
46,825,1.7231,12.631,0.016082,-0.00092034,-0.00092034,0.12657,0.94118,1,0.2931
46,845,1.7049,11.851,0.026153,0.10857,0.10857,3.256,1,1,0.37069
46,865,1.5522,10.798,0.088948,0.44299,0.44299,4.9887,1,1,0.2931
46,885,1.2338,10.063,0.76631,0.72634,0.72634,3.9975,0.64286,1,0.48276
46,885,3.7565,10.822,0.00066664,-0.019201,-0.019201,0.55315,0.35714,1,0.48276
46,905,3.7544,10.88,0.00087567,-0.025164,-0.025164,0.72326,0.39024,1,0.7069
46,905,0.82083,9.7574,1.1236,1.4651,1.4651,5.1529,0.60976,1,0.7069
46,925,0.095895,8.8218,0.047213,-0.062986,-0.062986,1.7921,0.52113,1,0.61207
46,925,6.0338,27.268,0.011541,0.10417,0.10417,1.5938,0.15493,1,0.61207
46,945,0.037033,8.5119,0.02214,-0.0084719,-0.0084719,1.1836,0.6129,1,0.53448
46,965,1.427,20.991,0.0023883,0.0050927,0.0050927,0.01086,0.031746,1,0.5431
46,965,0.030579,10.536,0.0267,-0.24091,-0.24091,27.359,0.93651,1,0.5431
46,985,0.35609,15.003,0.30322,1.0822,1.0822,70.074,1,1,0.53448
46,1005,0.28264,14.305,0.196,-0.32568,-0.32568,52.603,1,1,0.48276
46,1025,0.39202,11.538,0.35112,1.4214,1.4214,12.844,1,1,0.10345
46,1645,1.11,9.8974,0.0083914,0.22515,0.22515,18.135,1,1,0.086207
46,1665,1.0441,8.8709,0.019916,0.036197,0.036197,9.3738,1,1,0.086207
46,1685,0.9481,9.2078,0.013939,0.10084,0.10084,7.9071,1,1,0.086207
66,325,2.5459,11.097,0.025268,-0.12294,-0.12294,1.9859,0.8,1,0.043103
66,565,1.6294,12.474,0.0026304,0.08457,0.08457,4.2514,0.90909,1,0.094828
66,585,1.5905,10.712,0.0025802,0.13223,0.13223,8.765,0.90909,1,0.094828
66,605,1.581,10.123,0.0010426,0.052004,0.052004,4.5218,0.90909,1,0.094828
66,725,1.4589,19.793,0.0064813,0.054557,0.054557,4.4258,0.90909,1,0.094828
66,745,1.4313,20.516,0.00056869,0.04415,0.04415,3.638,0.36364,1,0.094828
66,765,1.4771,17.364,0.0051017,-0.20237,-0.20237,12.955,1,1,0.086207
66,785,1.5473,10.71,0.0074666,0.032823,0.032823,2.7719,1,1,0.086207
66,805,1.7184,12.856,0.015087,0.016066,0.016066,0.16444,1,1,0.086207
66,825,1.7467,12.501,0.014349,0.0032331,0.0032331,0.10956,1,1,0.086207
66,845,1.6099,12.795,0.0036907,0.0058541,0.0058541,0.013541,0.3906,1,0.086207
66,845,1.8145,12.416,0.0086438,-0.0084999,-0.0084999,0.026588,0.6094,1,0.086207
66,865,1.6328,10.304,0.059112,0.41867,0.41867,7.4547,1,1,0.086207
66,885,3.7657,10.556,0.0011993,-0.034502,-0.034502,0.99267,0.4878,1,0.35345
66,885,0.85138,9.5979,0.75986,1.0721,1.0721,2.8683,0.5122,1,0.35345
66,905,0.15025,9.1905,0.014836,0.071761,0.071761,0.79567,0.44776,1,0.57759
66,905,3.7613,10.682,0.0011965,-0.034406,-0.034406,0.9895,0.47761,1,0.57759
66,925,0.090036,8.6175,0.01614,0.097029,0.097029,1.0593,0.4375,1,0.55172
66,945,0.047777,8.6781,0.020144,0.0073163,0.0073163,1.7847,0.62366,1,0.80172
66,945,6.1112,25.757,0.00016409,0.022081,0.022081,4.874,0.12903,1,0.80172
66,965,0.16501,9.9303,0.18252,1.1563,1.1563,12.429,0.79747,1,0.68103
66,965,6.1156,26.066,0.00026647,0.039751,0.039751,8.1024,0.18987,1,0.68103
66,985,0.18342,15.445,0.20812,-0.21546,-0.21546,62.773,1,1,0.64655
66,1005,0.46072,12.433,0.30164,1.556,1.556,14.802,0.67537,1,0.48276
66,1005,6.1638,26.119,0.005332,0.06826,0.06826,38.349,0.32463,1,0.48276
66,1025,0.68279,13.524,0.34688,0.7424,0.7424,7.0996,1,1,0.11207
66,1625,1.11,9.8974,0.0083914,0.22515,0.22515,18.135,1,1,0.086207
66,1645,1.0738,9.4106,0.015755,0.088891,0.088891,12.398,1,1,0.26724
66,1665,1.0379,9.5679,0.01768,0.14536,0.14536,12.198,1,1,0.27586
66,1685,1.0154,9.3798,0.017975,0.1368,0.1368,10.279,1,1,0.25862
66,1705,1.0322,9.1614,0.014086,0.047343,0.047343,3.9715,1,1,0.17241
86,845,1.1496,4.5997,0.0012194,-0.0042015,-0.0042015,0.014695,0.5,1,0.086207
86,905,0.13988,8.8813,0.011373,0.029197,0.029197,0.98422,0.51724,1,0.5
86,905,3.7645,10.593,0.0012427,-0.03573,-0.03573,1.0273,0.34483,1,0.5
86,925,0.14449,9.1687,0.011962,0.022653,0.022653,0.18667,0.42188,1,0.55172
86,925,3.7477,11.076,0.0010154,-0.029183,-0.029183,0.83882,0.3125,1,0.55172
86,945,0.062971,8.8723,0.031778,0.097347,0.097347,1.799,0.60465,1,0.74138
86,945,6.1193,25.882,0.00023904,0.026503,0.026503,4.9107,0.26744,1,0.74138
86,965,0.036212,9.0901,0.033152,0.034526,0.034526,3.5394,0.67105,1,0.65517
86,965,6.1134,24.935,0.00027959,0.042025,0.042025,8.5755,0.28947,1,0.65517
86,985,0.068134,18.434,0.17321,-0.78513,-0.78513,62.328,1,1,0.53448
86,1005,6.1152,24.124,0.00012386,0.019867,0.019867,3.1978,0.58824,1,0.2931
86,1625,1.0696,9.1953,0.018273,-0.014399,-0.014399,9.6312,1,1,0.086207
86,1645,1.0728,9.6209,0.018658,0.23107,0.23107,13.049,1,1,0.2931
86,1665,1.052,9.4896,0.016959,0.098333,0.098333,11.676,1,1,0.31034
86,1685,1.0387,9.8102,0.012579,0.1477,0.1477,8.0906,1,1,0.37069
86,1705,1.1073,9.581,0.0044925,0.066649,0.066649,4.0059,1,1,0.37069
106,825,1.214,4.5236,0.016104,0.0023545,0.0023545,0.016199,0.97143,1,0.30172
106,845,1.232,4.4643,0.014587,-0.012111,-0.012111,0.062596,0.90909,1,0.28448
106,865,1.2429,4.4814,0.0077431,-0.017503,-0.017503,0.072288,1,1,0.25862
106,885,0.11778,8.6437,0.0083363,-0.036185,-0.036185,1.8412,0.25,1,0.34483
106,905,6.1218,8.8444,2.5836,-5.6731,-5.6731,14.837,1,1,0.43103
106,925,0.084755,8.7623,0.035969,0.14668,0.14668,3.2505,0.62857,1,0.60345
106,945,0.06628,8.9277,0.021462,0.1035,0.1035,3.0117,0.61111,1,0.77586
106,965,6.1203,24.813,0.00022414,0.036191,0.036191,5.8642,0.38462,1,0.67241
106,965,0.051279,9.3981,0.018268,0.047981,0.047981,3.9568,0.5641,1,0.67241
106,985,6.1175,24.419,0.00022465,0.036046,0.036046,5.8078,0.56604,1,0.4569
106,1625,1.0596,9.9645,0.02635,0.44597,0.44597,9.1837,1,1,0.086207
106,1645,1.0159,8.8053,0.022397,0.19448,0.19448,8.5463,1,1,0.28448
106,1665,1.0215,9.9227,0.025092,0.45583,0.45583,10.492,1,1,0.2931
106,1685,1.0473,9.7897,0.016659,0.26128,0.26128,8.4214,1,1,0.38793
106,1705,1.1159,9.157,0.00022881,0.0012264,0.0012264,0.042158,0.75556,1,0.38793
106,1705,1.169,14.605,0.001024,0.0040957,0.0040957,0.016381,0.044444,1,0.38793
106,1765,1.2029,8.8467,0.010314,-0.033218,-0.033218,0.18015,1,1,0.18966
106,1785,1.263,8.6201,0.013702,-0.03765,-0.03765,0.14333,1,1,0.086207
106,1825,2.141,3.7201,2.0451,-2.1544,-2.1544,3.702,1,1,0.086207
106,1845,1.0932,2.956,1.2639,1.2891,1.2891,2.4624,1,1,0.086207
106,1865,5.0874,1.87,7.2396,2.8702,2.8702,1.3821,1,1,0.086207
126,305,3.3318,9.3852,0.036196,0.26353,0.26353,1.9187,0.5,1,0.034483
126,825,1.1969,4.5226,0.013966,0.0078396,0.0078396,0.0044006,0.81818,1,0.37931
126,845,1.2342,4.496,0.013569,-0.012554,-0.012554,0.053681,0.58621,1,0.25
126,885,1.205,4.7287,0.020038,-0.10486,-0.10486,0.5576,0.44231,1,0.44828
126,905,0.29623,11.56,0.3557,-0.81604,-0.81604,40.544,1,1,0.74138
126,925,0.090598,8.6871,0.054254,0.26684,0.26684,3.7031,0.62499,1,0.82759
126,925,6.1673,23.995,0.023389,-0.03629,-0.03629,8.2333,0.34376,1,0.82759
126,945,0.10947,8.9476,0.041254,0.21752,0.21752,4.0284,0.59649,1,0.98276
126,945,6.0915,25.818,0.0056801,0.20637,0.20637,12.888,0.38596,1,0.98276
126,965,0.013078,9.1085,0.019704,0.05727,0.05727,3.5049,0.61628,1,0.74138
126,965,6.1212,26.317,0.0042362,0.17814,0.17814,12.145,0.38372,1,0.74138
126,985,6.226,15.414,0.026123,-0.32783,-0.32783,77.688,1,1,0.34483
126,1625,0.921,7.9453,0.0080192,0.017205,0.017205,4.2489,1,1,0.086207
126,1645,0.98977,9.2395,0.027249,0.43353,0.43353,10.046,1,1,0.25862
126,1665,0.96511,9.1581,0.027307,0.4539,0.4539,10.642,1,1,0.27586
126,1685,1.0282,9.636,0.023209,0.36494,0.36494,8.6058,1,1,0.37069
126,1705,1.1179,9.1476,0.00010626,0.0019893,0.0019893,0.037268,0.70452,1,0.37931
126,1705,0.99081,9.6296,0.034228,0.53389,0.53389,9.9634,0.29548,1,0.37931
126,1745,1.1882,8.9302,0.0097027,-0.030254,-0.030254,0.15246,0.94643,1,0.48276
126,1765,1.2205,8.825,0.011695,-0.040621,-0.040621,0.20529,0.97059,1,0.2931
126,1785,1.2866,8.544,0.011938,-0.030442,-0.030442,0.10722,0.72727,1,0.37931
126,1805,1.5859,4.2173,1.1867,-1.2066,-1.2066,1.9171,0.62857,1,0.30172
126,1805,1.2974,8.5907,0.0174,-0.03194,-0.03194,0.12222,0.37143,1,0.30172
126,1825,1.0565,4.0528,1.197,0.90723,0.90723,3.6204,1,1,0.27586
126,1845,0.51041,2.8487,3.0901,1.7678,1.7678,3.0918,1,1,0.25862
126,1865,0.046307,2.2833,2.7434,1.6065,1.6065,2.2874,1,1,0.25862
126,1885,5.0874,1.87,7.2396,2.8702,2.8702,1.3821,1,1,0.086207
146,825,1.1847,4.5157,0.011074,0.0062265,0.0062265,0.0035011,0.66667,1,0.25862
146,825,4.3295,4.2868,0.020306,0.055557,0.055557,0.152,0.066667,1,0.25862
146,845,1.2189,4.5317,0.0092516,-0.00042759,-0.00042759,0.025504,0.46667,1,0.25862
146,865,0.5757,7.2096,0.16237,-0.17669,-0.17669,2.5021,0.57178,1,0.18103
146,865,2.8775,2.7578,0.15053,-0.16691,-0.16691,1.3141,0.42822,1,0.18103
146,885,0.88137,7.0148,1.1632,-2.5262,-2.5262,8.9463,0.69118,1,0.58621
146,885,0.089522,22.179,0.0078275,0.015696,0.015696,0.031475,0.29412,1,0.58621
146,905,0.25061,9.4993,0.082398,0.15908,0.15908,3.1559,0.60784,1,0.87931
146,905,0.088068,22.176,0.0080359,0.016116,0.016116,0.032322,0.30392,1,0.87931
146,905,2.7003,4.0467,0.0065642,0.08174,0.08174,1.3007,0.029412,1,0.87931
146,925,0.23289,9.5722,0.063539,0.32053,0.32053,3.4607,0.7093,1,0.74138
146,945,0.4076,10.898,0.00095234,0.0046426,0.0046426,0.022663,0.27674,1,0.96552
146,945,0.0097169,8.5346,0.036351,0.034055,0.034055,2.8436,0.4281,1,0.96552
146,945,6.0436,25.453,0.0064472,0.36142,0.36142,23.213,0.29516,1,0.96552
146,965,0.056813,9.1966,0.053209,0.12269,0.12269,2.0798,0.71583,1,0.75862
146,965,6.095,26.932,0.013718,0.54187,0.54187,26.083,0.28417,1,0.75862
146,985,6.263,9.1802,0.045599,0.024969,0.024969,3.55,0.96154,1,0.44828
146,1005,6.2181,8.9953,0.049302,-0.0064126,-0.0064126,1.5251,0.93333,1,0.12931
146,1645,0.921,7.9453,0.0080192,0.017205,0.017205,4.2489,1,1,0.086207
146,1665,0.9887,9.8085,0.037771,0.69838,0.69838,14.182,1,1,0.086207
146,1725,1.185,8.9378,0.012936,-0.045509,-0.045509,0.22542,0.91304,1,0.19828
146,1745,1.2061,8.8178,0.012181,-0.036465,-0.036465,0.16417,0.90909,1,0.28448
146,1765,1.2721,8.5556,0.011014,-0.024324,-0.024324,0.081583,0.95556,1,0.38793
146,1785,1.2537,7.7926,0.015178,0.15191,0.15191,5.1575,1,1,0.33621
146,1805,1.1242,4.6411,0.00052264,0.0052343,0.0052343,0.052426,0.48276,1,0.25
146,1805,1.3303,8.4904,0.017237,-0.032289,-0.032289,0.10835,0.44828,1,0.25
146,1825,1.5645,3.2643,1.3003,-0.40381,-0.40381,4.5389,0.81629,1,0.41379
146,1825,4.8267,2.2589,0.026784,0.043647,0.043647,0.091677,0.18371,1,0.41379
146,1845,0.067109,2.4643,2.6893,1.2249,1.2249,2.5711,1,1,0.38793
146,1865,3.3437,1.4093,0.65721,-0.077717,-0.077717,0.019098,0.099366,1,0.25862
146,1865,6.0484,2.0119,3.7131,1.6906,1.6906,1.9292,0.90063,1,0.25862
146,1885,5.7203,2.0239,1.5796,1.1681,1.1681,2.3271,1,1,0.086207
166,805,1.0787,4.8959,3.0034,-2.0096,-2.0096,2.4855,1,1,0.17241
166,825,0.79271,4.8627,2.8257,-1.8325,-1.8325,3.2596,1,1,0.25862
166,845,6.1274,7.0271,0.61786,0.90888,0.90888,4.3396,0.63241,1,0.31897
166,845,3.2618,1.9467,0.6883,1.4182,1.4182,3.2882,0.36759,1,0.31897
166,865,1.0738,5.7521,1.912,-3.0039,-3.0039,8.3612,1,1,0.2931
166,885,0.30293,8.9925,0.15762,-0.080763,-0.080763,3.1128,0.47214,1,0.50862
166,885,2.3221,3.8715,0.36356,-0.37215,-0.37215,1.5969,0.17193,1,0.50862
166,885,0.062413,21.314,0.009353,0.013748,0.013748,1.2904,0.33898,1,0.50862
166,905,0.2841,12.59,0.51564,-0.86408,-0.86408,47.335,0.97468,1,0.68103
166,905,2.489,3.2637,0.001156,0.01186,0.01186,0.12168,0.025316,1,0.68103
166,925,0.40594,10.842,0.0010044,0.0020737,0.0020737,0.1043,0.69231,1,0.56034
166,945,0.072935,13.233,0.084144,-0.5318,-0.5318,45.852,0.97701,1,0.75
166,965,0.0058816,12.584,0.064758,-0.37886,-0.37886,46.903,1,1,0.86207
166,985,6.2598,9.0024,0.052192,-0.035063,-0.035063,3.6802,0.94444,1,0.46552
166,1005,0.021327,8.9832,0.034069,0.03765,0.03765,2.5319,0.95833,1,0.2069
166,1725,1.2181,8.5866,0.015828,-0.036031,-0.036031,0.08925,1,1,0.086207
166,1745,1.2338,8.6102,0.012106,-0.024884,-0.024884,0.075488,1,1,0.25862
166,1765,1.1944,7.4587,0.010799,0.056538,0.056538,3.2778,1,1,0.25862
166,1785,1.2209,7.1446,0.012084,0.115,0.115,3.8034,1,1,0.37069
166,1805,1.2044,6.034,0.010598,0.18881,0.18881,3.3835,0.92,1,0.21552
166,1825,2.0372,2.1701,4.2085,-0.46663,-0.46663,1.7051,1,1,0.56897
166,1845,1.3562,2.0174,3.4758,-0.51465,-0.51465,1.1959,1,1,0.51724
166,1865,4.9763,1.7979,5.2902,2.0146,2.0146,1.5635,1,1,0.25862
166,1885,1.6472,1.9621,3.7563,-1.7586,-1.7586,1.5945,1,1,0.086207
186,805,4.5565,4.7648,2.154,2.8588,2.8588,4.8192,1,1,0.086207
186,825,4.8894,5.0152,2.3471,3.9151,3.9151,8.5228,1,1,0.25862
186,845,0.31474,4.725,1.879,-0.34196,-0.34196,9.9438,1,1,0.2931
186,865,0.56401,4.8863,1.8747,2.2758,2.2758,14.298,1,1,0.2931
186,885,0.27622,5.5924,1.1644,-1.1419,-1.1419,11.11,0.7109,1,0.59483
186,885,6.2358,20.87,0.015897,0.076201,0.076201,3.6522,0.2891,1,0.59483
186,905,0.18729,13.467,0.57543,-0.63976,-0.63976,48.395,1,1,0.61207
186,925,0.011888,11.819,0.51046,-1.6586,-1.6586,43.097,1,1,0.57759
186,945,0.10499,9.596,0.09156,0.30399,0.30399,3.4241,0.68571,1,0.90517
186,945,6.2124,21.118,0.0076904,0.095796,0.095796,1.1934,0.28571,1,0.90517
186,965,6.2801,9.4195,0.043509,0.025475,0.025475,3.3396,0.70962,1,0.72414
186,965,6.2254,22.83,0.0086061,0.16281,0.16281,18.035,0.29038,1,0.72414
186,985,6.2777,9.2026,0.041524,-0.032089,-0.032089,3.0043,0.95161,1,0.53448
186,1005,0.031431,9.1832,0.028403,0.0046993,0.0046993,2.4905,0.9697,1,0.28448
186,1025,0.054226,9.6399,0.033295,0.045976,0.045976,1.2205,1,1,0.086207
186,1745,1.2181,8.5866,0.015828,-0.036031,-0.036031,0.08925,1,1,0.086207
186,1765,1.2003,7.2495,0.0059563,0.024871,0.024871,2.3634,1,1,0.17241
186,1805,1.2105,6.3234,0.01114,0.15834,0.15834,2.5393,0.7,1,0.25862
186,1825,2.5206,2.9022,2.9583,-1.7557,-1.7557,6.1851,1,1,0.41379
186,1845,2.2757,1.7838,7.8459,-2.5052,-2.5052,1.1872,1,1,0.5
186,1865,2.78,1.6628,4.9282,-1.8765,-1.8765,1.1425,1,1,0.25862
186,1885,3.1732,1.4077,4.1504,-0.96843,-0.96843,0.53859,1,1,0.086207
206,245,2.8198,7.1288,0.21023,-0.36062,-0.36062,8.6198,0.90909,1,0.094828
206,265,2.7243,6.7134,0.1302,0.328,0.328,8.4269,1,1,0.086207
206,285,2.8664,8.1305,0.15491,0.28447,0.28447,29.607,1,1,0.10345
206,305,2.627,5.1427,0.31893,0.27334,0.27334,1.0406,0.83333,1,0.10345
206,825,0.012859,4.4966,0.54376,0.57303,0.57303,7.9915,0.8001,1,0.17241
206,825,2.8834,2.6898,0.11613,0.40216,0.40216,2.5318,0.1999,1,0.17241
206,845,0.21117,3.8955,0.83061,0.39681,0.39681,10.624,1,1,0.25862
206,865,0.27544,2.8501,0.18138,1.1101,1.1101,6.9307,0.92857,1,0.24138
206,885,6.1968,5.7929,0.9168,-1.0697,-1.0697,16.767,0.54937,1,0.37931
206,885,6.2097,23.931,0.010621,0.34426,0.34426,32.109,0.45063,1,0.37931
206,905,0.13036,7.0199,0.43443,-0.27485,-0.27485,6.718,0.46381,1,0.48276
206,905,3.1986,13.71,0.6009,-3.1904,-3.1904,18.99,0.12496,1,0.48276
206,905,6.2088,23.493,0.010872,0.32354,0.32354,29.743,0.41123,1,0.48276
206,925,0.41791,15.153,0.94634,3.4699,3.4699,62.675,1,1,0.43103
206,945,0.0084109,13.432,0.068226,-0.1361,-0.1361,38.138,0.84,1,0.64655
206,945,3.0423,36.071,0.01664,0.069442,0.069442,0.74075,0.16,1,0.64655
206,965,6.2772,13.467,0.032642,-0.13658,-0.13658,50.548,0.83607,1,0.52586
206,965,3.0469,36.08,0.016838,0.059136,0.059136,0.69753,0.16393,1,0.52586
206,985,0.053137,9.2803,0.035381,4.0376e-05,4.0376e-05,3.7732,0.95,1,0.34483
206,1005,0.068353,9.7664,0.031851,0.0014286,0.0014286,2.244,1,1,0.25862
206,1025,0.071926,8.9424,0.013782,0.046473,0.046473,2.0954,1,1,0.086207
206,1805,1.2537,6.967,0.011429,0.20232,0.20232,3.5981,0.5,1,0.17241
206,1825,0.88661,1.9571,3.1147,1.0345,1.0345,1.5589,1,1,0.25862
206,1845,2.4998,1.6756,4.4776,-1.6643,-1.6643,0.84764,1,1,0.25862
206,1865,2.7553,1.5542,5.0633,-1.6942,-1.6942,0.88076,1,1,0.25862
206,1885,2.9854,1.6185,3.6439,-1.8117,-1.8117,1.1377,1,1,0.086207
226,225,2.8198,7.1288,0.21023,-0.36062,-0.36062,8.6198,0.90909,1,0.094828
226,245,2.6714,6.8249,0.233,0.037521,0.037521,8.196,0.96774,1,0.26724
226,265,2.7999,6.6366,0.17824,0.046028,0.046028,8.9516,1,1,0.25862
226,285,2.7408,6.3139,0.21389,0.34089,0.34089,9.8891,1,1,0.26724
226,305,2.6967,6.2808,0.2238,0.18488,0.18488,8.1876,1,1,0.25862
226,325,2.627,5.1427,0.31893,0.27334,0.27334,1.0406,1,1,0.086207
226,865,0.21985,4.4716,0.11307,0.50958,0.50958,10.701,1,1,0.25862
226,885,0.10926,14.428,0.072894,-0.60722,-0.60722,130.74,0.96,1,0.43103
226,905,6.2822,21.382,0.018369,0.082607,0.082607,127.02,0.84211,1,0.49138
226,925,0.088153,15.583,0.11883,0.10477,0.10477,115.72,0.69091,1,0.47414
226,925,3.2107,30.749,0.05001,-1.342,-1.342,99.856,0.30909,1,0.47414
226,945,0.092519,8.8829,0.14396,0.36108,0.36108,4.0848,0.44262,1,0.52586
226,965,0.037499,9.5438,0.11358,0.17237,0.17237,5.0139,0.54902,1,0.43966
226,965,3.0402,35.992,0.015341,0.061091,0.061091,0.65089,0.39216,1,0.43966
226,985,0.050668,9.721,0.039789,0.064271,0.064271,4.8156,0.95122,1,0.35345
226,1005,0.050663,9.6826,0.030282,0.029717,0.029717,2.5069,0.9697,1,0.28448
226,1025,0.078907,10.717,0.048152,-0.097039,-0.097039,1.8172,1,1,0.086207
226,1825,2.3717,1.7719,2.4882,-0.94196,-0.94196,0.45752,1,1,0.086207
226,1845,0.26876,1.6365,1.172,0.26503,0.26503,0.93367,1,1,0.086207
226,1865,2.9854,1.6185,3.6439,-1.8117,-1.8117,1.1377,1,1,0.086207
246,225,2.47,6.6324,0.29318,0.067214,0.067214,7.3993,0.90909,1,0.094828
246,245,2.6417,6.8973,0.28132,-0.15651,-0.15651,9.5113,0.96774,1,0.26724
246,265,2.9539,12.072,0.016791,-0.20686,-0.20686,2.899,0.084369,1,0.2931
246,265,2.6467,5.1285,0.24749,-0.14806,-0.14806,4.8229,0.91563,1,0.2931
246,285,2.731,6.7844,0.18332,0.072949,0.072949,10.532,1,1,0.2069
246,305,2.6777,7.2445,0.16973,0.24081,0.24081,6.5556,1,1,0.25862
246,325,2.6075,7.632,0.12931,0.15796,0.15796,11.119,1,1,0.086207
246,845,0.25854,5.6879,0.12988,0.38839,0.38839,9.959,1,1,0.17241
246,865,0.18646,6.2159,0.09649,0.43971,0.43971,11.038,1,1,0.25862
246,885,0.13947,16.103,0.069855,-0.88496,-0.88496,121.87,1,1,0.4569
246,905,0.054663,20.358,0.050862,-0.57267,-0.57267,142.93,0.91935,1,0.53448
246,905,3.1889,13.714,0.0044743,0.020248,0.020248,0.2583,0.048387,1,0.53448
246,925,3.526,12.695,0.089882,0.1047,0.1047,2.5278,0.15068,1,0.62931
246,925,0.023384,17.252,0.050843,-0.93633,-0.93633,141.22,0.67123,1,0.62931
246,925,3.1258,36.137,0.016971,0.06343,0.06343,0.87698,0.17808,1,0.62931
246,945,0.10928,8.2188,0.12244,0.059833,0.059833,1.3566,0.51429,1,0.60345
246,945,3.0857,36.036,0.017663,0.068065,0.068065,0.76508,0.32857,1,0.60345
246,965,0.013974,8.9562,0.12737,0.079798,0.079798,4.5422,0.78462,1,0.56034
246,965,3.0336,35.903,0.013756,0.061868,0.061868,0.58852,0.15385,1,0.56034
246,985,6.1927,9.6423,0.10866,-0.11465,-0.11465,4.745,0.96,1,0.43103
246,1005,6.1927,9.8533,0.27296,-0.12023,-0.12023,4.267,1,1,0.35345
246,1025,0.011289,9.7251,0.031655,0.1168,0.1168,1.9234,1,1,0.086207
266,225,2.6352,6.9308,0.27929,-0.26261,-0.26261,12.39,0.90909,1,0.094828
266,245,2.5011,5.9362,0.18048,-0.070163,-0.070163,10.92,0.85232,1,0.25862
266,245,3.4117,4.2534,0.16514,0.17699,0.17699,0.21037,0.14768,1,0.25862
266,265,2.7275,6.8073,0.16485,-0.12712,-0.12712,9.6948,1,1,0.2931
266,285,2.8313,8.9627,0.026515,0.0031923,0.0031923,0.00038434,0.65714,1,0.30172
266,305,2.8109,8.5256,0.10106,0.14801,0.14801,4.1063,1,1,0.25862
266,865,0.24951,8.4998,0.078234,0.21408,0.21408,1.76,1,1,0.17241
266,885,0.091895,18.281,0.066555,-1.7395,-1.7395,161.39,0.81481,1,0.46552
266,885,3.0347,13.683,0.015655,0.084926,0.084926,2.1359,0.18519,1,0.46552
266,905,0.091278,18.183,0.053239,-1.6167,-1.6167,152.96,0.86667,1,0.51724
266,905,3.2969,12.983,0.076285,0.050223,0.050223,1.7009,0.13333,1,0.51724
266,925,3.2246,13.578,0.12027,0.03907,0.03907,2.5762,0.26087,1,0.59483
266,925,0.022308,18.537,0.053785,-1.3499,-1.3499,130.16,0.69565,1,0.59483
266,945,6.2383,18.729,0.013386,-0.75444,-0.75444,142.1,0.51904,1,0.7069
266,945,5.7413,9.5407,1.3342,-2.1266,-2.1266,6.388,0.44438,1,0.7069
266,965,6.2314,9.2025,0.26046,-0.26748,-0.26748,5.5485,0.92537,1,0.57759
266,985,6.1743,9.7453,0.30871,-0.18199,-0.18199,6.2599,0.95455,1,0.56897
266,1005,5.9895,10.069,0.4593,-0.27226,-0.27226,5.0576,1,1,0.34483
266,1025,6.2669,8.3085,0.6273,-1.1417,-1.1417,8.713,1,1,0.17241
286,245,2.6069,9.065,0.079,-0.061419,-0.061419,0.12895,0.7,1,0.17241
286,265,2.822,7.6593,0.088342,0.12288,0.12288,9.486,1,1,0.2931
286,865,3.0228,14.226,0.010619,0.053232,0.053232,0.3051,0.8,1,0.086207
286,885,3.0478,14.23,0.016424,0.089726,0.089726,2.598,0.39623,1,0.4569
286,885,6.2361,29.955,0.018631,-0.63242,-0.63242,84.807,0.36363,1,0.4569
286,885,0.26407,8.9633,0.026803,-0.0091393,-0.0091393,0.89986,0.24015,1,0.4569
286,905,3.0026,13.567,0.027666,0.11922,0.11922,2.1911,0.51515,1,0.56897
286,925,3.0619,13.318,0.062112,0.053587,0.053587,2.1786,0.325,1,0.68966
286,925,0.025445,17.71,0.041571,-0.46997,-0.46997,100.14,0.6375,1,0.68966
286,945,5.8349,11.894,1.2474,-6.2944,-6.2944,49.467,0.29016,1,0.77586
286,945,0.0077886,19.934,0.0052727,-0.079734,-0.079734,107.9,0.59878,1,0.77586
286,945,2.9888,14.104,0.023713,0.12065,0.12065,1.9337,0.11106,1,0.77586
286,965,4.1011,11.819,0.012048,0.089591,0.089591,1.97,0.047619,1,0.5431
286,965,0.01832,9.1177,0.13257,-0.093372,-0.093372,4.8256,0.74603,1,0.5431
286,965,0.045971,31.392,0.0036492,-0.10238,-0.10238,3.6398,0.20635,1,0.5431
286,985,6.0152,10.045,0.5709,-0.45531,-0.45531,6.509,0.97674,1,0.37069
286,1005,6.1761,8.8265,0.63813,-0.74604,-0.74604,8.8115,1,1,0.26724
286,1025,0.18496,7.263,0.35698,-0.73683,-0.73683,4.0324,1,1,0.25862
286,1045,0.4303,6.0169,0.025633,0.031554,0.031554,0.73036,1,1,0.086207
306,265,2.7109,8.9482,0.028843,0.0034679,0.0034679,0.00041695,0.76923,1,0.11207
306,865,3.0861,14.936,0.0078348,0.12701,0.12701,2.4446,0.9,1,0.086207
306,885,3.0258,13.695,0.025041,0.11782,0.11782,2.6951,0.61538,1,0.44828
306,885,0.011707,29.579,0.014992,-0.4385,-0.4385,40.078,0.38462,1,0.44828
306,905,3.004,13.464,0.02739,0.11853,0.11853,2.7568,0.41667,1,0.72414
306,905,6.2572,9.2694,0.024734,0.1098,0.1098,1.1031,0.1663,1,0.72414
306,905,0.017675,29.076,0.01081,-0.2003,-0.2003,31.605,0.40513,1,0.72414
306,925,2.9715,13.322,0.028346,0.12002,0.12002,2.1861,0.32,1,0.86207
306,925,6.2536,15.312,0.12715,0.11394,0.11394,70.452,0.65,1,0.86207
306,945,6.2459,11.111,0.15006,-0.17457,-0.17457,11.21,0.625,1,0.82759
306,945,0.058253,30.645,0.0039746,-0.086399,-0.086399,2.5657,0.25,1,0.82759
306,945,2.9234,12.735,0.01863,0.025533,0.025533,1.341,0.10417,1,0.82759
306,965,6.139,10.005,0.33421,-0.48056,-0.48056,3.4696,0.68,1,0.64655
306,965,0.047524,31.375,0.0066601,-0.21308,-0.21308,7.6428,0.32,1,0.64655
306,985,6.259,14.584,0.35797,-0.46744,-0.46744,94.98,0.90909,1,0.18966
306,985,3.9828,10.836,0.0074123,-0.072002,-0.072002,0.69941,0.090909,1,0.18966
306,1005,0.16936,8.3539,0.4404,-0.4206,-0.4206,10.56,0.89287,1,0.24138
306,1005,3.9734,12.173,0.0033878,0.025814,0.025814,0.22288,0.10713,1,0.24138
306,1025,0.43344,6.1576,0.02666,-0.012901,-0.012901,0.98216,0.96875,1,0.27586
306,1045,0.5258,6.5533,0.031572,-0.0029968,-0.0029968,0.43039,1,1,0.086207
326,885,0.006767,32.029,0.010847,-0.15066,-0.15066,20.993,0.47619,1,0.36207
326,885,3.0666,14.459,0.015933,0.054637,0.054637,3.0441,0.28571,1,0.36207
326,885,6.2211,9.0216,0.024861,0.091105,0.091105,0.99251,0.23809,1,0.36207
326,905,6.2545,8.7685,0.037708,-0.015866,-0.015866,1.0554,0.39752,1,0.75862
326,905,3.0395,12.788,0.03079,0.080431,0.080431,1.2117,0.19318,1,0.75862
326,905,0.020673,30.093,0.0094348,-0.15822,-0.15822,31.272,0.4093,1,0.75862
326,925,6.18,9.4606,0.057403,-0.016126,-0.016126,2.76,0.54933,1,0.78448
326,925,0.042279,29.198,0.0059244,-0.095215,-0.095215,25.247,0.27485,1,0.78448
326,925,3.1966,35.834,0.01467,0.16863,0.16863,11.869,0.043956,1,0.78448
326,925,2.9598,12.946,0.022137,0.059618,0.059618,1.3399,0.13187,1,0.78448
326,945,6.2263,9.5893,0.13149,-0.18475,-0.18475,3.0918,0.71552,1,1
326,945,0.058242,30.946,0.0033579,-0.089629,-0.089629,2.3925,0.25862,1,1
326,965,0.013577,9.9791,0.092712,-0.20489,-0.20489,4.3959,0.7093,1,0.74138
326,965,0.048694,31.18,0.0037602,-0.087816,-0.087816,3.672,0.2907,1,0.74138
326,985,0.0096258,8.7697,0.082095,-0.13019,-0.13019,3.8326,0.92308,1,0.33621
326,1005,0.34588,6.0094,0.0053998,-0.070504,-0.070504,0.92058,0.85185,1,0.23276
326,1025,0.41783,6.1221,0.022896,-0.025181,-0.025181,0.93014,0.97059,1,0.2931
346,85,0.5649,5.9876,0.0027461,0.030641,0.030641,0.92814,1,1,0.086207
346,105,0.4994,4.5965,0.0041776,0.068684,0.068684,1.365,1,1,0.086207
346,125,0.5435,5.4128,0.0010576,0.018344,0.018344,0.56911,1,1,0.086207
346,885,0.02822,22.627,0.02139,-0.25684,-0.25684,121.41,0.90909,1,0.28448
346,885,3.2732,13,0.034636,0,0,0.66667,0.090909,1,0.28448
346,905,0.0092333,8.4433,0.050314,-0.0017696,-0.0017696,1.5408,0.53725,1,0.57759
346,905,0.027184,29.894,0.014901,-0.45137,-0.45137,28.947,0.35827,1,0.57759
346,925,6.2799,8.5717,0.062099,-0.11442,-0.11442,1.5081,0.74359,1,0.67241
346,925,3.1842,25.171,0.0072553,0.5402,0.5402,126.62,0.064103,1,0.67241
346,925,0.040859,31.409,0.0033939,-0.09072,-0.09072,2.4252,0.14103,1,0.67241
346,945,6.2528,9.6765,0.066034,-0.091749,-0.091749,3.2244,0.66667,1,0.85345
346,945,3.2391,34.026,0.019001,0.39486,0.39486,18.872,0.030303,1,0.85345
346,945,4.505,33.162,0.001521,-0.0059093,-0.0059093,0.022958,0.020202,1,0.85345
346,945,6.0438,30.891,0.34264,0.24693,0.24693,6.458,0.28283,1,0.85345
346,965,0.0048791,10.015,0.10319,-0.7714,-0.7714,15.062,0.69608,1,0.87931
346,965,6.274,32.372,0.0050887,-0.052459,-0.052459,2.6851,0.2451,1,0.87931
346,965,4.6654,33.453,0.19835,0.64558,0.64558,2.1739,0.04902,1,0.87931
346,985,0.14243,8.4272,0.051214,-0.1904,-0.1904,4.4776,0.81818,1,0.56897
346,985,6.2365,33.426,0.0023043,0.036243,0.036243,1.2652,0.18182,1,0.56897
346,1005,0.26406,6.4826,0.028688,-0.14927,-0.14927,1.8203,1,1,0.26724
366,65,0.5649,5.9876,0.0027461,0.030641,0.030641,0.92814,1,1,0.086207
366,85,0.5356,5.3576,0.0034022,0.056452,0.056452,1.3926,0.96774,1,0.26724
366,105,0.53827,5.3718,0.0032867,0.053823,0.053823,1.3204,0.9697,1,0.28448
366,125,0.51883,5.0451,0.003328,0.051982,0.051982,1.2067,1,1,0.25862
366,145,0.5435,5.4128,0.0010576,0.018344,0.018344,0.56911,1,1,0.086207
366,885,0.032332,29.705,0.021266,-0.63625,-0.63625,34.462,0.48886,1,0.35345
366,885,5.6531,9.5351,1.3719,-2.4873,-2.4873,6.055,0.51114,1,0.35345
366,905,6.2751,8.5035,0.069564,-0.053047,-0.053047,1.3822,0.5452,1,0.56897
366,905,0.035748,29.82,0.020812,-0.62957,-0.62957,35.72,0.36389,1,0.56897
366,925,0.046071,8.4973,0.10399,-0.10493,-0.10493,1.9326,0.64681,1,0.49138
366,925,3.4284,28.545,3.6322,-0.17884,-0.17884,94.733,0.35319,1,0.49138
366,945,0.10143,8.9338,0.080628,-0.17423,-0.17423,2.5217,0.67886,1,0.67241
366,945,4.2956,30.743,1.7575,-1.784,-1.784,51.854,0.32114,1,0.67241
366,965,6.2202,32.96,0.0026223,0.026369,0.026369,0.84003,0.3012,1,0.71552
366,965,6.2501,11.064,0.27902,-2.493,-2.493,31.819,0.63859,1,0.71552
366,965,4.6656,33.453,0.19841,0.6458,0.6458,2.1747,0.060204,1,0.71552
366,985,0.054439,8.7501,0.044374,-0.011828,-0.011828,2.5773,0.63492,1,0.5431
366,985,6.2235,33.161,0.002374,0.033346,0.033346,0.46841,0.34921,1,0.5431
366,1005,0.24138,7.7773,0.038025,-0.22547,-0.22547,4.9145,1,1,0.17241
386,65,0.5425,5.4888,0.0010664,0.023116,0.023116,0.89112,1,1,0.086207
386,85,0.5485,5.5758,0.0026474,0.051776,0.051776,1.5207,1,1,0.25862
386,105,0.52526,5.1839,0.0032789,0.054018,0.054018,1.4603,0.95556,1,0.38793
386,125,0.53165,5.2109,0.002652,0.044506,0.044506,1.2978,0.94118,1,0.2931
386,145,0.5136,5.126,0.0037352,0.051555,0.051555,1.343,0.76923,1,0.11207
386,865,5.9832,9.3724,0.042731,-0.15518,-0.15518,1.5353,0.7,1,0.086207
386,885,6.1293,9.0564,0.073017,-0.16592,-0.16592,1.2577,0.39763,1,0.43103
386,885,3.1785,13.778,0.009088,0.0070722,0.0070722,1.9981,0.2,1,0.43103
386,885,0.042343,27.727,0.018084,-0.18604,-0.18604,54.966,0.40237,1,0.43103
386,905,6.2537,16.751,0.062685,0.45541,0.45541,116.21,0.86364,1,0.56897
386,905,3.1928,13.981,0.0050882,-0.010103,-0.010103,0.052448,0.10606,1,0.56897
386,925,6.173,9.0989,0.058306,-0.086237,-0.086237,1.2437,0.47957,1,0.52586
386,925,0.73114,26.255,10.157,28.939,28.939,101.93,0.52043,1,0.52586
386,945,0.014869,16.08,0.089424,-0.5014,-0.5014,112.96,0.8532,1,0.7069
386,945,3.1276,28.735,0.33556,-0.0018344,-0.0018344,130.6,0.1468,1,0.7069
386,965,0.071311,8.9357,0.098565,-0.14085,-0.14085,2.3564,0.58025,1,0.69828
386,965,6.2078,32.94,0.0025585,0.036031,0.036031,0.50743,0.39506,1,0.69828
386,985,0.038412,9.0934,0.060794,-0.021977,-0.021977,2.149,0.64615,1,0.56034
386,985,6.2179,33.083,0.0025683,0.036159,0.036159,0.5091,0.32308,1,0.56034
386,1005,0.061207,8.5819,0.057825,-0.0063829,-0.0063829,0.95466,1,1,0.086207
406,85,0.5409,5.3931,0.0025484,0.054197,0.054197,1.691,1,1,0.25862
406,105,0.53973,5.2194,0.0029897,0.064537,0.064537,1.9808,1,1,0.25862
406,125,0.53157,5.1777,0.003156,0.051906,0.051906,1.6092,0.90909,1,0.28448
406,145,0.57146,5.9715,0.012712,0.37495,0.37495,11.599,0.78571,1,0.12069
406,885,3.1699,13.458,0.012627,-0.022516,-0.022516,1.4946,0.33333,1,0.43966
406,885,6.085,9.9955,0.05248,-0.023456,-0.023456,3.0711,0.33307,1,0.43966
406,885,0.055115,29.615,0.01894,0.53228,0.53228,29.157,0.3336,1,0.43966
406,905,6.2472,18.643,0.043246,1.1354,1.1354,123.02,0.79487,1,0.67241
406,905,3.1758,13.824,0.0094529,-0.010452,-0.010452,2.2587,0.20513,1,0.67241
406,925,6.1907,18.142,0.059574,1.7162,1.7162,128.78,0.88,1,0.43103
406,925,3.188,21.093,0.010757,-0.30304,-0.30304,106.4,0.12,1,0.43103
406,945,6.2202,8.9297,0.090957,-0.059933,-0.059933,3.5345,0.55189,1,0.63793
406,945,0.0089687,30.008,0.015521,0.037743,0.037743,27.659,0.39406,1,0.63793
406,965,6.2605,31.71,0.0099385,-0.16913,-0.16913,8.1935,0.43038,1,0.68103
406,965,6.2785,8.9289,0.066211,-0.0034028,-0.0034028,1.9563,0.56962,1,0.68103
406,985,0.017871,8.7855,0.074155,-0.0084956,-0.0084956,2.0612,0.75926,1,0.46552
406,985,6.222,33.629,0.0029418,0.053087,0.053087,2.2995,0.22222,1,0.46552
406,1005,6.2823,9.1083,0.034107,0.059537,0.059537,1.5822,1,1,0.086207
426,105,0.5421,5.4394,0.0028503,0.047951,0.047951,1.6902,1,1,0.086207
426,125,0.539,4.9679,0.0023934,0.054087,0.054087,1.6793,1,1,0.086207
426,865,3.1576,13.002,0.017425,-0.074339,-0.074339,0.421,0.7,1,0.086207
426,885,3.1614,13.503,0.010794,-0.017251,-0.017251,1.9136,0.33333,1,0.43966
426,885,6.1683,9.595,0.043119,-0.018243,-0.018243,2.2905,0.49015,1,0.43966
426,885,0.079872,32.059,0.014584,0.52352,0.52352,31.795,0.17651,1,0.43966
426,905,3.1821,13.518,0.013557,-0.040587,-0.040587,1.4209,0.19048,1,0.72414
426,905,6.2365,17.356,0.040237,1.0272,1.0272,112.31,0.80952,1,0.72414
426,925,6.1839,15.145,0.058405,1.1221,1.1221,88.119,0.83117,1,0.66379
426,925,3.2109,13.839,0.0074802,0.045493,0.045493,1.3246,0.11688,1,0.66379
426,945,6.1208,8.2493,0.11922,0.03115,0.03115,2.3836,0.57576,1,0.56897
426,945,0.062666,27.405,0.0078947,-0.26955,-0.26955,11.903,0.33333,1,0.56897
426,965,0.093767,8.3855,0.044798,0.010269,0.010269,3.179,0.48707,1,0.55172
426,965,5.7102,8.3468,0.0041121,0.057341,0.057341,1.4312,0.15352,1,0.55172
426,965,0.059972,28.298,0.0077253,-0.31202,-0.31202,19.312,0.35941,1,0.55172
426,985,6.2828,8.6807,0.068843,-0.042629,-0.042629,2.7963,0.95556,1,0.38793
426,1005,6.2782,8.086,0.14674,0.011347,0.011347,3.1552,0.90909,1,0.094828
446,865,6.1834,8.9526,0.033486,0.00018797,0.00018797,2.2896,1,1,0.17241
446,885,6.1824,9.7363,0.068017,-0.19859,-0.19859,3.2715,0.67308,1,0.44828
446,885,3.1576,13.002,0.017425,-0.074339,-0.074339,0.421,0.13462,1,0.44828
446,905,6.2186,15.837,0.057538,0.64146,0.64146,131.92,0.81731,1,0.89655
446,905,3.1463,13.263,0.013862,0.20977,0.20977,4.1721,0.086453,1,0.89655
446,905,3.1564,36.281,0.0037271,0.086747,0.086747,44.625,0.096239,1,0.89655
446,925,6.179,12.711,0.067815,0.41872,0.41872,70.155,0.79545,1,0.75862
446,925,3.1518,28.587,0.0035485,-0.063711,-0.063711,146.96,0.20455,1,0.75862
446,945,6.2314,11.532,0.11344,0.33289,0.33289,59.11,0.79747,1,0.68103
446,945,3.1207,28.229,0.0077525,-0.32932,-0.32932,88.457,0.20253,1,0.68103
446,965,0.043604,12.02,0.057689,-0.056162,-0.056162,80.537,0.85915,1,0.61207
446,965,3.0826,33.302,0.0063486,-0.14563,-0.14563,17.064,0.14085,1,0.61207
446,985,0.051981,7.8166,0.057866,-0.053995,-0.053995,4.7149,0.91304,1,0.39655
446,985,0.1386,33.575,0.019211,-0.47522,-0.47522,16.759,0.086957,1,0.39655
446,1005,0.10674,7.6972,0.051253,-0.10075,-0.10075,1.6742,0.90909,1,0.094828
466,845,6.1886,8.4658,0.0034464,-0.033436,-0.033436,0.70901,1,1,0.086207
466,865,6.1728,9.073,0.04218,-0.23962,-0.23962,3.0281,1,1,0.25862
466,885,6.1543,9.4743,0.05953,-0.15631,-0.15631,3.2421,0.62264,1,0.4569
466,905,6.1981,9.2714,0.083636,-0.29248,-0.29248,3.8471,0.60417,1,0.82759
466,905,3.1058,27.693,0.01785,0.70865,0.70865,155.47,0.16667,1,0.82759
466,905,0.021357,39.813,0.0058749,0.028961,0.028961,0.14277,0.21875,1,0.82759
466,925,6.2263,9.0212,0.11013,-0.057131,-0.057131,8.2924,0.72973,1,0.63793
466,925,3.121,29.07,0.020035,0.38202,0.38202,143.45,0.25676,1,0.63793
466,945,0.0043547,8.0623,0.10596,-0.033889,-0.033889,3.4599,0.69892,1,0.80172
466,945,3.1086,28.997,0.018621,-0.34904,-0.34904,66.32,0.29032,1,0.80172
466,965,0.071339,7.1354,0.077458,0.059124,0.059124,5.6006,0.68317,1,0.87069
466,965,0.015022,35.193,0.00088368,0.017093,0.017093,12.024,0.11881,1,0.87069
466,965,3.0693,32.457,0.01263,0.14969,0.14969,14.085,0.19802,1,0.87069
466,985,0.086232,7.2707,0.05131,0.081,0.081,5.5704,0.79998,1,0.56034
466,985,0.01502,33.524,0.00088362,0.042155,0.042155,26.596,0.18463,1,0.56034
466,1005,0.19921,11.542,0.027622,0.20426,0.20426,31.692,1,1,0.18966
486,845,6.2261,8.2879,0.0045324,-0.070771,-0.070771,1.7415,1,1,0.086207
486,865,6.2524,7.4001,0.050068,-0.12865,-0.12865,0.77342,0.54827,1,0.25862
486,865,6.1935,8.9171,0.004098,-0.043811,-0.043811,0.66853,0.45173,1,0.25862
486,885,0.012167,39.767,0.0051778,0.025536,0.025536,0.12595,0.4,1,0.43103
486,885,6.1711,9.0621,0.052654,-0.28238,-0.28238,3.5331,0.54,1,0.43103
486,905,6.1784,8.9234,0.084221,-0.14589,-0.14589,2.2826,0.38462,1,0.56034
486,905,0.0057384,39.736,0.0072148,0.035575,0.035575,0.17541,0.47692,1,0.56034
486,925,3.0693,31.526,0.011765,0.23826,0.23826,5.6192,0.1625,1,0.68966
486,925,6.1685,9.004,0.090273,-0.10336,-0.10336,3.0447,0.525,1,0.68966
486,945,6.2496,7.7914,0.10195,0.027336,0.027336,4.735,0.69149,1,0.81034
486,945,3.0699,31.853,0.014767,0.33088,0.33088,8.5212,0.24468,1,0.81034
486,965,0.038736,7.2847,0.085317,0.23196,0.23196,7.9779,0.66667,1,0.87931
486,965,0.019003,34.938,0.00083311,-0.0013103,-0.0013103,21.943,0.21569,1,0.87931
486,965,3.0559,31.611,0.018554,0.42243,0.42243,9.6776,0.098039,1,0.87931
486,985,0.059666,7.8115,0.059735,0.34024,0.34024,12.693,0.75726,1,0.78448
486,985,0.018874,34.313,0.00083382,0.011501,0.011501,32.815,0.24274,1,0.78448
486,1005,0.33299,12.736,0.0017794,0.0014994,0.0014994,0.0040009,0.64706,1,0.2931
506,845,6.2626,7.5026,0.07976,-0.19754,-0.19754,0.91206,1,1,0.086207
506,865,6.2247,8.3777,0.042903,-0.11091,-0.11091,1.8618,0.93334,1,0.25862
506,865,0.025408,8.1067,0.0045688,-0.0011136,-0.0011136,0.00027143,0.066663,1,0.25862
506,885,0.083813,36.938,0.0099247,-0.25052,-0.25052,11.776,0.46512,1,0.37069
506,885,6.1827,8.1783,0.067458,-0.18301,-0.18301,1.5675,0.48837,1,0.37069
506,905,6.1116,9.1066,0.053775,-0.052456,-0.052456,1.3381,0.40278,1,0.62069
506,905,3.1407,13.516,0.014063,0.046677,0.046677,2.0478,0.13889,1,0.62069
506,905,0.054726,37.664,0.01254,-0.22508,-0.22508,10.104,0.43056,1,0.62069
506,925,6.1916,8.6116,0.070896,-0.12712,-0.12712,3.9206,0.52703,1,0.63793
506,925,3.0764,25.37,0.022704,0.034812,0.034812,88.226,0.28378,1,0.63793
506,925,0.0014456,36.63,0.010183,-0.0521,-0.0521,24.312,0.18919,1,0.63793
506,945,0.0034504,8.2058,0.087052,0.029589,0.029589,7.7677,0.64207,1,0.81897
506,945,0.016305,35.459,0.00055825,0.0045415,0.0045415,39.461,0.12635,1,0.81897
506,945,3.12,24.131,0.032051,-0.1934,-0.1934,84.007,0.23158,1,0.81897
506,965,0.025927,6.8826,0.062576,0.27097,0.27097,13.523,0.69719,1,0.93966
506,965,0.020458,35.182,0.00052084,-0.0072723,-0.0072723,24.47,0.30281,1,0.93966
506,985,0.028546,7.4387,0.066816,0.40411,0.40411,14.662,0.63095,1,0.72414
506,985,0.025111,34.627,0.00051203,-0.0037851,-0.0037851,11.683,0.36905,1,0.72414
506,1005,0.33147,12.537,0.0013983,0.037136,0.037136,1.0866,0.55932,1,0.50862
506,1005,0.029881,34.391,0.00053782,0.003767,0.003767,0.65374,0.16949,1,0.50862
506,1905,4.295,4.5673,0.0038342,-0.009128,-0.009128,0.042099,1,1,0.086207
506,1925,4.3038,4.5288,0.01032,-0.02588,-0.02588,0.087032,1,1,0.086207
506,1945,4.2344,4.7736,0.007573,-0.0070633,-0.0070633,0.0070639,0.36544,1,0.086207
506,1945,4.3112,4.6008,0.0073693,-0.038864,-0.038864,0.29072,0.63456,1,0.086207
526,845,6.2022,9.2885,0.036211,0.0068425,0.0068425,0.97084,1,1,0.086207
526,865,6.2156,8.9687,0.043427,-0.10525,-0.10525,1.8221,1,1,0.25862
526,885,6.1551,9.3307,0.03707,-0.035293,-0.035293,0.94764,0.53333,1,0.38793
526,905,6.1357,9.5434,0.02432,-0.033638,-0.033638,0.96823,0.44118,1,0.58621
526,905,3.0488,13.52,0.017211,-0.096491,-0.096491,1.2076,0.044118,1,0.58621
526,905,0.11859,35.235,0.0062081,-0.24936,-0.24936,10.016,0.47059,1,0.58621
526,925,6.2448,8.6001,0.044943,-0.16861,-0.16861,5.9166,0.57831,1,0.71552
526,925,0.11903,35.22,0.0058587,-0.2354,-0.2354,9.4581,0.14458,1,0.71552
526,925,3.0083,28.389,0.0053736,0.064853,0.064853,0.78271,0.13253,1,0.71552
526,945,0.0019052,8.1715,0.047048,-0.10235,-0.10235,6.8616,0.67544,1,0.98276
526,945,3.0092,28.4,0.0059028,0.071238,0.071238,0.85977,0.087719,1,0.98276
526,945,0.017928,34.9,0.00079869,0.01402,0.01402,23.25,0.20176,1,0.98276
526,965,0.087308,7.9706,0.036476,0.18875,0.18875,16.757,0.68568,1,0.90517
526,965,0.019838,35.269,0.00063672,0.0039831,0.0039831,14.482,0.31432,1,0.90517
526,985,0.03512,7.8595,0.041187,0.15311,0.15311,16.865,0.52689,1,0.80172
526,985,0.34404,12.75,0.0001771,0.00080164,0.00080164,0.0036293,0.12903,1,0.80172
526,985,0.023733,34.545,0.00035888,0.0035954,0.0035954,1.2254,0.34409,1,0.80172
526,1005,0.35646,12.592,0.0011291,-0.011452,-0.011452,0.2548,0.42373,1,0.50862
526,1005,0.025881,34.311,0.00039794,0.0047277,0.0047277,0.85995,0.33898,1,0.50862
526,1805,4.1577,2.4493,0.010576,-0.031301,-0.031301,0.11165,1,1,0.086207
526,1825,4.12,2.6303,0.012648,-0.037284,-0.037284,0.14241,1,1,0.086207
526,1845,4.1029,2.637,0.018297,-0.045514,-0.045514,0.12593,1,1,0.086207
526,1885,4.295,4.5673,0.0038342,-0.009128,-0.009128,0.042099,1,1,0.086207
526,1905,4.291,4.5663,0.0076024,-0.020309,-0.020309,0.090464,1,1,0.25862
526,1925,4.294,4.5867,0.0077267,-0.022252,-0.022252,0.11094,1,1,0.25862
526,1945,4.302,4.5781,0.0082844,-0.02366,-0.02366,0.11601,1,1,0.25862
526,1965,4.4128,4.4601,0.048579,-0.054998,-0.054998,0.16181,1,1,0.17241
546,865,6.2042,9.8265,0.019641,-0.0062477,-0.0062477,0.47941,1,1,0.25862
546,885,6.1903,10.085,0.011803,-0.012649,-0.012649,0.053813,0.53704,1,0.46552
546,885,3.3065,28.912,0.042825,0.14026,0.14026,0.58782,0.18519,1,0.46552
546,905,0.10673,35.713,0.0063006,-0.25306,-0.25306,10.164,0.23529,1,0.73276
546,905,6.2336,9.3611,0.014446,-0.011984,-0.011984,0.89143,0.45882,1,0.73276
546,905,3.228,28.775,0.037915,0.12638,0.12638,0.7584,0.25882,1,0.73276
546,925,6.2159,9.3301,0.018381,-0.04466,-0.04466,4.9363,0.51036,1,0.81034
546,925,3.0928,28.542,0.02182,0.095878,0.095878,0.88297,0.23404,1,0.81034
546,925,0.087481,33.898,0.0061402,-0.18108,-0.18108,38.16,0.2024,1,0.81034
546,945,6.274,8.7866,0.029831,-0.099116,-0.099116,7.5395,0.61061,1,0.97414
546,945,0.030471,33.968,0.0025587,-0.11781,-0.11781,22.7,0.2655,1,0.97414
546,945,3.0092,28.4,0.0059028,0.071238,0.071238,0.85977,0.088496,1,0.97414
546,965,0.010999,9.2498,0.020528,0.10879,0.10879,16.763,0.6413,1,0.7931
546,965,0.017478,34.465,0.00084534,0.008613,0.008613,1.303,0.3587,1,0.7931
546,985,0.0072204,10.582,0.053905,0.13151,0.13151,14.435,0.49206,1,0.5431
546,985,0.02019,34.249,0.00045413,0.0057058,0.0057058,1.0268,0.50794,1,0.5431
546,1005,0.020522,34.245,0.00030431,0.0040784,0.0040784,0.87261,0.58824,1,0.2931
546,1785,4.1577,2.4493,0.010576,-0.031301,-0.031301,0.11165,1,1,0.086207
546,1805,4.1384,2.5745,0.01076,-0.033719,-0.033719,0.15258,1,1,0.25862
546,1825,4.1269,2.5722,0.014364,-0.039947,-0.039947,0.13422,1,1,0.25862
546,1845,4.0097,2.9348,0.0039457,-0.0070033,-0.0070033,0.028323,0.47764,1,0.25862
546,1845,4.2271,2.3052,0.0065503,-0.015082,-0.015082,0.05022,0.52236,1,0.25862
546,1865,5.1149,3.1298,1.9009,0.46964,0.46964,1.156,1,1,0.17241
546,1885,4.8837,4.2353,1.5501,-1.144,-1.144,1.9224,0.95238,1,0.18103
546,1905,4.3846,4.4552,0.33166,-0.38808,-0.38808,0.50376,0.88889,1,0.31034
546,1925,4.2982,4.5573,0.0084831,-0.022567,-0.022567,0.10021,0.89474,1,0.32759
546,1945,4.4156,4.4455,0.042735,-0.048654,-0.048654,0.1283,0.94595,1,0.31897
546,1965,4.481,4.379,0.04281,-0.029525,-0.029525,0.074002,1,1,0.25862
566,885,6.2111,9.586,0.012294,-0.030583,-0.030583,1.0588,0.6875,1,0.55172
566,885,3.2767,28.822,0.03303,0.099195,0.099195,0.42016,0.3125,1,0.55172
566,905,6.235,9.1927,0.018413,-0.038145,-0.038145,1.3833,0.55952,1,0.72414
566,905,3.2289,28.694,0.034534,0.11104,0.11104,0.50172,0.38095,1,0.72414
566,925,6.2513,14.419,0.01528,0.2755,0.2755,110.48,0.75,1,0.55172
566,925,3.1674,25.995,0.026018,-0.1764,-0.1764,47.386,0.25,1,0.55172
566,945,0.0073566,8.7599,0.018357,0.086072,0.086072,5.5165,0.57197,1,0.71552
566,945,0.0089269,30.866,0.0052119,0.16808,0.16808,54.182,0.39189,1,0.71552
566,965,0.042552,9.3607,0.027854,0.12044,0.12044,4.7585,0.57146,1,0.72414
566,965,0.026182,32.512,0.0061785,0.011032,0.011032,13.539,0.42854,1,0.72414
566,985,0.0040287,12.368,0.019791,0.29778,0.29778,26.154,0.42593,1,0.46552
566,985,0.016372,34.354,0.00063942,0.008635,0.008635,0.77004,0.57407,1,0.46552
566,1005,0.013594,34.295,0.00056839,0.010288,0.010288,0.59104,0.8,1,0.21552
566,1785,4.1476,2.6069,0.0086088,-0.030174,-0.030174,0.17745,0.84615,1,0.11207
566,1805,4.0449,2.43,0.54201,0.63205,0.63205,1.2726,1,1,0.39655
566,1825,4.1359,2.5996,0.014248,-0.040454,-0.040454,0.1577,0.85366,1,0.35345
566,1845,4.1249,2.5937,0.019307,-0.049349,-0.049349,0.13636,0.58824,1,0.2931
566,1845,1.3302,4.1096,0.11578,-0.052743,-0.052743,0.024027,0.088235,1,0.2931
566,1865,5.738,3.4483,1.9704,0.53814,0.53814,2.0385,1,1,0.28448
566,1885,5.5376,4.1239,1.4153,-0.74747,-0.74747,2.4145,0.97561,1,0.35345
566,1905,4.698,3.9244,1.3086,-0.72305,-0.72305,1.7988,0.97959,1,0.42241
566,1925,4.9284,3.8029,0.74816,-0.89955,-0.89955,1.1271,0.86842,1,0.32759
566,1945,4.5022,4.378,0.036721,-0.02911,-0.02911,0.07775,0.84091,1,0.37931
566,1965,4.5973,4.2686,0.038578,-0.016435,-0.016435,0.059081,0.9697,1,0.28448
586,885,6.2504,8.6338,0.012999,-0.058103,-0.058103,2.0815,0.62264,1,0.4569
586,885,3.2243,28.775,0.024853,0.065301,0.065301,0.33477,0.37736,1,0.4569
586,905,0.00032207,8.422,0.022351,-0.052289,-0.052289,1.7241,0.54762,1,0.72414
586,905,3.2268,28.951,0.042365,0.13609,0.13609,1.039,0.39286,1,0.72414
586,925,0.011079,8.3981,0.017965,-0.046813,-0.046813,0.8958,0.62963,1,0.46552
586,925,3.2381,28.947,0.07434,0.28991,0.28991,1.198,0.22222,1,0.46552
586,945,0.045558,8.6373,0.041674,0.071038,0.071038,4.4277,0.59417,1,0.59483
586,945,0.019338,28.829,0.017428,0.24617,0.24617,18.628,0.34786,1,0.59483
586,965,0.031257,9.3097,0.035746,0.049103,0.049103,5.7071,0.57937,1,0.75862
586,965,0.033259,30.508,0.012589,0.067539,0.067539,19.23,0.42063,1,0.75862
586,985,0.040022,13.366,0.040792,0.36246,0.36246,35.546,0.44829,1,0.5
586,985,0.011792,34.481,0.00061665,0.015664,0.015664,0.4405,0.55171,1,0.5
586,1725,5.1529,5.5789,0.00011409,-0.0032244,-0.0032244,5.7881,1,1,0.086207
586,1745,5.2905,5.1618,0.018631,0.052825,0.052825,0.27625,1,1,0.086207
586,1785,4.4824,4.0301,1.2196,2.0178,2.0178,6.2496,1,1,0.13793
586,1805,4.2131,2.9476,0.75107,1.1132,1.1132,2.7008,1,1,0.48276
586,1825,3.8412,2.6655,0.33214,0.79416,0.79416,3.0843,1,1,0.23276
586,1845,4.3096,4.0526,0.12189,0.22103,0.22103,2.3762,0.90625,1,0.27586
586,1865,5.7264,4.3109,1.1837,-0.60372,-0.60372,2.5012,1,1,0.26724
586,1885,5.3419,4.2482,0.76323,-0.57467,-0.57467,2.1256,1,1,0.37931
586,1905,4.8258,4.0693,1.493,-1.4141,-1.4141,1.5905,1,1,0.34483
586,1925,4.9727,3.7705,0.49869,-0.63101,-0.63101,0.8444,0.97059,1,0.2931
586,1945,4.7898,4.0304,0.18954,-0.23602,-0.23602,0.35002,1,1,0.26724
586,1965,4.6083,4.2932,0.026325,-0.014725,-0.014725,0.069554,1,1,0.25862
606,885,0.029314,7.9975,0.019737,-0.018609,-0.018609,1.6874,0.62264,1,0.4569
606,885,3.2018,28.818,0.027242,0.07979,0.07979,0.42962,0.18868,1,0.4569
606,905,0.016089,8.2332,0.017653,-0.027543,-0.027543,1.588,0.59341,1,0.78448
606,905,3.2288,29.077,0.050892,0.17532,0.17532,1.3976,0.24176,1,0.78448
606,925,0.04576,8.2309,0.0228,0.011036,0.011036,0.94935,0.68657,1,0.57759
606,925,3.2304,28.045,0.053935,0.35486,0.35486,33.883,0.23881,1,0.57759
606,945,6.2698,8.5504,0.033507,-0.046729,-0.046729,3.002,0.75757,1,0.56897
606,945,0.036774,27.83,0.019464,0.15855,0.15855,11.217,0.19697,1,0.56897
606,965,0.0082149,8.8114,0.044595,-0.074133,-0.074133,4.692,0.56461,1,0.73276
606,965,0.0064111,30.987,0.012196,-0.044674,-0.044674,16.326,0.43539,1,0.73276
606,985,6.2754,34.1,0.0029138,0.020941,0.020941,1.9977,0.43284,1,0.57759
606,985,0.02949,11.967,0.032292,0.1027,0.1027,33.309,0.56716,1,0.57759
606,1005,0.017769,26.141,0.00025356,0.15666,0.15666,122.32,0.8125,1,0.13793
606,1705,5.1561,5.6154,0.00029485,-0.0096742,-0.0096742,5.9629,1,1,0.25862
606,1725,5.1993,5.5537,0.010513,0.00060177,0.00060177,3.6872,1,1,0.25862
606,1745,5.2919,5.442,0.049233,-0.084245,-0.084245,2.7231,1,1,0.2931
606,1765,5.3078,5.5752,0.052455,-0.099306,-0.099306,1.8184,1,1,0.31034
606,1785,5.058,5.8395,0.21456,0.47495,0.47495,2.8522,1,1,0.30172
606,1805,4.477,3.9913,0.61363,1.0914,1.0914,3.2928,1,1,0.2931
606,1825,4.6273,4.5046,0.17893,0.2586,0.2586,1.5214,1,1,0.35345
606,1845,4.704,4.9009,0.26332,0.2979,0.2979,1.9077,1,1,0.25862
606,1865,4.7923,4.7154,0.31855,-0.23227,-0.23227,0.86289,1,1,0.32759
606,1885,5.1081,4.6421,0.32352,-0.24993,-0.24993,1.2142,1,1,0.30172
606,1905,5.0587,4.1943,0.52235,-0.59549,-0.59549,1.1952,1,1,0.17241
606,1925,4.9764,3.7537,0.22405,-0.26538,-0.26538,0.3522,1,1,0.086207
606,1945,4.552,4.3236,0.024978,-0.024578,-0.024578,0.07643,1,1,0.086207
606,1965,4.6916,4.2169,0.014517,0.0011814,0.0011814,0.046858,1,1,0.086207
626,885,6.267,8.0164,0.0040756,-0.0040984,-0.0040984,0.0041214,0.60656,1,0.52586
626,905,0.02173,8.2356,0.024465,0.0023158,0.0023158,1.1008,0.63,1,0.86207
626,905,0.13748,26.721,0.01415,0.28027,0.28027,5.5516,0.3,1,0.86207
626,925,0.012195,15.145,0.027489,-0.10516,-0.10516,101.43,0.92105,1,0.65517
626,925,3.2233,15.497,0.013337,0.081249,0.081249,1.1616,0.039474,1,0.65517
626,945,0.0033251,30.478,0.027115,-0.68765,-0.68765,41.445,0.22418,1,0.57759
626,945,0.011611,8.1023,0.044234,-0.079049,-0.079049,1.8994,0.73104,1,0.57759
626,965,0.048663,8.729,0.045564,-0.090608,-0.090608,5.6381,0.635,1,0.63793
626,965,6.2425,31.25,0.0069688,-0.18963,-0.18963,15.988,0.365,1,0.63793
626,985,0.032189,9.6436,0.03473,-0.1274,-0.1274,6.7085,0.66168,1,0.61207
626,985,6.2541,30.673,0.010521,-0.18027,-0.18027,18.03,0.33832,1,0.61207
626,1005,0.068831,9.5907,0.046727,-0.056898,-0.056898,6.2447,0.9375,1,0.13793
626,1685,5.4791,5.9806,0.15041,-0.009213,-0.009213,5.4681,1,1,0.17241
626,1705,5.1583,5.8534,0.00035932,-0.011984,-0.011984,6.1464,0.64706,1,0.2931
626,1725,5.1564,5.5674,0.00028759,-0.015662,-0.015662,6.3862,0.92,1,0.21552
626,1745,5.3155,5.2792,0.024431,0.070799,0.070799,0.27448,0.94444,1,0.31034
626,1765,5.3101,6.0008,0.074889,-0.14023,-0.14023,1.9415,1,1,0.2931
626,1785,5.0773,5.6588,0.20624,0.39578,0.39578,2.008,1,1,0.25862
626,1805,4.6531,4.2885,0.20344,0.37943,0.37943,1.4832,0.54421,1,0.47414
626,1805,5.3427,7.3405,0.12873,-0.14924,-0.14924,0.50898,0.45579,1,0.47414
626,1825,4.9217,4.8888,0.30608,0.68281,0.68281,2.4895,1,1,0.31897
626,1845,4.7465,4.6722,0.24769,0.29545,0.29545,1.2012,1,1,0.37069
626,1865,4.9103,4.8384,0.28946,0.36752,0.36752,1.0975,1,1,0.25862
626,1885,4.8693,4.8042,0.20883,0.036813,0.036813,0.13609,1,1,0.25862
626,1905,4.9855,4.7415,0.14262,0.015361,0.015361,0.1159,1,1,0.086207
646,885,6.2536,8.0299,0.0067303,-0.0067635,-0.0067635,0.0067971,0.77778,1,0.5431
646,905,6.2614,8.1019,0.015308,-0.032152,-0.032152,0.79755,0.5314,1,0.68103
646,905,0.058936,28.941,0.015914,0.010441,0.010441,29.546,0.40531,1,0.68103
646,925,3.2641,17.246,0.015004,-0.092334,-0.092334,0.5682,0.022989,1,0.75
646,925,0.015973,17.546,0.020284,-0.11285,-0.11285,124.74,0.95402,1,0.75
646,945,0.055287,15.929,0.036019,-0.61924,-0.61924,134.12,0.95556,1,0.38793
646,965,0.062588,8.3301,0.033833,-0.072031,-0.072031,2.5414,0.61265,1,0.60345
646,965,6.2287,30.539,0.008553,-0.159,-0.159,43.972,0.38735,1,0.60345
646,985,0.068258,12.559,0.024916,-0.052897,-0.052897,38.376,0.75287,1,0.59483
646,985,6.1888,33.568,0.0043064,0.21383,0.21383,15.813,0.24713,1,0.59483
646,1005,0.031891,10.286,0.015814,-0.097635,-0.097635,4.3834,0.94118,1,0.14655
646,1665,5.7974,6.6143,0.09785,-0.3921,-0.3921,2.9071,1,1,0.086207
646,1685,5.6669,6.8637,0.18096,-0.64626,-0.64626,3.3871,0.67746,1,0.26724
646,1685,0.30492,3.3137,0.037644,0.038765,0.038765,0.039918,0.32254,1,0.26724
646,1705,0.34379,3.3538,0.04919,0.050665,0.050665,0.052183,0.35897,1,0.33621
646,1705,5.4094,6.5992,0.14377,-0.23359,-0.23359,6.7898,0.64103,1,0.33621
646,1725,5.9762,4.8544,0.46496,-1.0809,-1.0809,4.4032,1,1,0.24138
646,1745,5.283,6.7393,0.029541,-0.13777,-0.13777,2.6832,1,1,0.21552
646,1765,5.2766,5.848,0.041099,-0.065089,-0.065089,1.653,1,1,0.2069
646,1785,5.3033,7.0872,0.14246,-0.20204,-0.20204,0.54602,1,1,0.2931
646,1805,5.1041,6.4685,0.25626,0.33959,0.33959,2.5189,1,1,0.2931
646,1825,5.074,6.0479,0.21437,0.34821,0.34821,3.3685,1,1,0.18966
646,1845,5.0404,4.9729,0.45265,0.95815,0.95815,3.0278,1,1,0.086207
646,1865,4.7051,4.8008,0.20841,0.1111,0.1111,0.11973,1,1,0.086207
646,1885,4.9855,4.7415,0.14262,0.015361,0.015361,0.1159,1,1,0.086207
666,865,6.2586,8.0321,0.0071123,-0.0085249,-0.0085249,0.014691,0.85714,1,0.36207
666,885,6.253,8.0208,0.0082662,-0.029125,-0.029125,0.55544,1,1,0.37069
666,905,6.2597,14.928,0.008376,-0.10069,-0.10069,116.38,0.94937,1,0.68103
666,925,6.2764,19.248,0.010306,-0.13737,-0.13737,133.43,0.93243,1,0.63793
666,945,0.033722,14.781,0.014864,-0.29776,-0.29776,113.1,0.96774,1,0.53448
666,965,0.058585,11.955,0.019585,0.22854,0.22854,48.902,0.77578,1,0.56897
666,965,6.1865,33.233,0.0058316,0.33669,0.33669,25.975,0.22422,1,0.56897
666,985,0.036651,17.126,0.02059,-0.36427,-0.36427,99.7,1,1,0.58621
666,1005,0.089814,10.602,0.012924,-0.068194,-0.068194,3.9379,0.94118,1,0.14655
666,1665,5.4668,7.52,0.20263,-0.77343,-0.77343,3.6039,1,1,0.12069
666,1685,5.6168,7.1988,0.29049,-1.023,-1.023,4.5093,0.89598,1,0.2931
666,1685,5.5192,7.5493,0.00073752,-0.0096037,-0.0096037,0.13453,0.10402,1,0.2931
666,1705,5.5323,6.8989,0.27756,-0.97704,-0.97704,4.6986,0.66673,1,0.33621
666,1705,0.32503,3.3345,0.048036,0.049472,0.049472,0.050951,0.33327,1,0.33621
666,1725,5.1963,8.077,0.029564,-0.15271,-0.15271,1.2521,0.9375,1,0.13793
666,1745,5.1243,8.5842,0.023501,-0.054519,-0.054519,0.49126,0.67723,1,0.2931
666,1745,5.3914,5.5221,0.013724,0.047247,0.047247,0.21184,0.32277,1,0.2931
666,1765,5.2334,7.8115,0.069238,-0.17211,-0.17211,1.3447,1,1,0.2931
666,1785,5.2131,7.6386,0.11014,-0.20844,-0.20844,1.8271,1,1,0.27586
666,1805,5.2815,7.056,0.1548,-0.2403,-0.2403,0.68154,1,1,0.26724
666,1825,5.1684,7.1307,0.12257,-0.19084,-0.19084,0.53609,1,1,0.086207
686,845,6.2386,7.4857,0.014336,-0.12824,-0.12824,1.6267,1,1,0.086207
686,865,6.2489,7.6087,0.014749,-0.083078,-0.083078,1.7236,1,1,0.28448
686,885,6.2568,7.4927,0.011584,-0.077646,-0.077646,1.8185,0.97826,1,0.39655
686,905,6.2454,15.38,0.012738,-0.083775,-0.083775,98.627,0.91667,1,0.51724
686,925,6.2532,27.556,0.014063,-0.087628,-0.087628,31.986,0.54703,1,0.56897
686,925,0.023473,8.7281,0.015851,0.012498,0.012498,1.6506,0.36206,1,0.56897
686,945,0.010414,15.894,0.018567,-0.049243,-0.049243,122.3,0.94545,1,0.47414
686,965,0.00972,15.357,0.020941,0.12049,0.12049,87.437,1,1,0.58621
686,985,0.0092935,26.882,0.022679,-0.032079,-0.032079,10.706,0.44744,1,0.65517
686,985,0.028354,10.022,0.019197,0.025424,0.025424,5.0126,0.55256,1,0.65517
686,1005,6.2127,27.216,0.007983,0.088432,0.088432,0.97961,0.55556,1,0.15517
686,1665,5.098,9.1193,0.0071928,0.011581,0.011581,0.17958,0.58824,1,0.14655
686,1665,6.0487,5.6865,0.00037356,-0.0062968,-0.0062968,0.27043,0.17647,1,0.14655
686,1685,5.5471,7.088,0.32535,-1.0954,-1.0954,5.124,1,1,0.31034
686,1705,5.3435,7.7966,0.3119,-1.0304,-1.0304,4.0743,0.90725,1,0.30172
686,1705,6.0148,5.4993,0.0032528,-0.10469,-0.10469,4.5777,0.092746,1,0.30172
686,1725,5.0247,8.8392,0.013396,0.011349,0.011349,0.022463,0.71429,1,0.30172
686,1725,0.0012037,3.5871,0.021557,0.054029,0.054029,0.43504,0.11429,1,0.30172
686,1745,5.1029,8.5272,0.015714,-0.049847,-0.049847,0.64159,1,1,0.36207
686,1765,5.0939,8.7683,0.0067797,-0.0030499,-0.0030499,1.0432,1,1,0.25862
686,1785,5.1049,8.4187,0.0029623,0.0064386,0.0064386,1.7142,0.83327,1,0.25862
686,1785,5.7722,6.288,0.037124,0.02142,0.02142,0.042871,0.16673,1,0.25862
686,1805,5.1431,8.1099,0.062296,-0.12509,-0.12509,2.0852,1,1,0.17241
706,225,3.0619,28.18,0.0063481,-0.014314,-0.014314,0.032274,0.5,1,0.034483
706,845,6.2419,7.0956,0.019825,-0.12531,-0.12531,3.1252,1,1,0.086207
706,865,6.257,7.3306,0.013348,-0.10922,-0.10922,2.595,1,1,0.28448
706,885,6.2727,7.2242,0.011511,-0.042337,-0.042337,3.6956,0.83009,1,0.4569
706,885,6.22,30.071,0.0045109,0.18131,0.18131,26.307,0.16991,1,0.4569
706,905,6.2667,7.7991,0.0050368,-0.041985,-0.041985,4.3818,0.51514,1,0.68966
706,905,6.2361,27.093,0.010718,-0.4738,-0.4738,37.554,0.38486,1,0.68966
706,925,6.2481,17.034,0.012345,-0.30123,-0.30123,104.89,0.92308,1,0.56034
706,945,6.2543,29.261,0.027232,0.0073102,0.0073102,20.551,0.29511,1,0.52586
706,945,6.2601,8.3207,0.044266,-0.032794,-0.032794,0.41338,0.63932,1,0.52586
706,965,6.2527,8.7201,0.023998,-0.0024188,-0.0024188,2.0892,0.59779,1,0.59483
706,965,0.0058861,27.491,0.026344,-0.11723,-0.11723,22.847,0.40221,1,0.59483
706,985,6.2345,9.6518,0.034109,0.024403,0.024403,2.2404,0.56164,1,0.62931
706,985,6.247,27.081,0.017073,-0.067886,-0.067886,4.7269,0.43836,1,0.62931
706,1005,0.025584,9.9964,0.028064,0.016025,0.016025,1.89,0.44737,1,0.32759
706,1005,6.2121,27.212,0.007133,0.079069,0.079069,0.87649,0.52632,1,0.32759
706,1685,5.0468,8.8624,0.0091831,0.0069462,0.0069462,0.08881,0.66667,1,0.2069
706,1685,6.0487,5.6865,0.00037356,-0.0062968,-0.0062968,0.27043,0.125,1,0.2069
706,1705,5.0227,8.8421,0.010851,0.0089685,0.0089685,0.021807,0.70968,1,0.26724
706,1705,0.0012037,3.5871,0.021557,0.054029,0.054029,0.43504,0.12903,1,0.26724
706,1765,5.0781,8.6048,0.0036893,-0.011546,-0.011546,0.623,1,1,0.17241
706,1785,5.1179,9.0891,0.00074669,-0.0098919,-0.0098919,1.7167,1,1,0.086207
726,205,0.5981,28.347,1.0826,-0.47977,-0.47977,0.82002,0.84615,1,0.11207
726,225,0.73175,28.228,1.2666,-0.73182,-0.73182,1.4987,0.92308,1,0.11207
726,245,0.47515,27.906,0.42102,-0.017648,-0.017648,0.12987,0.53884,1,0.094828
726,245,5.5646,30.385,0.21074,-0.29828,-0.29828,0.70312,0.46116,1,0.094828
726,865,6.2488,7.2463,0.016757,-0.099233,-0.099233,2.7179,1,1,0.10345
726,885,6.2504,16.826,0.0076252,-0.31495,-0.31495,130.02,1,1,0.41379
726,905,6.2289,8.5085,0.022637,-0.0002228,-0.0002228,2.1037,0.57303,1,0.75
726,905,6.2029,30.449,0.010977,0.033346,0.033346,28.62,0.35801,1,0.75
726,925,6.2101,8.709,0.040297,-0.002918,-0.002918,0.6878,0.71622,1,0.63793
726,945,6.2422,8.9764,0.052234,-0.039004,-0.039004,1.1815,0.67593,1,0.61207
726,945,6.2601,29.047,0.025273,-0.15346,-0.15346,23.595,0.28182,1,0.61207
726,945,3.0343,12.883,0.023005,0.025089,0.025089,0.69403,0.042254,1,0.61207
726,965,6.2762,28.702,0.024637,-0.076698,-0.076698,19.1,0.24621,1,0.56034
726,965,6.1844,9.1699,0.05113,-0.065489,-0.065489,1.3647,0.75379,1,0.56034
726,985,6.2125,9.8858,0.041505,-0.0072655,-0.0072655,1.5692,0.625,1,0.55172
726,985,6.2766,26.845,0.01494,-0.0067506,-0.0067506,2.1352,0.375,1,0.55172
726,1005,6.1989,9.625,0.051672,0.025822,0.025822,1.4909,0.42105,1,0.32759
726,1005,6.276,27.013,0.016294,-0.0061569,-0.0061569,1.1736,0.57895,1,0.32759
746,185,1.2635,27.645,0.012458,-0.0071581,-0.0071581,0.0052989,0.299,1,0.086207
746,185,6.2598,28.644,0.30377,-0.37001,-0.37001,0.98598,0.701,1,0.086207
746,205,0.39091,28.669,1.1109,-1.6556,-1.6556,3.5418,0.96875,1,0.27586
746,225,0.16389,28.883,1.1757,-1.7794,-1.7794,3.7438,0.9697,1,0.28448
746,245,0.52178,28.549,1.1017,-1.2011,-1.2011,1.9661,1,1,0.26724
746,265,6.2003,29.154,0.74537,-0.96171,-0.96171,1.9912,1,1,0.086207
746,885,6.1548,20.949,0.028501,-0.13467,-0.13467,146.56,0.97436,1,0.33621
746,905,6.1581,8.3696,0.036162,-0.06114,-0.06114,0.6289,0.62795,1,0.67241
746,905,6.1341,31.296,0.023352,0.21116,0.21116,28.477,0.30795,1,0.67241
746,925,6.1446,8.8665,0.048855,0.022159,0.022159,1.0201,0.81818,1,0.56897
746,925,3.1231,24.037,0.0017005,-0.2247,-0.2247,104.89,0.090909,1,0.56897
746,945,6.145,8.8066,0.062291,-0.049638,-0.049638,1.0887,0.83749,1,0.68966
746,945,6.2379,30.521,0.012269,-0.37631,-0.37631,26.75,0.12501,1,0.68966
746,965,6.1634,9.7071,0.044633,-0.04176,-0.04176,1.6012,0.92857,1,0.36207
746,985,6.1439,9.7163,0.03937,-0.01456,-0.01456,1.3538,0.59677,1,0.53448
746,985,0.01337,26.353,0.015844,0.028663,0.028663,1.1527,0.40323,1,0.53448
746,1005,6.1896,9.4486,0.03251,-0.089975,-0.089975,1.0956,0.4,1,0.30172
746,1005,6.277,26.339,0.013321,-0.010902,-0.010902,0.65707,0.6,1,0.30172
766,165,2.0995,12.638,0.60412,-4.5372,-4.5372,51.558,0.8,1,0.086207
766,165,3.023,8.0734,0.006241,-0.057364,-0.057364,0.52726,0.2,1,0.086207
766,185,1.3336,22.108,0.91274,-5.9578,-5.9578,56.683,1,1,0.17241
766,205,0.40491,28.705,1.0524,-1.5252,-1.5252,3.392,1,1,0.26724
766,225,0.67208,28.417,0.80235,-0.86229,-0.86229,1.5156,0.97727,1,0.37931
766,245,0.41965,28.644,0.90989,-1.0663,-1.0663,1.8683,0.9697,1,0.28448
766,265,1.4656,27.647,0.94724,-1.0329,-1.0329,1.2489,0.7122,1,0.086207
766,265,0.25941,29.256,0.036994,0.057547,0.057547,0.092188,0.2878,1,0.086207
766,845,6.062,4.9781,0.52624,-1.5907,-1.5907,13.158,1,1,0.086207
766,865,5.7166,6.5498,0.25673,0.42621,0.42621,2.6786,1,1,0.12069
766,885,5.964,7.7963,0.2086,0.013914,0.013914,1.2026,0.58333,1,0.41379
766,885,6.0678,30.885,0.019785,0.46433,0.46433,25.716,0.41667,1,0.41379
766,905,6.1149,8.2954,0.048309,-0.10837,-0.10837,0.54716,0.54929,1,0.61207
766,905,3.0476,23.665,0.0051467,-0.2002,-0.2002,97.198,0.084507,1,0.61207
766,905,6.064,31.053,0.021483,0.51284,0.51284,25.217,0.3662,1,0.61207
766,925,6.0846,8.3593,0.055027,-0.094367,-0.094367,0.44591,0.77358,1,0.4569
766,945,6.1279,8.7317,0.07526,-0.11108,-0.11108,1.2963,0.82137,1,0.48276
766,945,6.1181,29.998,0.015347,0.25329,0.25329,22.968,0.12506,1,0.48276
766,965,6.2207,25.604,0.0022458,-0.012997,-0.012997,0.33324,0.26667,1,0.38793
766,965,6.149,9.0692,0.068184,-0.077782,-0.077782,1.9739,0.68889,1,0.38793
766,985,6.2061,9.84,0.028046,-0.043918,-0.043918,1.6565,0.32692,1,0.44828
766,985,0.024906,25.642,0.014942,0.028511,0.028511,2.6799,0.67308,1,0.44828
766,1005,0.0579,24.474,0.017409,0.11024,0.11024,23.495,1,1,0.32759
766,1025,0.082663,25.931,0.021448,0.04153,0.04153,5.2685,1,1,0.086207
786,145,2.0995,12.638,0.60412,-4.5372,-4.5372,51.558,0.8,1,0.086207
786,145,3.023,8.0734,0.006241,-0.057364,-0.057364,0.52726,0.2,1,0.086207
786,165,2.1407,14.27,0.40285,-2.5098,-2.5098,35.232,1,1,0.25862
786,185,1.7425,18.929,1.1359,-6.5903,-6.5903,82.023,1,1,0.27586
786,205,1.2857,22.894,1.1696,-6.9782,-6.9782,82.687,1,1,0.47414
786,225,0.47913,28.484,0.60384,-0.64595,-0.64595,1.4518,0.94118,1,0.2931
786,245,0.59029,28.461,0.74962,-0.86961,-0.86961,1.5303,0.96875,1,0.27586
786,265,0.32151,28.568,0.38306,-0.67496,-0.67496,1.7933,0.5,1,0.17241
786,265,4.6265,9.374,0.019299,-0.057594,-0.057594,1.169,0.5,1,0.17241
786,285,4.5968,9.5287,0.011308,0.028455,0.028455,0.53533,1,1,0.086207
786,305,4.5769,9.4191,0.0081101,-0.022336,-0.022336,0.58069,1,1,0.086207
786,425,4.8011,7.6334,0.0079269,0.10367,0.10367,1.7076,1,1,0.086207
786,445,4.7433,7.0718,0.010548,0.1008,0.1008,1.7869,1,1,0.086207
786,465,4.7729,7.7747,0.019595,0.11167,0.11167,1.0451,0.8,1,0.086207
786,465,4.6635,6.3211,0.00042025,0.0012733,0.0012733,0.0038577,0.2,1,0.086207
786,485,4.6045,8.9682,0.008629,0.04542,0.04542,0.73957,1,1,0.086207
786,505,4.6652,10.37,0.0035834,0.019669,0.019669,1.3744,1,1,0.086207
786,525,4.0147,8.5536,0.63639,-0.16843,-0.16843,0.11411,1,1,0.086207
786,545,1.6372,16.416,0.0037236,0.047975,0.047975,1.6231,1,1,0.086207
786,565,1.62,14.601,0.0038812,0.05184,0.05184,1.9851,1,1,0.086207
786,825,4.7672,8.2956,0.021904,0.030478,0.030478,0.1727,0.54504,1,0.17241
786,825,6.1656,4.5818,0.45982,-1.2909,-1.2909,12.722,0.45496,1,0.17241
786,845,5.6856,5.8335,0.52996,-0.93811,-0.93811,8.1358,0.74992,1,0.34483
786,845,5.232,21.148,0.051784,-0.53736,-0.53736,6.5161,0.25008,1,0.34483
786,865,5.7779,6.3321,0.35404,-0.51834,-0.51834,6.2787,0.64286,1,0.48276
786,865,5.2358,21.279,0.035784,-0.38379,-0.38379,4.8319,0.35714,1,0.48276
786,885,5.5538,10.45,0.33078,-0.89755,-0.89755,33.551,0.74728,1,0.68966
786,885,6.1298,32.587,0.022144,0.46731,0.46731,17.251,0.25272,1,0.68966
786,905,6.0893,8.4073,0.052109,-0.10992,-0.10992,0.23323,0.31873,1,0.64655
786,905,4.5808,13.488,2.3532,-3.5121,-3.5121,53.607,0.34465,1,0.64655
786,905,6.0888,31.854,0.033497,0.73469,0.73469,23.803,0.33662,1,0.64655
786,925,5.9522,8.7246,0.044556,-0.10011,-0.10011,0.22773,0.56891,1,0.5
786,925,6.0708,30.416,0.01911,0.028269,0.028269,51.181,0.34488,1,0.5
786,925,3.0653,29.153,0.0058255,0.2173,0.2173,8.1057,0.034483,1,0.5
786,945,5.7888,8.9493,0.62884,-1.44,-1.44,4.4344,0.61644,1,0.62931
786,945,6.1114,30.586,0.014828,0.044272,0.044272,14.317,0.35616,1,0.62931
786,945,3.3934,14.46,0.00069948,0.0026616,0.0026616,0.010127,0.027397,1,0.62931
786,965,6.2563,26.379,0.018038,-0.11831,-0.11831,6.8027,0.51515,1,0.56897
786,965,5.8074,9.5058,0.98363,-2.1309,-2.1309,6.538,0.48485,1,0.56897
786,985,0.061005,23.381,0.015199,0.14216,0.14216,28.048,1,1,0.34483
786,1005,0.089039,24.897,0.017361,0.1214,0.1214,18.073,1,1,0.31897
786,1025,0.054335,26.026,0.016997,-0.0050646,-0.0050646,5.0969,1,1,0.17241
786,1485,1.5857,14.939,0.0070296,-0.01313,-0.01313,9.1875,1,1,0.086207
786,1505,1.5523,16.684,0.00017489,0.012619,0.012619,1.1614,0.3,1,0.086207
786,1505,1.4595,11.332,0.00013225,-0.00033408,-0.00033408,0.0008439,0.2,1,0.086207
786,1525,1.554,11.95,0.0057326,0.16849,0.16849,17.636,1,1,0.086207
786,1605,0.0426,8.1055,0.007259,0.017982,0.017982,0.044546,0.33333,1,0.12931
786,1625,6.2314,9.0865,0.066509,0.053447,0.053447,0.43356,1,1,0.12069
786,1645,6.166,9.2919,0.10109,-0.053591,-0.053591,0.44057,1,1,0.12069
806,45,4.66,9.375,0.002225,0.0073022,0.0073022,10.693,1,1,0.086207
806,65,4.68,9.3308,0.0021876,-0.0057912,-0.0057912,12.943,1,1,0.086207
806,105,4.7048,10.325,0.001411,-0.077582,-0.077582,5.3643,1,1,0.086207
806,125,4.6959,10.82,0.00095649,-0.048317,-0.048317,3.2437,1,1,0.086207
806,145,2.0537,15.432,0.23235,-0.65841,-0.65841,21.425,1,1,0.094828
806,165,2.2636,13.13,0.38983,-2.2396,-2.2396,33.038,0.9394,1,0.28448
806,165,2.8895,9.6187,0.0029703,-0.044642,-0.044642,0.67096,0.060603,1,0.28448
806,185,2.209,14.274,0.20512,-1.6061,-1.6061,55.099,1,1,0.38793
806,205,1.779,18.538,0.87008,-5.8054,-5.8054,88.416,1,1,0.2931
806,225,0.09697,29.123,0.20409,-0.33742,-0.33742,0.81106,0.40489,1,0.18966
806,225,2.0063,16.954,0.4189,-6.4866,-6.4866,131.43,0.59511,1,0.18966
806,245,0.29228,28.698,0.35677,-0.65166,-0.65166,1.7998,0.52381,1,0.18103
806,245,4.6265,9.374,0.019299,-0.057594,-0.057594,1.169,0.47619,1,0.18103
806,265,4.6097,9.3437,0.015087,-0.0078167,-0.0078167,0.87265,1,1,0.25862
806,285,4.6001,9.4406,0.013321,-0.017676,-0.017676,0.76589,1,1,0.25862
806,305,4.5926,9.3541,0.010697,-0.0081935,-0.0081935,0.53745,1,1,0.25862
806,325,4.6159,9.4148,0.015778,-0.025579,-0.025579,1.4684,1,1,0.17241
806,365,4.5452,7.9595,0.010052,-0.081914,-0.081914,1.6025,1,1,0.086207
806,385,4.5692,8.23,0.0055932,0.01892,0.01892,1.6107,1,1,0.086207
806,405,4.8065,7.5577,0.0071701,0.076285,0.076285,1.3465,0.65,1,0.17241
806,425,4.7911,7.4261,0.0089255,0.10331,0.10331,1.7153,0.90056,1,0.25862
806,425,4.7698,7.2772,0.061162,0.30168,0.30168,1.488,0.099436,1,0.25862
806,445,4.7651,7.3964,0.012706,0.11129,0.11129,1.6129,1,1,0.25862
806,465,4.7226,7.8195,0.016036,0.045608,0.045608,1.8374,1,1,0.34483
806,485,4.6717,8.9159,0.011261,0.025152,0.025152,2.892,1,1,0.34483
806,505,4.4281,9.2972,0.30228,0.13344,0.13344,1.3465,1,1,0.25862
806,525,4.34,9.4616,0.42577,0.22096,0.22096,1.5688,0.66667,1,0.25862
806,525,1.6372,16.416,0.0037236,0.047975,0.047975,1.6231,0.33333,1,0.25862
806,545,1.6286,15.509,0.0038763,0.057712,0.057712,2.6276,0.66667,1,0.25862
806,545,4.0147,8.5536,0.63639,-0.16843,-0.16843,0.11411,0.33333,1,0.25862
806,565,1.6207,15.318,0.0038394,0.074014,0.074014,3.2072,1,1,0.25862
806,585,1.62,14.601,0.0038812,0.05184,0.05184,1.9851,1,1,0.086207
806,785,4.8109,8.3389,0.0067303,0.02677,0.02677,0.11574,0.91667,1,0.10345
806,805,4.7136,8.1713,0.0066924,0.015996,0.015996,0.12085,0.76316,1,0.18966
806,805,4.7831,8.3962,0.03371,0.014378,0.014378,0.0097051,0.23684,1,0.18966
806,825,4.8731,8.059,0.16079,-0.30842,-0.30842,2.0871,0.69809,1,0.37069
806,825,5.4052,19.423,0.078061,-1.6488,-1.6488,36.464,0.2554,1,0.37069
806,825,6.22,6.2967,0.0016,0.06412,0.06412,2.5696,0.046511,1,0.37069
806,845,4.7708,8.2647,0.019083,0.019957,0.019957,0.14887,0.21512,1,0.53448
806,845,5.8014,5.4352,0.67661,-1.5352,-1.5352,10.65,0.30102,1,0.53448
806,845,5.2982,20.84,0.032883,-0.38357,-0.38357,5.6971,0.48386,1,0.53448
806,865,5.3863,13.484,0.2356,-1.0036,-1.0036,55.302,1,1,0.62069
806,885,5.43,16.739,0.96534,2.4517,2.4517,98.258,1,1,0.52586
806,905,5.9703,8.6673,0.043386,-0.097565,-0.097565,0.22181,0.33824,1,0.50862
806,905,5.2726,13.772,3.4694,8.346,8.346,51.871,0.43447,1,0.50862
806,905,6.13,33.761,0.044456,0.79235,0.79235,18.762,0.22728,1,0.50862
806,925,4.8126,12.072,2.1052,-3.1435,-3.1435,20.438,0.67937,1,0.4569
806,925,6.0999,32.458,0.020225,0.15049,0.15049,19.537,0.32063,1,0.4569
806,945,3.2292,14.077,0.11462,-0.30865,-0.30865,3.1838,0.094996,1,0.72414
806,945,5.8723,8.9646,0.35841,-0.85436,-0.85436,3.0944,0.59548,1,0.72414
806,945,6.1203,30.551,0.014625,-0.035233,-0.035233,15.184,0.30952,1,0.72414
806,965,5.3904,10.158,1.5446,-3.0587,-3.0587,8.4073,0.625,1,0.55172
806,965,6.2749,26.7,0.02684,-0.16242,-0.16242,8.5459,0.375,1,0.55172
806,985,0.074148,20.056,0.78027,0.28273,0.28273,49.423,1,1,0.31034
806,1005,0.075882,25.282,0.041775,-0.13201,-0.13201,5.7693,1,1,0.2931
806,1025,0.07901,25.329,0.051066,-0.20536,-0.20536,5.1695,1,1,0.18103
806,1245,1.4993,18.144,0.002618,0.1372,0.1372,17.303,1,1,0.086207
806,1265,1.4784,18.008,0.0011204,0.089248,0.089248,23.806,1,1,0.086207
806,1325,1.5199,12.092,0.00061689,-0.0034419,-0.0034419,0.28183,1,1,0.086207
806,1365,1.5746,19.005,0.00080928,-0.16657,-0.16657,53.624,1,1,0.094828
806,1385,1.6012,18.886,0.0032963,-0.17829,-0.17829,41.514,1,1,0.10345
806,1465,1.5823,13.722,0.0054468,0.0038439,0.0038439,13.283,1,1,0.11207
806,1485,1.5678,14.089,0.0071228,0.075907,0.075907,15.34,1,1,0.28448
806,1505,1.5538,13.399,0.0082633,0.12947,0.12947,13.862,1,1,0.27586
806,1525,1.537,13.561,0.0073212,0.137,0.137,15.795,1,1,0.27586
806,1545,1.554,11.95,0.0057326,0.16849,0.16849,17.636,1,1,0.086207
806,1585,6.2694,9.3027,0.10404,-0.099909,-0.099909,0.55652,1,1,0.086207
806,1605,0.0048407,9.1423,0.099862,-0.018783,-0.018783,0.57287,1,1,0.30172
806,1625,6.2354,9.2254,0.094339,-0.038819,-0.038819,0.4647,1,1,0.28448
806,1645,6.2323,9.143,0.093516,-0.008961,-0.008961,0.39315,1,1,0.28448
806,1665,6.1655,9.3143,0.1254,-0.088517,-0.088517,0.33704,1,1,0.086207
826,25,4.66,9.375,0.002225,0.0073022,0.0073022,10.693,1,1,0.086207
826,45,4.6744,9.7882,0.002406,-0.010701,-0.010701,11.098,1,1,0.25862
826,65,4.6516,6.8057,0.0048998,0.096296,0.096296,2.5365,0.18099,1,0.25862
826,65,4.6809,9.4172,0.0013901,-0.046524,-0.046524,11.344,0.81901,1,0.25862
826,85,4.6827,9.2154,0.0018539,-0.039814,-0.039814,11.565,0.97561,1,0.35345
826,105,4.6958,9.7577,0.0013958,-0.040439,-0.040439,6.7866,0.90909,1,0.28448
826,125,4.6913,11.117,0.0013513,-0.068561,-0.068561,5.3036,0.9375,1,0.27586
826,145,3.2933,13.843,1.4849,-4.7717,-4.7717,66.667,1,1,0.21552
826,165,2.8257,13.119,1.2691,-4.0853,-4.0853,54.698,1,1,0.39655
826,185,2.8895,13.106,1.2546,-4.0273,-4.0273,55.042,1,1,0.37931
826,205,2.2243,14.587,0.10659,-1.461,-1.461,70.504,0.73333,1,0.38793
826,205,4.7765,8.2026,0.0033608,0.010632,0.010632,0.033644,0.24444,1,0.38793
826,225,2.4893,17.14,2.0353,-10.335,-10.335,101.69,1,1,0.14655
826,245,4.6363,9.199,0.012455,0.010166,0.010166,2.5845,0.82353,1,0.14655
826,265,4.6244,9.233,0.015361,-0.035447,-0.035447,1.2015,0.97143,1,0.30172
826,285,4.5969,9.4044,0.012741,-0.0028942,-0.0028942,0.69703,0.97826,1,0.39655
826,305,4.6257,9.0807,0.013413,-0.056353,-0.056353,1.9025,0.97778,1,0.38793
826,325,4.6462,8.9447,0.012439,-0.043838,-0.043838,1.4881,0.97143,1,0.30172
826,345,4.6347,8.658,0.013751,-0.020924,-0.020924,1.9107,0.97143,1,0.30172
826,365,4.6015,8.2012,0.010279,-0.016669,-0.016669,1.1494,0.97143,1,0.30172
826,385,4.5771,8.088,0.013531,-0.039951,-0.039951,1.2652,0.84091,1,0.37931
826,405,4.6922,7.9331,0.029097,-0.0060162,-0.0060162,1.3846,0.77143,1,0.30172
826,425,4.817,7.5667,0.011701,0.092266,0.092266,1.3017,0.76471,1,0.2931
826,445,4.7873,7.4949,0.013279,0.11369,0.11369,1.6696,0.97143,1,0.30172
826,465,4.7341,8.0544,0.011414,0.050182,0.050182,2.4272,0.97059,1,0.2931
826,485,4.6897,8.6254,0.011705,0.018838,0.018838,2.7166,0.97059,1,0.2931
826,505,4.6638,9.5769,0.004961,0.034362,0.034362,3.3087,0.82759,1,0.25
826,505,1.541,35.53,0.00088893,0.058741,0.058741,3.8816,0.068966,1,0.25
826,525,4.0566,8.5298,0.78309,-0.24023,-0.24023,0.14474,0.78947,1,0.16379
826,545,1.6226,15.678,0.0037823,0.082296,0.082296,3.287,0.82759,1,0.25
826,565,1.609,15.107,0.0046149,0.030507,0.030507,4.5285,0.7027,1,0.31897
826,565,4.6116,8.1799,0.0070022,0.064836,0.064836,3.3476,0.27027,1,0.31897
826,585,1.6106,16.548,0.0046365,-0.09018,-0.09018,28.586,1,1,0.13793
826,645,4.7883,9.8054,0.030642,0.31457,0.31457,4.4245,0.64706,1,0.14655
826,665,1.6276,14.143,0.0049835,-0.058361,-0.058361,37.334,0.60714,1,0.24138
826,665,4.7845,9.7078,0.02832,0.28567,0.28567,4.4752,0.39286,1,0.24138
826,685,1.6631,12.326,0.0052253,0.029758,0.029758,1.1164,0.88889,1,0.31034
826,765,4.992,7.14,0.02775,-0.23967,-0.23967,3.3618,0.91429,1,0.30172
826,765,1.5938,29.023,0.0010534,0.0010539,0.0010539,10.668,0.085714,1,0.30172
826,785,4.8383,8.1458,0.021161,-0.055107,-0.055107,1.3618,0.91892,1,0.31897
826,805,4.7909,8.3892,0.019217,0.035721,0.035721,0.13355,0.89796,1,0.42241
826,805,1.5829,28.177,0.0035083,0.15925,0.15925,11.367,0.081633,1,0.42241
826,825,4.7695,8.3663,0.020585,0.028779,0.028779,0.11311,0.64789,1,0.61207
826,825,5.3501,20.915,0.041315,-0.77722,-0.77722,16.158,0.29577,1,0.61207
826,845,4.3991,9.92,4.4354,-14.107,-14.107,48.334,0.51653,1,0.56897
826,845,5.349,20.571,0.031838,-0.56169,-0.56169,11.515,0.48347,1,0.56897
826,865,5.4603,18.346,0.11085,-1.6317,-1.6317,24.471,0.4,1,0.34483
826,885,5.4811,17.169,0.87065,4.1152,4.1152,133.46,1,1,0.31897
826,905,5.3696,21.715,3.4032,10.146,10.146,73.789,1,1,0.27586
826,925,5.7818,9.521,0.18932,-0.27515,-0.27515,1.9308,0.43902,1,0.35345
826,925,6.1198,35.114,0.01617,-0.10647,-0.10647,16.782,0.41463,1,0.35345
826,925,3.2313,19.847,0.0161,-0.43117,-0.43117,81.589,0.073171,1,0.35345
826,945,5.1873,10.279,1.7796,-3.3137,-3.3137,7.9227,0.69811,1,0.4569
826,945,6.0927,34.027,0.01468,-0.11608,-0.11608,22.086,0.28302,1,0.4569
826,965,5.1522,11.429,5.3834,-14.569,-14.569,43.506,1,1,0.36207
826,985,6.2549,22.401,0.79591,2.7664,2.7664,86.342,1,1,0.33621
826,1005,0.20014,27.183,0.16713,0.46581,0.46581,14.995,1,1,0.2931
826,1025,0.46611,26.422,0.38691,1.5487,1.5487,17.114,1,1,0.13793
826,1225,1.5097,16.666,0.002182,0.045462,0.045462,16.19,1,1,0.21552
826,1245,1.506,18.194,0.0029492,0.12825,0.12825,31.258,1,1,0.31034
826,1265,1.4943,18.926,0.0020506,0.08627,0.08627,17.465,1,1,0.2931
826,1285,1.5043,19.814,0.0022604,0.06021,0.06021,24.25,1,1,0.30172
826,1305,1.5196,18.96,0.0016218,-0.0079624,-0.0079624,27.878,1,1,0.38793
826,1325,1.5321,15.958,0.0013083,0.03135,0.03135,36.866,1,1,0.2931
826,1345,1.5549,14.546,0.0014326,0.035409,0.035409,42.851,1,1,0.39655
826,1365,1.5718,17.496,0.0016075,-0.03601,-0.03601,62.775,1,1,0.32759
826,1385,1.5854,19.904,0.0027058,-0.25872,-0.25872,65.861,1,1,0.31034
826,1405,1.5845,17.249,0.0026443,-0.0075558,-0.0075558,52.327,1,1,0.21552
826,1465,1.5916,13.473,0.0053806,0.072106,0.072106,24.635,1,1,0.12069
826,1485,1.5843,14.436,0.0067705,0.068384,0.068384,14.395,1,1,0.2931
826,1505,1.5535,14.635,0.0087692,0.075136,0.075136,19.289,1,1,0.39655
826,1525,1.5339,14.007,0.0067334,-0.0069076,-0.0069076,21.164,1,1,0.30172
826,1545,1.5247,14.896,0.0059549,0.099547,0.099547,13.572,0.92308,1,0.11207
826,1585,0.0056073,9.5507,0.14372,-0.037465,-0.037465,0.40419,0.76923,1,0.11207
826,1605,0.040465,9.3337,0.09396,-0.049342,-0.049342,0.59311,0.97143,1,0.30172
826,1625,0.017463,9.2528,0.098114,0.016879,0.016879,0.39995,0.95745,1,0.40517
826,1645,6.2121,9.1318,0.099598,-0.012681,-0.012681,0.45196,0.94286,1,0.30172
826,1665,6.2591,9.0311,0.10195,0.0066956,0.0066956,0.311,0.90909,1,0.094828
826,1865,4.6892,38.876,0.0058484,-0.10118,-0.10118,1.7506,0.5,1,0.034483
826,1905,4.3616,34.968,2.2989,5.2823,5.2823,19.041,1,1,0.12069
826,1925,3.5449,32.43,2.3981,9.4524,9.4524,40.25,1,1,0.18966
826,1945,2.6538,28.48,3.2528,13.35,13.35,57.354,1,1,0.19828
826,1965,2.3373,27.121,3.8222,16.032,16.032,70.488,1,1,0.094828
846,25,4.6858,10.099,0.0023353,-0.055432,-0.055432,10.88,0.84615,1,0.11207
846,45,4.6564,9.5264,0.0028394,-0.0093877,-0.0093877,8.4987,0.89474,1,0.32759
846,65,1.6107,25.04,0.0015932,0.001594,0.001594,0.0015948,0.051282,1,0.33621
846,65,4.6727,9.6405,0.0021241,-0.038571,-0.038571,13.373,0.87179,1,0.33621
846,85,4.6497,9.3333,0.0019204,-0.046704,-0.046704,10.094,0.86842,1,0.32759
846,105,4.6854,10.636,0.0014211,-0.052669,-0.052669,8.6507,0.91489,1,0.40517
846,125,4.6863,11.005,0.0011239,-0.059469,-0.059469,6.1617,0.85,1,0.34483
846,145,4.7345,9.77,0.012838,-0.089241,-0.089241,7.3068,0.66667,1,0.31034
846,145,1.4531,13.017,0.0081907,-0.049671,-0.049671,1.6041,0.27778,1,0.31034
846,165,4.8146,8.3387,0.013319,0.040588,0.040588,0.13085,0.71739,1,0.39655
846,185,4.8093,8.3067,0.013986,0.044234,0.044234,0.13991,0.71111,1,0.38793
846,185,2.2518,14.96,0.10534,-2.2589,-2.2589,76.711,0.26667,1,0.38793
846,205,4.8053,8.2942,0.015383,0.048637,0.048637,0.15379,0.69767,1,0.37069
846,205,2.5228,15.243,0.9833,-2.6837,-2.6837,39.739,0.30233,1,0.37069
846,225,4.7666,8.1715,0.0033787,0.010688,0.010688,0.033813,0.72222,1,0.15517
846,245,4.6729,9.4273,0.016445,-0.061947,-0.061947,2.9919,0.88235,1,0.14655
846,265,4.619,9.5691,0.016873,-0.012669,-0.012669,1.2642,0.97297,1,0.31897
846,285,4.6616,9.1761,0.01341,-0.065244,-0.065244,1.9417,0.94,1,0.43103
846,305,4.6278,9.1857,0.013444,-0.052424,-0.052424,1.8879,0.92308,1,0.33621
846,325,4.6738,8.6451,0.012945,-0.074178,-0.074178,2.9464,0.95,1,0.34483
846,345,4.667,8.1045,0.0043792,-0.0081806,-0.0081806,1.228,0.9,1,0.17241
846,365,4.5676,8.1385,0.011635,-0.026686,-0.026686,1.6155,0.97436,1,0.33621
846,385,4.5558,8.021,0.0072484,0.026825,0.026825,1.1365,0.94737,1,0.32759
846,405,4.6381,8.0741,0.018475,-0.050725,-0.050725,0.84761,0.525,1,0.34483
846,405,2.0625,13.863,0.12118,-1.0655,-1.0655,10.855,0.475,1,0.34483
846,425,4.8121,7.499,0.015408,0.10131,0.10131,1.2607,0.78947,1,0.16379
846,425,2.0742,11.782,0.12671,-0.054934,-0.054934,0.023817,0.15789,1,0.16379
846,445,4.781,7.8564,0.0079496,0.064738,0.064738,1.0776,0.5,1,0.086207
846,465,4.8226,7.7028,0.019111,-0.050249,-0.050249,1.9299,0.82609,1,0.19828
846,485,4.6767,8.4928,0.005381,-0.021316,-0.021316,0.31558,0.5,1,0.18966
846,505,1.9241,11.911,0.0028719,-0.083436,-0.083436,2.4363,0.18182,1,0.18966
846,505,4.583,8.5343,0.011396,-0.024338,-0.024338,0.069582,0.63636,1,0.18966
846,525,4.0899,8.6472,0.64617,-0.24733,-0.24733,0.21278,0.73913,1,0.19828
846,545,4.6,8.5584,0.008769,0.020868,0.020868,2.8333,0.86207,1,0.25
846,565,4.6116,8.1799,0.0070022,0.064836,0.064836,3.3476,0.29412,1,0.2931
846,565,1.6814,15.262,0.03796,0.4377,0.4377,11.186,0.67647,1,0.2931
846,585,1.6383,16.215,0.029467,-0.19662,-0.19662,33.086,0.53846,1,0.22414
846,585,4.6284,7.8583,0.007246,0.027015,0.027015,4.1507,0.46154,1,0.22414
846,625,1.5405,29.28,0.00091627,-0.11443,-0.11443,14.29,0.13333,1,0.12931
846,625,4.8168,9.9529,0.0078884,0.10284,0.10284,2.4623,0.8,1,0.12931
846,645,4.8121,9.9673,0.0065121,0.07882,0.07882,2.878,0.88889,1,0.31034
846,665,4.8373,10.274,0.0054828,0.063243,0.063243,2.1295,0.59459,1,0.31897
846,665,1.6814,12.61,0.004496,0.0044919,0.0044919,0.0044879,0.27027,1,0.31897
846,685,1.6702,12.599,0.0051262,0.0051321,0.0051321,0.0051381,0.44898,1,0.42241
846,685,4.8313,10.531,0.0036128,0.031151,0.031151,2.0936,0.44898,1,0.42241
846,705,1.6704,12.599,0.0049665,0.0049689,0.0049689,0.0049715,0.73333,1,0.25862
846,705,4.7706,11.196,0.0017355,0.015246,0.015246,0.90371,0.1,1,0.25862
846,745,5.1887,5.0705,0.0018181,0.0045784,0.0045784,0.01153,0.75862,1,0.25
846,765,5.0136,7.3014,0.0058535,-0.11924,-0.11924,2.429,0.52174,1,0.19828
846,785,4.81,8.3779,0.017491,-0.046465,-0.046465,1.5792,0.60976,1,0.35345
846,785,5.1166,36.948,0.033294,-0.71086,-0.71086,41.772,0.26829,1,0.35345
846,805,4.7631,8.3365,0.015378,0.030608,0.030608,0.10804,0.59395,1,0.59483
846,805,5.0994,33.169,0.046069,-0.29461,-0.29461,95.784,0.33358,1,0.59483
846,825,5.067,15.942,0.11482,1.1901,1.1901,92.681,0.83133,1,0.71552
846,825,1.559,13.959,0.002624,-0.098741,-0.098741,64.04,0.16867,1,0.71552
846,845,4.7567,8.3921,0.011415,0.015132,0.015132,0.087667,0.2949,1,0.48276
846,845,5.608,16.338,0.73722,1.4382,1.4382,58.2,0.7051,1,0.48276
846,865,6.2033,15.378,1.9496,3.6028,3.6028,63.136,1,1,0.39655
846,885,5.5178,17.633,1.1353,3.2661,3.2661,81.417,1,1,0.48276
846,905,5.603,21.35,2.0044,-0.30551,-0.30551,79.785,0.78001,1,0.43103
846,905,2.1827,36.965,0.51457,-0.45106,-0.45106,0.39539,0.21999,1,0.43103
846,925,0.54904,28.305,1.569,3.597,3.597,125.79,1,1,0.34483
846,945,6.1664,31.672,0.018648,-0.28992,-0.28992,28.749,0.50984,1,0.43966
846,945,6.1852,8.2388,0.026766,-0.22546,-0.22546,4.4641,0.3333,1,0.43966
846,965,0.56977,9.9286,1.767,1.9875,1.9875,19.622,0.75492,1,0.4569
846,965,6.2222,28.581,0.015397,0.053141,0.053141,18.612,0.24508,1,0.4569
846,985,0.060182,31.054,0.43224,-2.1431,-2.1431,23.239,0.66667,1,0.33621
846,985,6.2507,9.1818,0.034233,-0.062285,-0.062285,4.1642,0.33333,1,0.33621
846,1005,0.14625,30.933,0.37312,-0.28572,-0.28572,13.632,1,1,0.19828
846,1045,4.7735,40.713,0.0011662,-0.07023,-0.07023,8.2258,0.66667,1,0.12931
846,1065,1.3734,28.753,0.049846,0.21142,0.21142,25.991,0.2,1,0.21552
846,1065,4.7669,41.146,0.0012331,-0.06064,-0.06064,9.045,0.8,1,0.21552
846,1085,1.6342,15.06,0.033331,-0.8036,-0.8036,82.632,0.43243,1,0.31897
846,1085,4.7651,41.663,0.0013604,-0.074188,-0.074188,10.647,0.56757,1,0.31897
846,1105,1.6138,16.475,0.013455,-0.68744,-0.68744,109.37,0.62963,1,0.23276
846,1105,4.7751,41.315,0.0012431,-0.084515,-0.084515,10.859,0.37037,1,0.23276
846,1125,1.7019,8.4151,0.0050645,0.015984,0.015984,0.050454,0.43478,1,0.19828
846,1125,4.7653,41.232,0.0025828,-0.052796,-0.052796,2.5926,0.43478,1,0.19828
846,1145,1.7057,14.879,0.081136,-0.67554,-0.67554,73.651,0.41176,1,0.2931
846,1145,4.7627,40.885,0.0019832,-0.057354,-0.057354,3.4327,0.58824,1,0.2931
846,1165,4.7642,40.527,0.0019622,-0.0528,-0.0528,2.668,0.54054,1,0.31897
846,1165,1.8701,13.171,0.20256,-1.6296,-1.6296,70.453,0.45946,1,0.31897
846,1185,4.7567,43.145,0.0024042,-0.091214,-0.091214,16.605,0.77778,1,0.23276
846,1205,1.5098,17.778,0.0021226,0.043331,0.043331,48.586,0.47368,1,0.32759
846,1205,4.7437,47.979,0.0016938,-0.16724,-0.16724,59.508,0.52632,1,0.32759
846,1225,1.5138,17.019,0.0026378,0.02364,0.02364,18.862,0.63793,1,0.5
846,1225,4.7392,46.404,0.0020422,-0.22513,-0.22513,76.462,0.36207,1,0.5
846,1245,1.5099,17.795,0.0026092,0.11624,0.11624,26.474,0.65517,1,0.5
846,1245,4.7459,42.974,0.002047,-0.11143,-0.11143,22.199,0.34483,1,0.5
846,1265,1.503,19.351,0.0031077,0.1382,0.1382,30.956,0.63793,1,0.5
846,1265,4.7494,42.727,0.0010446,0.034177,0.034177,1.2999,0.36207,1,0.5
846,1285,1.5099,21.061,0.0019583,-0.0019604,-0.0019604,0.0019627,0.70213,1,0.40517
846,1285,4.7444,42.449,0.0012286,0.041453,0.041453,1.5865,0.21277,1,0.40517
846,1305,1.512,21.058,0.0020862,-0.0020861,-0.0020861,0.0020863,0.84211,1,0.32759
846,1325,1.5353,14.877,0.0018407,-0.021072,-0.021072,31.733,0.95745,1,0.40517
846,1345,1.5485,11.843,0.0013453,-0.0082134,-0.0082134,1.0998,0.89189,1,0.31897
846,1365,1.5753,19.403,0.0019359,-0.18954,-0.18954,76.74,0.97826,1,0.39655
846,1385,1.57,17.387,0.0026153,-0.086741,-0.086741,56.588,0.95652,1,0.39655
846,1405,1.5697,16.452,0.002138,-0.078645,-0.078645,56.719,0.91667,1,0.31034
846,1425,1.5501,12.51,0.0016237,-0.00081362,-0.00081362,0.00040772,0.85714,1,0.30172
846,1445,1.5582,12.506,0.00099096,-0.0004965,-0.0004965,0.00024877,0.625,1,0.13793
846,1465,4.7144,44.438,2.822,-12.602,-12.602,88.245,0.48681,1,0.21552
846,1465,1.6126,17.118,0.013922,0.60505,0.60505,52.817,0.51319,1,0.21552
846,1485,1.57,14.78,0.0091956,0.097696,0.097696,24.658,0.59586,1,0.44828
846,1485,3.4014,43.847,2.3911,9.9667,9.9667,64.429,0.40414,1,0.44828
846,1505,1.5562,14.958,0.010335,0.018183,0.018183,23.723,0.58485,1,0.4569
846,1505,3.5586,43.959,2.6585,7.4675,7.4675,41.69,0.41515,1,0.4569
846,1525,1.8936,23.056,1.0084,7.433,7.433,172.47,1,1,0.36207
846,1545,1.5055,14.718,0.0043338,-0.30537,-0.30537,29.812,0.66667,1,0.10345
846,1565,4.785,41.718,0.0052787,-0.020463,-0.020463,0.079327,0.5,1,0.034483
846,1585,0.18658,9.1005,0.1228,-0.4677,-0.4677,2.5232,0.91667,1,0.10345
846,1605,0.065675,9.3404,0.073123,-0.013136,-0.013136,0.53508,0.94444,1,0.31034
846,1625,0.033767,9.2558,0.059156,0.021777,0.021777,0.59185,0.97368,1,0.32759
846,1645,0.017993,9.1551,0.077354,0.034769,0.034769,0.46166,0.91429,1,0.30172
846,1665,6.2417,9.0717,0.075586,0.058937,0.058937,0.59269,0.83333,1,0.10345
846,1905,3.5116,31.994,2.5624,8.9521,8.9521,36.215,1,1,0.2069
846,1925,3.3347,31.078,2.6598,10.275,10.275,41.977,1,1,0.2931
846,1945,2.8002,29.234,2.83,11.48,11.48,48.007,1,1,0.27586
846,1965,2.6123,28.585,2.8086,11.503,11.503,50.423,1,1,0.18966
866,25,4.6036,9.4059,0.00017064,0.017482,0.017482,1.7925,0.76923,1,0.11207
866,45,4.6413,9.6843,0.0026985,-0.0067431,-0.0067431,6.1507,0.89474,1,0.32759
866,65,4.6099,10.046,0.00022984,0.0235,0.0235,2.4037,0.84211,1,0.32759
866,65,1.6183,11.524,0.0022539,-0.046347,-0.046347,0.95305,0.052632,1,0.32759
866,85,4.6548,10.135,0.0020155,-0.015464,-0.015464,8.0322,0.91667,1,0.31034
866,105,4.667,10.847,0.0021289,-0.0029921,-0.0029921,3.5783,0.73333,1,0.38793
866,105,1.523,8.2944,0.012602,-0.031327,-0.031327,0.11182,0.22222,1,0.38793
866,125,4.6887,10.99,0.0010494,-0.05214,-0.05214,5.9027,0.61818,1,0.47414
866,125,1.4095,13.037,0.0081916,-0.021729,-0.021729,1.3487,0.36364,1,0.47414
866,145,1.4336,13.228,0.011244,-0.08627,-0.08627,1.9034,0.28947,1,0.32759
866,145,4.7476,9.4291,0.0065076,-0.092639,-0.092639,5.1307,0.65789,1,0.32759
866,165,4.805,8.3154,0.011615,0.034793,0.034793,0.11427,0.48936,1,0.40517
866,165,1.4307,12.969,0.011434,-0.091764,-0.091764,2.7138,0.44681,1,0.40517
866,185,4.8092,8.3067,0.012992,0.041121,0.041121,0.13016,0.91489,1,0.40517
866,205,4.764,8.179,0.013782,0.042839,0.042839,0.14069,0.91429,1,0.30172
866,225,1.6006,33.53,0.00088893,0.00088923,0.00088923,0.00088953,0.071429,1,0.24138
866,225,4.7826,8.2645,0.021656,0.06564,0.06564,0.21761,0.42857,1,0.24138
866,245,1.5536,15.026,0.014723,0.28337,0.28337,88.465,0.68421,1,0.16379
866,265,4.7097,9.1064,0.013711,-0.068655,-0.068655,1.6226,0.63158,1,0.32759
866,265,1.6281,12.94,0.0033823,-0.015377,-0.015377,0.12412,0.26316,1,0.32759
866,285,4.7014,9.0348,0.013277,-0.062197,-0.062197,1.4335,0.91892,1,0.31897
866,305,4.7279,8.3929,0.0077459,-0.049587,-0.049587,1.784,0.93617,1,0.40517
866,325,4.7058,8.0216,0.0094341,-0.056655,-0.056655,2.0776,0.51843,1,0.23276
866,325,1.895,14.409,0.62048,-1.8108,-1.8108,61.759,0.48157,1,0.23276
866,345,4.6339,7.7765,0.011977,-0.041014,-0.041014,1.9964,0.94595,1,0.31897
866,365,4.5362,7.717,0.013548,0.045445,0.045445,2.2506,0.69444,1,0.31034
866,385,4.5583,8.0817,0.010324,0.020354,0.020354,1.324,0.6206,1,0.5
866,385,2.2504,11.612,0.67128,-3.123,-3.123,19.925,0.36216,1,0.5
866,405,3.0324,13.01,1.79,-0.85636,-0.85636,3.744,0.59274,1,0.33621
866,405,4.541,7.8975,0.0074729,0.050821,0.050821,1.0402,0.38162,1,0.33621
866,425,4.7556,9.8808,0.033976,-0.19873,-0.19873,7.0278,0.36842,1,0.16379
866,425,2.0658,13.261,0.1408,-0.80179,-0.80179,7.2772,0.57895,1,0.16379
866,445,5.0994,5.5262,0.0085768,-0.16388,-0.16388,3.1313,0.76471,1,0.14655
866,465,4.7618,8.2035,0.010459,-0.0043016,-0.0043016,0.022943,0.72222,1,0.15517
866,485,4.596,9.9125,0.040002,-0.45032,-0.45032,8.2042,0.85714,1,0.24138
866,485,1.7327,13.211,0.021223,-0.057623,-0.057623,1.888,0.10714,1,0.24138
866,505,4.1984,10.335,0.82118,-1.7057,-1.7057,15.975,0.94872,1,0.33621
866,505,1.789,12.021,0.018233,-0.0027769,-0.0027769,0.00042292,0.051282,1,0.33621
866,525,4.5717,8.7831,0.024911,-0.0009899,-0.0009899,1.6906,0.58714,1,0.42241
866,525,2.3772,13.573,1.0979,3.3411,3.3411,65.483,0.41286,1,0.42241
866,545,4.3274,8.7426,0.32232,-0.087893,-0.087893,1.6064,0.62163,1,0.31897
866,545,1.7639,16.293,0.054967,0.69133,0.69133,42.599,0.35135,1,0.31897
866,565,1.7516,15.49,0.045487,0.39326,0.39326,25.959,0.48,1,0.43103
866,565,4.6098,8.1525,0.0083311,-0.010908,-0.010908,3.1226,0.46,1,0.43103
866,585,1.7309,15.301,0.046688,0.50738,0.50738,37.044,0.87179,1,0.33621
866,605,1.6014,14.429,0.03699,0.055088,0.055088,55.381,0.78571,1,0.24138
866,625,4.7643,9.0113,0.0049727,0.083843,0.083843,2.1581,0.77778,1,0.15517
866,645,4.798,9.9934,0.0066263,0.071022,0.071022,2.5809,0.89474,1,0.32759
866,665,1.6478,11.244,0.011867,-0.19349,-0.19349,3.1549,0.06,1,0.43103
866,665,4.8173,10.226,0.0045662,0.069488,0.069488,2.5854,0.88,1,0.43103
866,685,4.8143,10.64,0.0034965,0.030916,0.030916,1.932,0.60526,1,0.32759
866,685,1.6762,12.605,0.0049313,0.0049284,0.0049284,0.0049256,0.31579,1,0.32759
866,705,4.8053,10.898,0.0026286,-0.0050834,-0.0050834,1.0051,0.60526,1,0.32759
866,725,1.6535,12.66,0.0038088,-0.0025512,-0.0025512,0.02362,0.33333,1,0.33621
866,745,4.9967,7.626,0.040735,-0.54466,-0.54466,8.0014,0.80952,1,0.36207
866,765,5.1092,5.541,0.023597,-0.18237,-0.18237,1.9997,0.73529,1,0.2931
866,785,5.2055,33.063,0.032928,-0.7997,-0.7997,88.959,0.4151,1,0.4569
866,785,4.8152,8.4619,0.014257,0.029466,0.029466,0.092431,0.43395,1,0.4569
866,805,4.7686,8.337,0.017292,0.036767,0.036767,0.12438,0.36138,1,0.71552
866,805,1.5539,12.083,0.0027038,-0.16763,-0.16763,26.265,0.21687,1,0.71552
866,805,5.1686,33.194,0.047266,-0.58239,-0.58239,84.633,0.42176,1,0.71552
866,825,1.5494,12.462,0.0020902,-0.17085,-0.17085,24.55,0.32927,1,0.7069
866,825,4.774,8.4175,0.013978,0.026672,0.026672,0.094888,0.26829,1,0.7069
866,825,5.2574,30.186,0.052806,-2.3414,-2.3414,117.14,0.40244,1,0.7069
866,845,1.5461,12.82,0.0017218,-0.16673,-0.16673,27.59,0.49333,1,0.64655
866,845,5.5171,17.49,0.0046969,-0.022289,-0.022289,1.1122,0.29333,1,0.64655
866,865,1.5639,13.179,0.021583,-0.16694,-0.16694,17.26,0.37495,1,0.62069
866,865,5.3947,15.967,0.34084,1.5988,1.5988,51.901,0.62505,1,0.62069
866,885,4.7512,32.238,0.31707,3.7174,3.7174,259.51,0.26196,1,0.55172
866,885,1.5494,14.401,0.0014091,-0.12535,-0.12535,25.821,0.28125,1,0.55172
866,885,5.4656,18.311,0.020515,-0.2596,-0.2596,3.7892,0.45679,1,0.55172
866,905,5.7446,16.444,2.3088,-0.5294,-0.5294,27.374,0.46547,1,0.53448
866,905,0.33299,38.297,2.7538,-4.2914,-4.2914,37.555,0.53453,1,0.53448
866,925,6.1581,31.439,7.04,22.956,22.956,107.03,0.74,1,0.43103
866,925,5.8881,10.433,0.00044006,0.0102,0.0102,0.23646,0.26,1,0.43103
866,945,6.2405,29.205,0.01197,0.089796,0.089796,25.661,0.38132,1,0.33621
866,945,2.0393,10.88,4.8581,10.824,10.824,31.807,0.59304,1,0.33621
866,965,0.98985,9.85,1.3354,2.7704,2.7704,21.628,0.63481,1,0.5431
866,965,6.1238,29.71,0.019357,-0.26291,-0.26291,16.191,0.36519,1,0.5431
866,985,6.0871,28.844,0.024132,-0.79863,-0.79863,58.035,0.46388,1,0.5
866,985,2.7153,21.07,2.5215,25.469,25.469,292.91,0.53612,1,0.5
866,1005,4.7519,44.701,0.0017561,-0.19829,-0.19829,24.414,0.5,1,0.36207
866,1005,1.3787,7.6692,0.0053046,-0.011659,-0.011659,2.5836,0.2381,1,0.36207
866,1025,4.7354,47.089,0.00090558,-0.096946,-0.096946,11.785,0.92308,1,0.11207
866,1045,4.7769,40.963,0.0010779,-0.091404,-0.091404,11.978,0.63636,1,0.28448
866,1045,1.7733,8.4772,0.013387,-0.00022088,-0.00022088,0.053716,0.30303,1,0.28448
866,1065,4.7716,41.033,0.0011818,-0.071143,-0.071143,9.4767,0.57407,1,0.46552
866,1065,1.7124,8.4437,0.01501,0.025598,0.025598,0.12508,0.37037,1,0.46552
866,1085,1.6857,8.6539,0.013683,0.010012,0.010012,2.455,0.47692,1,0.56034
866,1085,4.7705,41.391,0.0019885,-0.11052,-0.11052,11.309,0.47692,1,0.56034
866,1105,4.7969,41.289,0.0024832,-0.057506,-0.057506,7.9496,0.5,1,0.55172
866,1125,1.7136,8.9313,0.03488,0.04055,0.04055,3.5109,0.55556,1,0.62069
866,1125,4.7959,41.148,0.0025794,-0.0046162,-0.0046162,2.0393,0.41667,1,0.62069
866,1145,1.8278,10.459,0.14007,-0.6212,-0.6212,43.572,0.49231,1,0.56034
866,1145,4.7703,40.623,0.0020579,-0.048273,-0.048273,3.0215,0.50769,1,0.56034
866,1165,1.9385,11.195,0.21996,-1.2431,-1.2431,54.091,0.51515,1,0.56897
866,1165,4.7693,40.686,0.0019397,-0.046606,-0.046606,2.5885,0.48485,1,0.56897
866,1185,4.759,42.335,0.0020552,-0.09232,-0.09232,17.146,0.66667,1,0.56897
866,1185,1.846,8.0521,0.17718,0.0048819,0.0048819,4.0408,0.30303,1,0.56897
866,1205,1.5932,13.046,0.013985,-0.52192,-0.52192,60.493,0.42857,1,0.48276
866,1205,4.742,46.152,0.0013904,-0.12866,-0.12866,51.923,0.57143,1,0.48276
866,1225,1.5195,16.634,0.0017608,-0.010351,-0.010351,20.793,0.52174,1,0.59483
866,1225,4.7427,46.361,0.001653,-0.1384,-0.1384,63.425,0.47826,1,0.59483
866,1245,1.5173,18.181,0.0025799,0.03567,0.03567,22.49,0.5974,1,0.66379
866,1245,4.7482,44.433,0.0016355,-0.071734,-0.071734,31.192,0.4026,1,0.66379
866,1265,1.5202,19.177,0.0026219,-0.013584,-0.013584,23.553,0.51429,1,0.60345
866,1285,1.5157,20.611,0.0027877,-0.0009897,-0.0009897,12.269,0.62069,1,0.5
866,1285,4.7442,42.643,0.0011121,0.039279,0.039279,1.7725,0.37931,1,0.5
866,1305,1.5194,18.642,0.0025098,-0.039264,-0.039264,19.499,0.95833,1,0.41379
866,1325,1.4952,14.439,0.012757,0.58986,0.58986,95.137,0.96,1,0.43103
866,1345,1.5462,12.775,0.0042234,0.13265,0.13265,31.812,0.84746,1,0.50862
866,1365,1.5204,14.471,0.011013,0.24999,0.24999,58.117,0.97826,1,0.39655
866,1385,1.5715,20.358,0.0024108,-0.035645,-0.035645,124.36,0.94737,1,0.32759
866,1405,1.5443,12.513,0.0018888,-0.0009469,-0.0009469,0.00047472,0.89583,1,0.41379
866,1425,1.5462,12.512,0.0013093,-0.00065581,-0.00065581,0.00032849,0.86486,1,0.31897
866,1425,4.7818,42.865,0.00045156,0.027979,0.027979,1.7335,0.054054,1,0.31897
866,1445,1.5525,19.36,0.0025313,0.41015,0.41015,183.05,0.9375,1,0.13793
866,1465,4.1632,44.962,0.40913,1.4356,1.4356,18.944,0.44561,1,0.23276
866,1465,1.6063,36.906,0.42502,3.2646,3.2646,99.172,0.55439,1,0.23276
866,1485,2.7418,35.397,2.092,14.558,14.558,184.21,1,1,0.37931
866,1505,1.4744,10.825,0.015779,0.52524,0.52524,42.493,0.39238,1,0.48276
866,1505,3.3412,42.602,2.8146,9.4811,9.4811,51.667,0.60762,1,0.48276
866,1525,1.4621,10.65,0.014286,0.44508,0.44508,42.041,0.5216,1,0.39655
866,1525,3.108,41.494,3.1424,9.277,9.277,42.531,0.4784,1,0.39655
866,1565,1.4746,7.0615,0.010757,0.14295,0.14295,10.988,0.86667,1,0.12931
866,1585,1.4352,4.3009,0.00059969,0.0060543,0.0060543,0.077901,0.30769,1,0.11207
866,1585,4.9818,6.374,0.012199,-0.066557,-0.066557,0.56191,0.38462,1,0.11207
866,1605,0.14686,9.4968,0.8928,-0.60899,-0.60899,8.1362,0.90323,1,0.26724
866,1605,4.7365,43.774,0.00057985,-0.0536,-0.0536,4.9547,0.064516,1,0.26724
866,1625,0.37721,9.0121,0.48557,0.10721,0.10721,5.3518,1,1,0.26724
866,1645,0.18972,8.107,0.45743,0.96955,0.96955,8.8747,0.92593,1,0.23276
866,1665,0.7525,8.4741,0.18361,0.76013,0.76013,3.1468,0.14286,1,0.12069
866,1685,1.6591,8.5437,0.012098,0.006663,0.006663,0.065287,0.71429,1,0.12069
866,1725,1.6061,6.0064,0.010922,-0.036122,-0.036122,12.79,0.86667,1,0.12931
866,1745,1.5725,6.6437,0.016626,-0.38454,-0.38454,17.68,0.83335,1,0.10345
866,1745,1.6835,5.3999,0.0018063,-0.040266,-0.040266,0.89762,0.16665,1,0.10345
866,1765,1.5632,8.4931,0.0070316,-0.16332,-0.16332,6.8725,0.91667,1,0.10345
866,1905,2.8498,29.318,2.1869,8.5461,8.5461,37.503,1,1,0.18103
866,1925,2.6993,28.642,2.0238,7.2927,7.2927,27.744,1,1,0.27586
866,1945,3.1673,30.871,2.8014,10.452,10.452,41.013,1,1,0.27586
866,1965,3.4088,31.918,3.1042,11.438,11.438,45.505,1,1,0.18103
886,25,1.7244,8.5957,0.027251,-0.16456,-0.16456,1.4981,0.52381,1,0.18103
886,45,1.577,8.7435,0.036736,0.14905,0.14905,1.2748,0.30233,1,0.37069
886,65,1.513,8.308,0.010013,-0.024501,-0.024501,0.10162,0.16667,1,0.2069
886,85,1.5081,8.3272,0.013116,-0.032315,-0.032315,0.11339,0.40541,1,0.31897
886,105,1.477,11.448,0.015642,0.056716,0.056716,32.49,0.73684,1,0.32759
886,125,1.4861,10.336,0.014246,-0.18209,-0.18209,8.1267,0.75556,1,0.38793
886,125,4.6796,11.44,0.0011294,-0.047548,-0.047548,4.2495,0.22222,1,0.38793
886,145,1.4138,12.905,0.009959,-0.055637,-0.055637,2.1579,0.94444,1,0.31034
886,165,1.4205,12.567,0.013369,-0.1331,-0.1331,3.8553,0.37143,1,0.30172
886,185,1.4249,12.68,0.0097198,-0.082904,-0.082904,2.8754,0.36364,1,0.28448
886,205,1.6051,12.124,0.017092,-0.0027904,-0.0027904,2.4214,0.41509,1,0.4569
886,225,1.6258,11.336,0.019536,0.2164,0.2164,4.346,0.61111,1,0.31034
886,225,1.6006,33.53,0.00088893,0.00088923,0.00088923,0.00088953,0.055556,1,0.31034
886,245,1.6252,11.979,0.014221,0.12821,0.12821,3.0092,0.89189,1,0.31897
886,265,1.5882,11.662,0.012791,0.17542,0.17542,4.6081,0.625,1,0.27586
886,285,1.637,12.857,0.0050648,-0.011227,-0.011227,0.10807,0.39216,1,0.43966
886,305,4.7664,8.3092,0.0037076,-0.013047,-0.013047,0.045915,0.625,1,0.27586
886,305,1.9623,11.254,0.78443,-1.2942,-1.2942,7.3653,0.3125,1,0.27586
886,325,4.7025,7.8437,0.0085455,-0.012431,-0.012431,1.3704,0.71393,1,0.36207
886,325,1.9663,11.249,0.79398,-1.3061,-1.3061,7.3755,0.23845,1,0.36207
886,345,4.6381,7.0965,0.0031879,0.0042082,0.0042082,0.51547,0.29217,1,0.2931
886,345,1.9005,11.592,3.1536,-9.5819,-9.5819,35.754,0.67842,1,0.2931
886,365,1.5502,12.687,0.004498,-0.0019497,-0.0019497,0.025635,0.26059,1,0.39655
886,365,4.0744,7.5091,0.89753,-1.1102,-1.1102,8.3648,0.69593,1,0.39655
886,385,1.5869,12.687,0.006248,-0.0030425,-0.0030425,0.026919,0.35159,1,0.46552
886,385,3.9029,8.0517,0.99467,0.12926,0.12926,13.124,0.62989,1,0.46552
886,405,4.4985,9.3537,0.81107,0.54754,0.54754,9.0902,0.51591,1,0.39655
886,405,1.8846,12.358,0.14606,-0.42901,-0.42901,5.3791,0.44062,1,0.39655
886,425,4.3268,10.34,1.9246,-1.7409,-1.7409,11.823,0.94444,1,0.31034
886,445,4.8122,7.4172,0.058823,-0.38181,-0.38181,3.2472,0.85714,1,0.30172
886,465,4.7359,8.377,0.071891,-0.66664,-0.66664,8.3846,0.90909,1,0.37931
886,485,4.621,9.4743,0.027148,-0.27389,-0.27389,5.4425,0.93023,1,0.37069
886,505,4.596,9.5717,0.022472,-0.24969,-0.24969,5.3596,0.70909,1,0.47414
886,505,1.7866,12.522,0.09335,0.11497,0.11497,28.879,0.27273,1,0.47414
886,525,2.0273,11.825,0.31753,-0.50696,-0.50696,24.808,0.64449,1,0.38793
886,525,4.5915,9.4301,0.041659,-0.052579,-0.052579,2.3302,0.35551,1,0.38793
886,545,1.8027,12.117,0.11544,0.091337,0.091337,22.432,0.69444,1,0.31034
886,545,4.5773,8.5208,0.0079426,-0.037404,-0.037404,1.9592,0.27778,1,0.31034
886,565,1.7463,14.079,0.046505,0.77102,0.77102,18.721,0.91892,1,0.31897
886,585,1.6479,13.221,0.046252,0.22422,0.22422,24.512,0.94286,1,0.30172
886,605,1.5894,11.843,0.066619,-0.46625,-0.46625,39.337,0.9697,1,0.28448
886,625,4.7514,45.681,0.00098805,0.024946,0.024946,18.927,0.2619,1,0.36207
886,625,1.529,12.508,0.03258,-0.17123,-0.17123,46.339,0.2619,1,0.36207
886,625,4.7161,9.208,0.012166,0.1025,0.1025,2.1773,0.47619,1,0.36207
886,645,4.7583,9.6741,0.011145,0.083595,0.083595,2.5528,0.63492,1,0.5431
886,645,4.7535,44.206,0.0022431,0.096776,0.096776,20.521,0.34921,1,0.5431
886,665,4.7526,10.002,0.011994,0.095067,0.095067,2.3317,0.64516,1,0.53448
886,665,4.7598,41.65,0.0027305,0.21545,0.21545,43.74,0.35484,1,0.53448
886,685,4.7757,10.025,0.010173,0.096522,0.096522,2.6113,0.56338,1,0.61207
886,685,4.7624,41.362,0.0016846,0.080794,0.080794,44.274,0.29578,1,0.61207
886,705,4.7585,42.812,0.0011605,-0.045061,-0.045061,15.401,0.42308,1,0.44828
886,705,4.7966,10.436,0.004213,0.050525,0.050525,2.3809,0.19231,1,0.44828
886,725,1.6666,12.596,0.0032964,0.0032966,0.0032966,0.0032969,0.32258,1,0.53448
886,725,4.7433,43.572,0.00051724,-0.063937,-0.063937,15.225,0.33871,1,0.53448
886,725,4.9037,8.7906,0.030604,-0.43385,-0.43385,6.9547,0.32258,1,0.53448
886,745,5.0954,5.7589,0.023853,-0.21286,-0.21286,2.5601,0.46875,1,0.55172
886,745,1.6146,10.52,0.0069835,0.055589,0.055589,10.993,0.35938,1,0.55172
886,745,4.7359,44.587,0.00045529,-0.08445,-0.08445,19.587,0.15625,1,0.55172
886,765,4.9724,6.8836,0.033333,-0.29021,-0.29021,3.587,0.6383,1,0.40517
886,765,1.5613,8.7391,0.00025231,-0.0083888,-0.0083888,0.33261,0.10638,1,0.40517
886,785,4.8667,7.4428,0.038387,-0.24038,-0.24038,2.6686,0.46154,1,0.56034
886,785,5.1838,33.071,0.03662,-0.83954,-0.83954,42.692,0.33846,1,0.56034
886,785,1.5663,10.281,0.0016199,-0.026917,-0.026917,3.9949,0.18462,1,0.56034
886,805,4.7842,8.3896,0.016409,0.033316,0.033316,0.098624,0.44776,1,0.57759
886,805,5.1785,33.583,0.041556,-0.99599,-0.99599,49.666,0.35821,1,0.57759
886,805,1.5316,12.751,0.0029943,-0.12462,-0.12462,11.229,0.19403,1,0.57759
886,825,1.5463,12.052,0.0018708,-0.16525,-0.16525,21.91,0.50769,1,0.56034
886,825,5.1075,38.332,0.021572,-0.51407,-0.51407,25.484,0.33846,1,0.56034
886,845,1.5728,11.414,0.016597,-0.15135,-0.15135,9.5758,0.58667,1,0.64655
886,845,5.2194,31.716,0.058874,-2.4047,-2.4047,117.28,0.41333,1,0.64655
886,865,1.6045,12.195,0.024864,-0.23884,-0.23884,13.042,0.67164,1,0.57759
886,885,5.5583,17.202,0.0064966,-0.010104,-0.010104,0.015714,0.2,1,0.43103
886,885,1.6113,11.442,0.053665,-0.25073,-0.25073,2.5502,0.27995,1,0.43103
886,885,4.5529,38.048,0.74465,1.1812,1.1812,154.62,0.52005,1,0.43103
886,905,5.5129,29.187,1.6229,-9.6855,-9.6855,233.93,1,1,0.50862
886,925,6.0909,24.417,0.039553,2.2057,2.2057,153.35,0.59091,1,0.37931
886,925,1.6799,10.092,0.030324,-0.063728,-0.063728,11.329,0.34091,1,0.37931
886,945,0.54887,14.885,1.52,-3.1755,-3.1755,122.9,1,1,0.33621
886,965,1.3704,8.8455,0.86074,2.3565,2.3565,16.946,0.60839,1,0.59483
886,965,6.1334,31.354,0.028364,0.030249,0.030249,16.549,0.36262,1,0.59483
886,985,1.3374,8.0161,0.32896,1.2348,1.2348,11.784,0.46088,1,0.61207
886,985,5.6575,34.818,0.48288,-5.0236,-5.0236,97.726,0.53912,1,0.61207
886,1005,1.4074,7.0247,0.014759,-0.080508,-0.080508,2.1391,0.46875,1,0.55172
886,1005,4.756,44.265,0.0017706,-0.19935,-0.19935,23.802,0.51562,1,0.55172
886,1025,4.7514,45.427,0.001656,-0.18807,-0.18807,26.17,0.44444,1,0.46552
886,1025,1.6551,7.6891,0.067153,-0.087267,-0.087267,2.255,0.55556,1,0.46552
886,1045,1.7503,8.4819,0.012492,0.00065962,0.00065962,0.053364,0.56604,1,0.4569
886,1045,4.7814,41.014,0.00085311,-0.07471,-0.07471,19.424,0.43396,1,0.4569
886,1065,1.7235,8.426,0.01227,0.0072887,0.0072887,0.067568,0.47619,1,0.5431
886,1065,4.7865,40.001,0.00077523,-0.020452,-0.020452,6.0389,0.52381,1,0.5431
886,1085,1.7161,8.4379,0.012899,0.017962,0.017962,0.088232,0.53333,1,0.64655
886,1085,4.8027,41.224,0.0022292,-0.082937,-0.082937,15.583,0.45333,1,0.64655
886,1105,4.8198,41.573,0.0022546,-0.020638,-0.020638,4.6189,0.48529,1,0.58621
886,1105,1.6921,8.3842,0.012436,0.039392,0.039392,0.12478,0.47059,1,0.58621
886,1125,1.7049,8.4236,0.010479,0.027684,0.027684,0.093314,0.40351,1,0.49138
886,1145,4.8108,41.082,0.0023666,0.020469,0.020469,2.2205,0.35385,1,0.56034
886,1145,1.8964,8.8969,0.18104,-0.32731,-0.32731,8.571,0.6,1,0.56034
886,1165,1.9058,8.5153,0.44331,-0.37101,-0.37101,9.4483,0.64865,1,0.63793
886,1165,4.7902,40.291,0.0023832,-0.060756,-0.060756,3.0445,0.31081,1,0.63793
886,1185,1.799,7.5705,0.12745,-0.096959,-0.096959,8.3394,0.45679,1,0.69828
886,1185,4.77,41.689,0.0019737,-0.078596,-0.078596,29.604,0.53086,1,0.69828
886,1205,1.6231,9.7907,0.018709,-0.32427,-0.32427,31.636,0.52113,1,0.61207
886,1205,4.7387,44.05,0.00092549,-0.06273,-0.06273,52.022,0.46479,1,0.61207
886,1225,1.5907,13.182,0.012933,-0.24946,-0.24946,64.924,0.62921,1,0.76724
886,1225,4.7243,45.995,0.0014431,-0.060836,-0.060836,56.838,0.37079,1,0.76724
886,1245,1.5259,16.101,0.0010386,-0.016191,-0.016191,21.566,0.50769,1,0.56034
886,1245,4.7385,45.234,0.0018611,-0.046333,-0.046333,43.229,0.49231,1,0.56034
886,1265,1.5249,18.1,0.0019179,-0.019917,-0.019917,29.991,0.5,1,0.56897
886,1265,4.7522,42.874,0.0015008,0.044484,0.044484,1.4022,0.4697,1,0.56897
886,1285,1.5959,18.48,0.027676,-0.36793,-0.36793,85.031,0.52632,1,0.49138
886,1285,4.7491,42.857,0.0015159,0.046191,0.046191,1.7745,0.36842,1,0.49138
886,1305,1.4532,12.203,0.033535,0.59667,0.59667,64.328,0.82857,1,0.30172
886,1305,3.8445,11.17,0.02235,-0.058814,-0.058814,0.15477,0.057143,1,0.30172
886,1325,1.4046,7.4257,0.042925,0.25512,0.25512,25.238,0.95918,1,0.42241
886,1345,1.4194,7.9523,0.035344,0.24179,0.24179,23.818,0.96296,1,0.46552
886,1365,1.4384,11.542,0.041493,0.62887,0.62887,81.8,1,1,0.35345
886,1385,1.4895,10.124,0.018031,0.18854,0.18854,8.5566,0.94118,1,0.43966
886,1405,1.5568,10.588,0.01074,-0.10453,-0.10453,9.1136,0.93023,1,0.37069
886,1425,1.5414,12.514,0.0015996,-0.00080126,-0.00080126,0.00040137,0.64,1,0.43103
886,1425,4.6197,11.757,0.005108,0.17308,0.17308,7.1471,0.18,1,0.43103
886,1445,1.557,9.2568,0.00071647,-0.045315,-0.045315,16.662,0.58065,1,0.26724
886,1445,4.6565,12.575,0.0044602,-0.0053812,-0.0053812,0.072896,0.32258,1,0.26724
886,1465,3.4841,9.7666,2.1984,5.572,5.572,15.173,0.41024,1,0.33621
886,1465,2.8186,41.702,2.0989,7.4293,7.4293,47.219,0.58976,1,0.33621
886,1485,2.2277,37.035,5.2676,26.688,26.688,173.94,0.60206,1,0.50862
886,1485,3.8025,44.476,0.10438,0.15944,0.15944,0.32296,0.059171,1,0.50862
886,1485,1.4632,5.727,0.013006,-0.0075079,-0.0075079,2.6525,0.33877,1,0.50862
886,1505,0.12058,22.793,3.5325,-26.736,-26.736,366.89,1,1,0.58621
886,1525,1.3608,4.8523,0.0031853,0.04235,0.04235,1.2953,0.61111,1,0.46552
886,1525,4.7342,46.237,0.00047556,0.0051631,0.0051631,0.056055,0.037037,1,0.46552
886,1545,1.3617,5.1103,0.0032569,0.089143,0.089143,2.8495,0.86364,1,0.37931
886,1565,1.4153,5.1029,0.0096776,0.063048,0.063048,3.4831,0.78788,1,0.28448
886,1565,4.9818,6.374,0.012199,-0.066557,-0.066557,0.56191,0.15152,1,0.28448
886,1585,1.4801,4.8612,0.033716,-0.055388,-0.055388,1.4689,0.58065,1,0.26724
886,1585,5.1662,9.02,0.22516,0.49346,0.49346,11.143,0.3871,1,0.26724
886,1605,5.5678,8.8011,0.46505,0.17764,0.17764,8.1149,0.54498,1,0.31897
886,1605,1.4148,5.8622,0.063763,-0.11858,-0.11858,10.027,0.40097,1,0.31897
886,1625,0.12465,7.5362,0.86842,-1.1531,-1.1531,10.621,0.97368,1,0.32759
886,1645,0.1139,6.8815,1.0887,0.67441,0.67441,8.2122,0.97059,1,0.2931
886,1665,0.39245,6.9949,1.5316,0.9694,0.9694,6.2177,0.95349,1,0.37069
886,1685,1.6342,9.0686,0.031409,-0.049642,-0.049642,1.3062,0.40625,1,0.27586
886,1685,4.8451,7.806,0.52178,-1.0336,-1.0336,2.3302,0.46875,1,0.27586
886,1705,1.6379,6.301,0.013355,0.072105,0.072105,5.153,0.64516,1,0.26724
886,1725,1.6241,5.1077,0.018132,-0.11541,-0.11541,7.1223,0.68571,1,0.30172
886,1745,1.6053,5.9054,0.013209,-0.16842,-0.16842,8.4677,1,1,0.2931
886,1765,1.5872,7.0075,0.014298,-0.23459,-0.23459,9.7879,0.96774,1,0.26724
886,1785,1.6592,7.4527,0.018588,-0.052266,-0.052266,6.8388,0.90476,1,0.18103
886,1805,1.6983,7.6213,0.025796,0.14564,0.14564,4.4798,1,1,0.086207
886,1825,1.6332,6.4894,0.046835,-0.41304,-0.41304,9.3624,0.90909,1,0.094828
886,1885,1.8425,3.6248,0.16407,-0.30093,-0.30093,0.96761,0.93333,1,0.12931
886,1905,2.0569,14.024,0.78837,6.7182,6.7182,152.44,1,1,0.2069
886,1925,0.39496,20.459,11.747,42.367,42.367,160.2,1,1,0.26724
886,1945,3.3178,31.488,3.3316,12.162,12.162,46.678,1,1,0.18103
886,1965,3.9823,33.973,4.0826,14.985,14.985,58.826,1,1,0.086207
906,25,1.6437,8.674,0.044603,-0.035453,-0.035453,1.7147,1,1,0.27586
906,45,1.6558,8.7066,0.035211,-0.01132,-0.01132,1.699,0.73684,1,0.32759
906,65,1.593,9.1411,0.035149,0.16153,0.16153,1.4837,0.67742,1,0.26724
906,85,1.7279,10.642,0.0019332,0.002928,0.002928,0.0044349,0.25,1,0.10345
906,85,1.5488,9.0998,0.020725,0.088966,0.088966,2.193,0.75,1,0.10345
906,105,1.5394,9.6727,0.0095195,-0.061891,-0.061891,5.8251,1,1,0.34483
906,125,1.4895,11.199,0.013562,-0.17331,-0.17331,7.6118,1,1,0.27586
906,145,1.5129,11.089,0.0096077,-0.09661,-0.09661,6.8297,1,1,0.16379
906,165,1.4711,12.116,0.014783,-0.11846,-0.11846,3.4524,1,1,0.16379
906,185,1.5304,12.307,0.0090803,-0.032677,-0.032677,2.0527,0.65517,1,0.25
906,205,1.553,11.765,0.0080999,-0.033329,-0.033329,3.0604,0.74359,1,0.33621
906,225,1.6409,12.272,0.013592,0.011122,0.011122,1.6148,0.95,1,0.34483
906,245,1.569,10.733,0.020373,0.21469,0.21469,5.0412,0.93333,1,0.25862
906,265,1.6384,12.897,0.0056051,-0.014205,-0.014205,0.12534,0.91892,1,0.31897
906,285,1.6466,12.789,0.0064411,-0.0023435,-0.0023435,0.075843,0.5,1,0.24138
906,305,1.6465,12.741,0.0065436,-0.0037359,-0.0037359,0.071438,0.42857,1,0.24138
906,325,2.2842,10.331,1.4151,-1.7044,-1.7044,7.2832,1,1,0.19828
906,345,1.8673,11.34,0.58848,-0.2159,-0.2159,3.3678,0.4723,1,0.31034
906,345,4.48,6.3029,0.20802,0.38501,0.38501,2.6326,0.5277,1,0.31034
906,365,1.5956,12.704,0.0045843,-0.0060705,-0.0060705,0.044485,0.55556,1,0.38793
906,365,3.5373,3.9595,0.89816,-0.049735,-0.049735,0.28196,0.35556,1,0.38793
906,385,1.5874,12.674,0.0044421,0.00083185,0.00083185,0.028445,0.35417,1,0.41379
906,385,5.4722,8.42,4.352,-0.096384,-0.096384,0.099423,0.45833,1,0.41379
906,405,4.0297,9.886,1.8993,1.3062,1.3062,8.3347,0.69875,1,0.42241
906,405,1.6864,12.674,0.050515,-0.0052107,-0.0052107,0.027422,0.28084,1,0.42241
906,425,4.5435,12.576,8.0189,0.21207,0.21207,0.0075914,0.2766,1,0.40517
906,425,1.7397,8.3876,1.0903,-0.13544,-0.13544,0.13019,0.32141,1,0.40517
906,425,4.6783,8.4929,0.043475,-0.065748,-0.065748,0.22006,0.40199,1,0.40517
906,445,4.7336,7.5423,0.082228,-0.50615,-0.50615,3.7482,0.62919,1,0.40517
906,445,2.4067,11.364,3.0909,0.83003,0.83003,6.02,0.34953,1,0.40517
906,465,4.607,8.4138,0.015664,-0.02747,-0.02747,0.19582,0.83333,1,0.41379
906,485,4.5664,9.0694,0.01884,-0.20662,-0.20662,4.6452,0.89362,1,0.40517
906,505,4.6018,8.345,0.011476,-0.039133,-0.039133,3.8424,0.57627,1,0.50862
906,505,1.8798,11.17,0.080505,0.15598,0.15598,7.3671,0.23729,1,0.50862
906,505,4.7695,45.524,0.00040774,-0.029512,-0.029512,5.9178,0.18644,1,0.50862
906,525,2.8678,10.407,1.8939,-2.208,-2.208,13.441,0.73333,1,0.64655
906,525,4.7678,46.715,0.00062666,-0.050787,-0.050787,6.8468,0.26667,1,0.64655
906,545,1.8511,13.014,0.076534,-0.080006,-0.080006,20.758,0.6,1,0.47414
906,565,1.7253,13.879,0.072325,0.23172,0.23172,24.736,0.42593,1,0.46552
906,565,4.7866,44.915,0.00045874,-0.032384,-0.032384,2.8921,0.37037,1,0.46552
906,585,1.6417,12.361,0.068539,-0.17326,-0.17326,27.374,0.59649,1,0.49138
906,585,4.7894,45.169,0.00025425,-0.018128,-0.018128,1.3219,0.36842,1,0.49138
906,605,1.5237,10.849,0.065368,-1.1795,-1.1795,30.889,0.52273,1,0.37931
906,625,4.659,8.2078,0.009392,-0.018799,-0.018799,0.23605,0.46875,1,0.55172
906,625,4.724,44.493,0.0040649,0.20072,0.20072,26.709,0.35938,1,0.55172
906,625,1.4812,11.326,0.081641,-1.5545,-1.5545,38.666,0.17188,1,0.55172
906,645,4.661,8.7784,0.014266,0.015663,0.015663,1.2234,0.60241,1,0.71552
906,645,4.7316,43.747,0.0040177,0.18188,0.18188,26.2,0.39759,1,0.71552
906,665,4.6819,8.9668,0.01458,0.047041,0.047041,1.7675,0.63492,1,0.5431
906,665,4.7586,40.949,0.0027843,0.20568,0.20568,43.86,0.36508,1,0.5431
906,685,4.6722,8.9502,0.012202,0.040861,0.040861,1.5169,0.625,1,0.55172
906,685,4.7599,40.716,0.0016696,0.070745,0.070745,40.354,0.375,1,0.55172
906,705,4.7555,42.727,0.0010186,-0.040902,-0.040902,14.85,0.43396,1,0.4569
906,705,4.6582,8.6957,0.0071211,0.008688,0.008688,3.073,0.37736,1,0.4569
906,725,4.7378,44.211,0.00032548,-0.058235,-0.058235,15.116,0.5,1,0.53448
906,725,1.6212,10.423,0.0076997,0.068817,0.068817,12.011,0.32258,1,0.53448
906,745,1.5718,8.8009,0.012461,0.027926,0.027926,9.7868,0.48485,1,0.56897
906,745,4.734,44.618,0.00039134,-0.064364,-0.064364,17.28,0.33333,1,0.56897
906,765,1.5827,8.8511,0.01188,0.044989,0.044989,8.5567,0.70213,1,0.40517
906,765,4.7734,41.981,0.0028338,0.11197,0.11197,13.014,0.06383,1,0.40517
906,765,5.0603,5.6399,0.02668,-0.25508,-0.25508,2.9755,0.21277,1,0.40517
906,785,1.598,9.1666,0.014783,0.13551,0.13551,4.802,0.48438,1,0.55172
906,785,4.9998,26.747,0.044146,0.74901,0.74901,174.53,0.51562,1,0.55172
906,805,5.017,28.836,0.071261,1.2697,1.2697,162.64,0.80769,1,0.44828
906,805,1.5976,10.16,0.011631,0.017685,0.017685,3.6877,0.19231,1,0.44828
906,825,5.0819,36.749,0.043688,-0.51857,-0.51857,22.932,0.59259,1,0.46552
906,825,1.5841,11.304,0.0067252,-0.1562,-0.1562,11.819,0.40741,1,0.46552
906,845,1.6367,10.442,0.014403,-0.096749,-0.096749,9.1746,0.66154,1,0.56034
906,845,5.0258,36.881,0.023094,-0.31129,-0.31129,20.716,0.33846,1,0.56034
906,865,1.651,11.064,0.031699,-0.22241,-0.22241,6.298,0.94286,1,0.30172
906,885,1.756,11.211,0.026347,-0.41364,-0.41364,8.3231,0.34998,1,0.34483
906,885,4.4543,38.181,0.78168,-0.10234,-0.10234,103.62,0.65002,1,0.34483
906,905,4.3119,39.469,0.98632,1.6005,1.6005,75.645,0.55556,1,0.46552
906,905,1.7259,8.5594,0.050584,0.071807,0.071807,0.14382,0.44444,1,0.46552
906,925,1.6893,8.0987,0.033969,0.08237,0.08237,1.498,0.31707,1,0.35345
906,925,0.016216,37.56,0.013087,0.3025,0.3025,11.376,0.12195,1,0.35345
906,925,6.0612,8.4207,0.039053,-0.35929,-0.35929,4.3133,0.4878,1,0.35345
906,945,6.2655,33.057,0.021461,0.26625,0.26625,27.011,0.27586,1,0.25
906,945,1.2175,7.8467,0.59015,0.62736,0.62736,2.3392,0.62069,1,0.25
906,965,1.1586,9.1755,0.92851,2.9215,2.9215,15.202,0.4694,1,0.42241
906,965,6.1956,29.416,0.019086,0.306,0.306,26.006,0.46938,1,0.42241
906,985,1.4177,6.7075,0.016964,-0.091363,-0.091363,1.7143,0.38235,1,0.58621
906,985,6.231,24.121,0.016111,-0.0014581,-0.0014581,118.44,0.42647,1,0.58621
906,1005,1.5301,7.0483,0.065037,-0.12586,-0.12586,2.5183,0.5,1,0.56897
906,1005,4.7614,43.728,0.0014212,-0.14833,-0.14833,17.084,0.48485,1,0.56897
906,1025,1.6933,7.3547,0.064799,-0.10543,-0.10543,2.3883,0.6,1,0.47414
906,1025,4.7649,43.54,0.0018492,-0.18709,-0.18709,20.598,0.4,1,0.47414
906,1045,1.8369,7.5545,0.079879,-0.34613,-0.34613,3.0656,0.63158,1,0.49138
906,1045,4.7793,40.41,0.00066434,0.021591,0.021591,3.1696,0.19298,1,0.49138
906,1065,1.7535,8.1544,0.016244,-0.044055,-0.044055,1.2642,0.4557,1,0.68103
906,1065,4.7874,39.972,0.00088257,-0.0067415,-0.0067415,4.982,0.27848,1,0.68103
906,1085,1.7703,8.1032,0.020756,-0.015016,-0.015016,1.5431,0.41176,1,0.58621
906,1085,4.8305,41.368,0.001308,0.027076,0.027076,3.8107,0.44118,1,0.58621
906,1105,1.7866,8.0663,0.022138,0.006396,0.006396,3.5597,0.35417,1,0.41379
906,1125,1.7537,12.681,0.022211,0.94958,0.94958,151.95,0.40385,1,0.44828
906,1125,4.8487,42.213,0.00035889,0.0059893,0.0059893,0.09998,0.57692,1,0.44828
906,1145,2.0575,12.155,1.2002,3.6938,3.6938,179.81,0.53342,1,0.55172
906,1145,4.8215,41.787,0.0026149,0.0026355,0.0026355,0.96655,0.46658,1,0.55172
906,1165,2.0453,8.0257,0.98363,0.15723,0.15723,11.298,0.57534,1,0.62931
906,1165,4.785,40.306,0.0029876,-0.062343,-0.062343,2.5488,0.41096,1,0.62931
906,1185,1.6152,8.3356,0.009684,0.0088059,0.0088059,0.15821,0.375,1,0.62069
906,1185,4.7769,38.798,0.0024034,0.022227,0.022227,90.045,0.45833,1,0.62069
906,1205,4.7379,41.018,0.0012356,-0.074279,-0.074279,162.41,0.44444,1,0.46552
906,1205,1.6873,6.3752,0.01834,0.13238,0.13238,5.759,0.55556,1,0.46552
906,1225,1.6245,9.2826,0.014985,-0.15814,-0.15814,23.605,0.51667,1,0.51724
906,1225,4.7156,34.983,0.001269,-0.20898,-0.20898,275.83,0.48333,1,0.51724
906,1245,1.6089,10.615,0.014977,-0.23925,-0.23925,38.983,0.5,1,0.44828
906,1245,4.7394,38.652,0.0036279,-0.20282,-0.20282,211.35,0.5,1,0.44828
906,1265,1.6233,10.695,0.032163,-0.29985,-0.29985,34.986,0.30137,1,0.62931
906,1265,4.6331,12.579,0.0062925,-0.0063059,-0.0063059,0.0063195,0.027397,1,0.62931
906,1265,4.7474,32.073,0.030296,-0.01547,-0.01547,295.53,0.65753,1,0.62931
906,1285,1.3987,4.4764,0.30747,0.67009,0.67009,3.0679,0.25737,1,0.65517
906,1285,3.9007,11.615,1.4015,0.13507,0.13507,10.15,0.33474,1,0.65517
906,1285,4.7289,45.135,0.0020714,0.12136,0.12136,25.364,0.40789,1,0.65517
906,1305,2.4785,7.276,2.5274,5.7908,5.7908,16.23,0.68182,1,0.56897
906,1305,4.7205,46.278,0.0020462,0.16687,0.16687,22.664,0.31818,1,0.56897
906,1325,1.4869,4.9767,0.28054,0.62247,0.62247,4.3313,0.70175,1,0.49138
906,1325,4.042,11.079,0.002304,0.014527,0.014527,0.091594,0.035088,1,0.49138
906,1325,4.699,37.141,0.0045177,0.67434,0.67434,263.83,0.26316,1,0.49138
906,1345,1.3548,5.0917,0.058981,-0.097375,-0.097375,2.6714,0.88571,1,0.30172
906,1365,1.3954,6.4696,0.038299,0.15252,0.15252,6.849,0.95349,1,0.37069
906,1385,1.5082,8.0267,0.019171,0.027625,0.027625,7.6232,0.86111,1,0.31034
906,1405,1.5336,8.9197,0.020724,-0.013002,-0.013002,10.471,0.64062,1,0.55172
906,1405,4.669,11.785,0.0086224,0.094516,0.094516,6.8863,0.34375,1,0.55172
906,1425,4.6243,12.006,0.008098,0.11459,0.11459,3.8384,0.42308,1,0.44828
906,1425,1.5724,9.2539,0.011394,-0.13291,-0.13291,11.782,0.57692,1,0.44828
906,1445,4.6353,12.377,0.0050009,0.019743,0.019743,1.9185,0.68889,1,0.38793
906,1465,4.6454,12.489,0.003689,-0.0071387,-0.0071387,0.50064,0.60317,1,0.5431
906,1465,1.5559,6.2871,0.0069008,-0.080133,-0.080133,4.4868,0.20635,1,0.5431
906,1465,3.1389,44.719,2.7447,8.6168,8.6168,38.394,0.19048,1,0.5431
906,1485,1.4662,5.4097,0.014794,0.022077,0.022077,3.0215,0.3889,1,0.50862
906,1485,1.0826,29.822,7.6411,42.588,42.588,268.53,0.6111,1,0.50862
906,1505,1.4221,5.3476,0.011803,0.029788,0.029788,2.2474,0.51592,1,0.51724
906,1505,3.9818,36.651,2.4061,0.19914,0.19914,206.61,0.48408,1,0.51724
906,1525,1.3637,4.8817,0.0038568,0.023383,0.023383,1.4013,0.76596,1,0.40517
906,1525,4.8755,52.034,0.014898,-0.13494,-0.13494,2.3363,0.06383,1,0.40517
906,1525,2.513,38.595,0.002116,0.20224,0.20224,19.33,0.042553,1,0.40517
906,1545,1.3554,4.9033,0.0021639,0.057091,0.057091,1.5074,0.82759,1,0.25
906,1565,1.3873,5.5096,0.0045384,0.074831,0.074831,2.2969,0.82759,1,0.25
906,1585,1.4734,4.242,0.0089963,-0.0067288,-0.0067288,0.072519,0.43478,1,0.19828
906,1585,4.9995,6.2271,0.01257,-0.076964,-0.076964,0.71756,0.3913,1,0.19828
906,1605,0.13358,7.9392,1.7819,-2.4434,-2.4434,11.893,0.92593,1,0.23276
906,1625,0.42974,7.2293,1.0766,-0.51719,-0.51719,8.5396,0.94118,1,0.2931
906,1645,0.26691,6.4374,1.2185,-0.07426,-0.07426,8.3337,0.975,1,0.34483
906,1665,1.5724,7.0984,0.17462,-0.68869,-0.68869,8.6248,0.3829,1,0.26724
906,1665,5.3836,6.7578,0.81958,-0.53685,-0.53685,3.952,0.58484,1,0.26724
906,1685,1.6393,8.5317,0.015916,0.0078286,0.0078286,0.097929,0.45946,1,0.31897
906,1685,4.5886,7.8819,0.018587,-0.12184,-0.12184,1.2542,0.13514,1,0.31897
906,1705,1.6182,5.9765,0.014536,0.0082879,0.0082879,6.746,0.46667,1,0.25862
906,1705,4.4312,8.7714,0.050078,-0.048032,-0.048032,0.0461,0.43333,1,0.25862
906,1725,1.6218,4.1196,0.015267,0.03336,0.03336,0.15475,0.70968,1,0.26724
906,1725,4.2606,9.1692,0.00014161,0.0026768,0.0026768,0.050598,0.064516,1,0.26724
906,1745,1.587,6.6364,0.01827,-0.24892,-0.24892,10.19,0.96667,1,0.25862
906,1765,1.6324,7.5187,0.020841,-0.12904,-0.12904,7.6256,0.90909,1,0.28448
906,1785,1.6894,7.2256,0.032743,0.017905,0.017905,8.9091,0.91429,1,0.30172
906,1805,1.7003,6.8212,0.033951,-0.078464,-0.078464,7.6073,0.90909,1,0.28448
906,1825,1.6506,7.0478,0.029486,-0.12445,-0.12445,6.9565,0.90909,1,0.28448
906,1845,1.6332,6.4894,0.046835,-0.41304,-0.41304,9.3624,0.90909,1,0.094828
906,1865,4.6615,43.74,0.0089076,0.21739,0.21739,5.3056,0.11111,1,0.15517
906,1865,1.8244,3.3831,0.15772,-0.21959,-0.21959,1.1873,0.83333,1,0.15517
906,1885,1.8334,3.4322,0.23539,-0.40512,-0.40512,1.5562,0.93333,1,0.38793
906,1885,4.6615,43.74,0.0089076,0.21739,0.21739,5.3056,0.044444,1,0.38793
906,1905,1.8177,3.5257,0.29546,-0.56651,-0.56651,1.7652,0.93023,1,0.37069
906,1905,4.6263,48.345,0.0074123,0.14247,0.14247,2.7382,0.046512,1,0.37069
906,1925,1.9055,3.5213,0.32485,-0.66686,-0.66686,1.6583,0.91667,1,0.31034
906,1925,4.6263,48.345,0.0074123,0.14247,0.14247,2.7382,0.055556,1,0.31034
906,1945,1.9816,3.1202,0.58676,-1.2851,-1.2851,2.9269,1,1,0.086207
926,25,1.6741,8.472,0.048618,-0.2637,-0.2637,3.686,1,1,0.2931
926,45,1.6294,8.7321,0.048369,-0.1974,-0.1974,6.884,1,1,0.35345
926,65,1.6192,9.2907,0.031542,0.17009,0.17009,1.3906,0.91304,1,0.19828
926,85,1.5862,10.077,0.016322,0.021828,0.021828,2.7916,0.93333,1,0.25862
926,105,1.5613,10.38,0.01972,-0.19243,-0.19243,8.0557,0.93333,1,0.25862
926,125,1.5293,10.876,0.009182,-0.11316,-0.11316,5.7128,0.94872,1,0.33621
926,145,1.5403,12.404,0.0083117,0.027859,0.027859,0.1529,0.94118,1,0.14655
926,165,1.5578,11.955,0.011142,-0.06677,-0.06677,2.6895,1,1,0.077586
926,185,1.5708,12.026,0.0055786,-0.028154,-0.028154,1.2333,0.96774,1,0.26724
926,205,1.5955,12.054,0.010713,-0.0022365,-0.0022365,2.2135,0.7551,1,0.42241
926,205,4.7982,8.3767,0.0073036,0.016886,0.016886,0.066102,0.20408,1,0.42241
926,225,1.6162,11.627,0.014399,0.095018,0.095018,2.9195,0.70833,1,0.41379
926,225,4.9519,9.9084,0.014961,-0.2794,-0.2794,8.2684,0.22917,1,0.41379
926,245,1.6395,12.135,0.01399,0.089106,0.089106,2.2331,0.69565,1,0.39655
926,245,0.04082,33.748,0.0033325,-0.04095,-0.04095,12.545,0.065217,1,0.39655
926,245,4.8797,11.303,0.026698,-0.16852,-0.16852,5.4465,0.23913,1,0.39655
926,265,1.5999,11.851,0.018926,0.15685,0.15685,3.6118,0.63889,1,0.31034
926,265,5.0965,8.7624,0.0095257,0.071704,0.071704,0.62161,0.30556,1,0.31034
926,285,1.6452,12.901,0.0064798,-0.011436,-0.011436,0.11646,0.7,1,0.25862
926,285,5.0303,8.4789,0.010626,0.033921,0.033921,0.10829,0.1,1,0.25862
926,305,1.0964,8.5569,2.3281,2.154,2.154,3.8894,1,1,0.19828
926,325,4.9465,8.6353,0.0001055,-0.0039337,-0.0039337,0.14686,0.11763,1,0.2931
926,325,1.1402,9.2359,3.6896,4.1992,4.1992,7.6227,0.85296,1,0.2931
926,345,2.9663,10.953,4.2792,-3.2313,-3.2313,3.8265,0.69027,1,0.38793
926,345,3.887,4.1814,0.61594,0.067999,0.067999,0.59332,0.30973,1,0.38793
926,365,1.4342,11.039,0.277,0.58938,0.58938,3.7356,0.28665,1,0.4569
926,365,4.3152,7.9376,0.95198,1.2548,1.2548,11.718,0.69448,1,0.4569
926,385,1.6043,12.697,0.004042,-0.0067957,-0.0067957,0.045922,0.29787,1,0.40517
926,385,5.3642,8.4007,3.401,-0.23696,-0.23696,0.091605,0.2766,1,0.40517
926,405,4.8459,8.289,0.026635,-0.040656,-0.040656,0.2354,0.31717,1,0.31034
926,405,1.6379,8.4328,1.9722,0.0012999,0.0012999,0.10196,0.65505,1,0.31034
926,425,4.1524,11.91,2.0308,1.472,1.472,11.993,0.97368,1,0.32759
926,445,4.6212,8.6022,0.018533,-0.040215,-0.040215,0.21933,0.62069,1,0.25
926,445,1.3915,8.9149,1.8823,-1.6301,-1.6301,1.9918,0.27586,1,0.25
926,465,4.5546,8.744,0.0077933,0.016667,0.016667,0.96942,0.84211,1,0.16379
926,485,4.5494,8.3647,0.0080377,-0.020218,-0.020218,0.18516,0.79412,1,0.2931
926,505,4.6049,8.2661,0.012951,-0.0063247,-0.0063247,0.04684,0.47368,1,0.49138
926,505,4.7729,46.429,0.00058378,-0.054109,-0.054109,8.6426,0.38596,1,0.49138
926,525,4.6861,10.058,0.012669,0.13239,0.13239,6.281,0.40789,1,0.65517
926,525,4.7704,46.829,0.00065732,-0.056127,-0.056127,8.0702,0.42105,1,0.65517
926,525,1.9036,11.375,0.078788,0.099641,0.099641,7.6126,0.17105,1,0.65517
926,545,4.6665,9.5944,0.012702,0.092785,0.092785,3.6442,0.47619,1,0.72414
926,545,1.7533,13.194,0.094083,-0.0029726,-0.0029726,27.611,0.13095,1,0.72414
926,565,4.6739,9.7741,0.014439,0.070186,0.070186,4.1778,0.40845,1,0.61207
926,565,4.7791,45.896,0.00046105,-0.037411,-0.037411,4.5976,0.4507,1,0.61207
926,565,1.7533,14.038,0.020966,0.46246,0.46246,17.62,0.14085,1,0.61207
926,585,4.79,45.162,0.00021039,-0.015793,-0.015793,1.186,0.60784,1,0.43966
926,585,4.6238,8.3409,0.011424,0.0021331,0.0021331,0.24585,0.31373,1,0.43966
926,605,4.665,8.2409,0.0080781,0.0075383,0.0075383,0.10966,0.32692,1,0.44828
926,605,1.4812,11.326,0.081641,-1.5545,-1.5545,38.666,0.21154,1,0.44828
926,625,4.6722,8.9726,0.01029,0.055127,0.055127,3.6633,0.64286,1,0.60345
926,625,4.734,44.417,0.0056323,0.22686,0.22686,30.096,0.31429,1,0.60345
926,645,4.6716,9.1829,0.014087,0.072267,0.072267,4.269,0.525,1,0.68966
926,645,4.7384,44.104,0.0040885,0.15246,0.15246,29.267,0.425,1,0.68966
926,665,4.7311,29.084,0.0024795,0.57733,0.57733,282.32,0.65574,1,0.52586
926,685,4.636,8.4891,0.0072763,-0.030058,-0.030058,0.6598,0.48333,1,0.51724
926,685,4.7626,40.261,0.0012206,-0.0038991,-0.0038991,87.613,0.43333,1,0.51724
926,705,4.6391,8.353,0.0062763,0.00066003,0.00066003,1.3406,0.50877,1,0.49138
926,705,4.7523,43.313,0.0007238,-0.074055,-0.074055,13.279,0.42105,1,0.49138
926,725,4.6499,8.5534,0.0061847,0.040067,0.040067,3.1875,0.30769,1,0.56034
926,725,1.5534,9.9601,0.016634,0.097787,0.097787,12.904,0.18462,1,0.56034
926,725,4.7361,44.427,0.00037491,-0.063152,-0.063152,15.834,0.49231,1,0.56034
926,745,1.5608,8.7473,0.011534,-0.020619,-0.020619,12.178,0.34783,1,0.59483
926,745,4.727,45.246,0.0004366,-0.051036,-0.051036,15.793,0.34783,1,0.59483
926,745,4.6387,8.0521,0.006122,0.0068509,0.0068509,0.2039,0.28986,1,0.59483
926,765,1.5725,8.9629,0.015638,0.10581,0.10581,8.2196,0.93878,1,0.42241
926,785,1.5648,9.2794,0.017828,0.1885,0.1885,9.7249,0.69388,1,0.42241
926,785,4.9906,36.914,0.06598,-1.3982,-1.3982,57.322,0.30612,1,0.42241
926,805,1.5717,9.2561,0.017404,0.086175,0.086175,7.7602,0.37143,1,0.30172
926,805,5.1308,36.194,0.062254,-1.1639,-1.1639,47.361,0.62857,1,0.30172
926,825,5.0344,36.278,0.075804,-0.34688,-0.34688,29.229,0.62162,1,0.31897
926,825,1.5966,9.2927,0.0077183,-0.046013,-0.046013,11.064,0.37838,1,0.31897
926,845,1.9367,8.5939,0.36497,0.035818,0.035818,6.7607,0.68783,1,0.41379
926,845,4.882,34.599,0.037062,0.56619,0.56619,102.75,0.31217,1,0.41379
926,865,1.6846,9.7655,0.017135,-0.034379,-0.034379,8.6719,0.85714,1,0.24138
926,885,2.4365,11.942,1.3815,0.7928,0.7928,8.6989,0.56604,1,0.4569
926,885,4.5523,42.424,0.38863,-0.34651,-0.34651,26.995,0.43396,1,0.4569
926,905,1.2145,8.0102,1.7257,2.2241,2.2241,2.9717,0.4621,1,0.46552
926,905,4.399,38.949,1.0468,4.8338,4.8338,94.105,0.5379,1,0.46552
926,925,1.2336,7.9417,0.59924,0.76334,0.76334,1.0451,0.52308,1,0.56034
926,925,6.2495,33.281,0.025547,1.243,1.243,77.764,0.23077,1,0.56034
926,945,6.2435,22.038,0.016402,0.38141,0.38141,166.54,0.81633,1,0.42241
926,965,1.4523,8.4339,0.010034,-0.0076019,-0.0076019,0.20325,0.058824,1,0.43966
926,965,6.2053,28.336,0.0066115,-0.094036,-0.094036,2.421,0.64706,1,0.43966
926,985,6.0859,27.601,1.3997,-8.4366,-8.4366,238.35,1,1,0.5431
926,1005,4.6951,37.924,1.2367,-3.5205,-3.5205,219.15,0.70125,1,0.60345
926,1005,1.5539,6.9532,0.20132,-0.26035,-0.26035,2.0791,0.29875,1,0.60345
926,1025,1.7934,7.0462,0.082506,-0.32209,-0.32209,3.0586,0.42852,1,0.42241
926,1025,4.4511,36.182,0.73579,-3.7781,-3.7781,216.98,0.57148,1,0.42241
926,1045,1.7901,8.6684,0.021483,0.067077,0.067077,0.36134,0.33333,1,0.46552
926,1045,1.7994,42.43,0.0036849,0.28906,0.28906,25.637,0.38889,1,0.46552
926,1065,1.7786,41.175,0.0043877,0.34542,0.34542,27.193,0.60377,1,0.4569
926,1085,1.7994,8.6374,0.019244,0.013657,0.013657,0.078463,0.28333,1,0.51724
926,1085,4.8545,42.308,0.00049345,0.0082414,0.0082414,0.13767,0.16667,1,0.51724
926,1105,1.8276,45.037,0.001839,0.14383,0.14383,11.249,0.16667,1,0.41379
926,1105,1.8284,8.7943,0.028271,0.039515,0.039515,0.22228,0.083333,1,0.41379
926,1105,4.8533,42.288,0.00039389,0.0065926,0.0065926,0.11037,0.41667,1,0.41379
926,1125,2.6004,8.4395,2.3477,0.89504,0.89504,42.305,0.52083,1,0.41379
926,1125,4.836,42.987,0.0017498,-0.032253,-0.032253,6.6237,0.47917,1,0.41379
926,1145,1.8518,6.8339,0.60932,-0.58244,-0.58244,12.804,0.4265,1,0.58621
926,1145,4.7339,9.9469,0.0036443,-0.036021,-0.036021,6.6186,0.23526,1,0.58621
926,1145,4.7983,41.884,0.0038899,-0.03864,-0.03864,2.2528,0.32353,1,0.58621
926,1165,1.8218,7.4378,0.69092,-0.48515,-0.48515,11.337,0.5058,1,0.78448
926,1165,4.7442,10.039,0.0043963,-0.05688,-0.05688,3.7185,0.24145,1,0.78448
926,1165,4.7674,40.98,0.0031661,-0.075215,-0.075215,3.5594,0.24176,1,0.78448
926,1185,2.9384,8.4877,2.5285,3.0159,3.0159,10.211,0.77358,1,0.4569
926,1185,4.7719,40.709,0.0027879,-0.063359,-0.063359,4.5582,0.20755,1,0.4569
926,1205,4.74,11.15,0.0018473,-0.0072335,-0.0072335,7.9999,0.51923,1,0.44828
926,1205,1.6372,7.5734,0.0070789,0.041992,0.041992,3.6987,0.46154,1,0.44828
926,1225,4.7366,11.193,0.0042568,-0.034516,-0.034516,5.5863,0.47273,1,0.47414
926,1225,1.6553,7.4251,0.015092,0.12116,0.12116,7.9866,0.49091,1,0.47414
926,1245,4.7763,10.867,0.012803,-0.14556,-0.14556,8.2933,0.52727,1,0.47414
926,1245,1.6218,9.2244,0.0056943,0.017516,0.017516,7.6841,0.41818,1,0.47414
926,1265,4.7714,9.9199,0.017303,-0.15341,-0.15341,6.0376,0.48485,1,0.63793
926,1265,1.689,8.4925,0.83719,2.0231,2.0231,17.358,0.21785,1,0.63793
926,1265,4.7209,45.789,0.001567,0.179,0.179,34.17,0.2973,1,0.63793
926,1285,2.139,8.8735,1.5521,2.0537,2.0537,18.424,0.30232,1,0.73276
926,1285,4.7492,10.449,0.018108,-0.18684,-0.18684,5.563,0.30944,1,0.73276
926,1285,4.7197,46.315,0.0017749,0.18378,0.18378,31.031,0.38824,1,0.73276
926,1305,2.9034,8.8227,2.7133,6.1999,6.1999,19.309,0.61364,1,0.75862
926,1305,4.7177,46.016,0.0015319,0.11971,0.11971,17.034,0.38636,1,0.75862
926,1325,4.6797,11.507,0.0027214,0.012312,0.012312,5.7879,0.32308,1,0.56034
926,1325,1.468,5.3997,0.038597,0.013051,0.013051,5.3829,0.33846,1,0.56034
926,1325,4.7204,45.656,0.0011392,0.076201,0.076201,12.085,0.33846,1,0.56034
926,1345,4.6917,11.641,0.0021957,-0.020086,-0.020086,3.319,0.31818,1,0.37931
926,1345,1.4084,5.6964,0.040778,0.11057,0.11057,5.2598,0.61364,1,0.37931
926,1365,1.4011,6.1312,0.041627,0.14414,0.14414,8.9521,0.65,1,0.34483
926,1385,4.6938,11.484,0.0038602,0.052371,0.052371,6.9174,0.48438,1,0.55172
926,1385,1.4632,6.943,0.030519,0.17068,0.17068,14.774,0.45312,1,0.55172
926,1405,1.5365,9.051,0.015249,0.031157,0.031157,18.888,0.4878,1,0.35345
926,1425,4.6694,11.78,0.010275,0.1075,0.1075,7.4021,0.73684,1,0.32759
926,1445,4.6258,12.546,0.005057,-0.0010748,-0.0010748,0.053236,0.78261,1,0.39655
926,1465,4.6367,12.641,0.0034845,0.0037484,0.0037484,0.079281,0.72973,1,0.31897
926,1485,4.6657,12.601,0.0053068,0.0025576,0.0025576,0.045153,0.61111,1,0.31034
926,1485,1.5083,6.4671,0.0235,-0.027419,-0.027419,3.6706,0.27778,1,0.31034
926,1505,1.4264,5.1127,0.012051,0.017261,0.017261,2.0772,0.56667,1,0.25862
926,1505,4.6678,11.801,0.013504,0.15833,0.15833,5.7377,0.36667,1,0.25862
926,1525,1.5612,5.599,0.01146,0.054992,0.054992,4.3174,0.3913,1,0.19828
926,1525,4.6883,11.336,0.020419,-0.11321,-0.11321,7.0696,0.56522,1,0.19828
926,1545,1.4396,5.2042,0.011058,0.040278,0.040278,2.6496,0.66667,1,0.28448
926,1545,4.736,11.126,0.02522,-0.2598,-0.2598,8.1115,0.30303,1,0.28448
926,1565,4.7664,10.682,0.026823,-0.21226,-0.21226,8.5524,0.51852,1,0.23276
926,1565,1.4834,5.8939,0.011877,0.11172,0.11172,7.3872,0.37037,1,0.23276
926,1585,4.8259,9.7944,0.047889,-0.12493,-0.12493,10.181,0.72,1,0.21552
926,1605,4.8207,9.5208,0.022651,-0.26958,-0.26958,10.604,0.54545,1,0.18966
926,1625,4.7955,10.327,0.011314,-0.15287,-0.15287,7.1727,0.43475,1,0.19828
926,1625,0.91858,6.2498,0.51353,1.0037,1.0037,10.215,0.47829,1,0.19828
926,1645,6.2332,10.018,1.6283,-4.835,-4.835,99.171,1,1,0.25
926,1665,0.069607,12.082,1.9186,-5.5717,-5.5717,86.526,1,1,0.24138
926,1685,1.666,8.3957,0.013617,0.0082278,0.0082278,0.062772,0.29412,1,0.14655
926,1685,4.6302,19.846,0.025185,1.349,1.349,227.99,0.64706,1,0.14655
926,1705,4.5381,9.3741,0.040916,0.40191,0.40191,12.3,0.45455,1,0.18966
926,1745,1.4188,8.7001,0.05344,-0.27116,-0.27116,10.008,0.5,1,0.17241
926,1765,2.1837,8.1749,1.9106,-0.497,-0.497,8.7058,0.9,1,0.25862
926,1785,1.7296,7.1737,0.032821,0.0036407,0.0036407,9.788,0.66667,1,0.31034
926,1785,4.746,10.045,0.0077937,-0.11049,-0.11049,4.4847,0.27778,1,0.31034
926,1805,1.6726,7.292,0.024937,0.034635,0.034635,6.5717,0.82857,1,0.30172
926,1825,1.6232,7.2227,0.019064,-0.19337,-0.19337,5.4656,0.85,1,0.34483
926,1825,4.6573,11.389,0.006061,-0.042775,-0.042775,2.9685,0.075,1,0.34483
926,1845,1.6356,6.8124,0.013571,-0.16435,-0.16435,6.291,0.73333,1,0.12931
926,1865,2.96,9.5226,1.6214,10.686,10.686,139.78,1,1,0.12931
926,1885,1.891,3.4996,0.38184,-0.788,-0.788,1.8625,0.875,1,0.34483
926,1885,4.5899,8.1231,0.015003,-0.015079,-0.015079,0.015155,0.05,1,0.34483
926,1905,1.9245,3.6097,0.34098,-0.75617,-0.75617,1.8368,0.93617,1,0.40517
926,1925,2.0592,3.209,0.39981,-0.86735,-0.86735,2.0939,0.90909,1,0.28448
926,1945,2.068,3.2421,0.1018,-0.18211,-0.18211,0.47036,0.83333,1,0.10345
946,25,1.6593,8.0826,0.057101,-0.34365,-0.34365,4.8468,1,1,0.26724
946,45,1.6541,8.604,0.054305,-0.39294,-0.39294,9.8308,1,1,0.28448
946,65,1.6131,9.867,0.038229,-0.30666,-0.30666,16.103,0.91429,1,0.30172
946,65,4.6354,8.4107,0.011867,-0.024758,-0.024758,0.09332,0.085714,1,0.30172
946,85,1.6045,9.658,0.028788,0.090671,0.090671,1.482,0.78947,1,0.32759
946,85,4.6665,10.42,0.013761,0.14162,0.14162,9.5958,0.15789,1,0.32759
946,105,1.5547,10.837,0.020344,-0.12786,-0.12786,5.7227,0.87234,1,0.40517
946,105,4.3112,9.8875,0.10295,-0.36798,-0.36798,1.3202,0.06383,1,0.40517
946,125,1.5378,11.462,0.018175,-0.050654,-0.050654,2.1502,0.65217,1,0.39655
946,125,4.5055,12.105,0.96559,-3.8609,-3.8609,25.419,0.34783,1,0.39655
946,145,1.5084,12.402,0.0075358,0.016142,0.016142,0.092507,0.74074,1,0.23276
946,165,5.2228,14.013,4.9396,24.576,24.576,136.52,0.33334,1,0.25862
946,165,1.5525,12.225,0.0059185,0.0014918,0.0014918,0.44994,0.66666,1,0.25862
946,185,1.5738,12.131,0.0023558,-0.02127,-0.02127,0.74234,0.35714,1,0.24138
946,185,4.4847,7.7873,0.33876,1.4145,1.4145,7.8323,0.57143,1,0.24138
946,205,4.8709,9.5179,0.016857,-0.10002,-0.10002,5.7241,0.52273,1,0.37931
946,205,1.5731,12.069,0.004756,-0.019251,-0.019251,0.87849,0.45455,1,0.37931
946,225,4.8797,9.979,0.02007,-0.11533,-0.11533,5.9267,0.72917,1,0.41379
946,225,1.698,12.497,0.0038196,0.0075444,0.0075444,0.13792,0.20833,1,0.41379
946,245,4.9861,9.9716,0.02547,-0.21403,-0.21403,5.6195,0.74468,1,0.40517
946,245,1.5645,10.896,0.023702,0.18478,0.18478,4.4534,0.21277,1,0.40517
946,265,4.967,9.9924,0.038161,-0.16242,-0.16242,3.0329,0.77551,1,0.42241
946,265,1.6367,13.004,0.0063318,-0.019429,-0.019429,0.13305,0.20408,1,0.42241
946,285,5.0334,9.3459,0.039293,-0.27047,-0.27047,3.5563,0.59244,1,0.27586
946,285,1.4308,8.5097,1.0891,1.6565,1.6565,3.4955,0.37631,1,0.27586
946,305,6.04,8.0433,1.066,-0.23992,-0.23992,0.055171,0.16181,1,0.25
946,305,1.3155,8.9972,2.9496,3.7801,3.7801,6.6101,0.8037,1,0.25
946,325,1.4066,9.4197,3.0526,2.9735,2.9735,5.1854,0.97727,1,0.37931
946,345,4.8009,10.614,1.9215,-0.44137,-0.44137,8.7903,1,1,0.4569
946,365,4.6344,11.925,0.49479,0.47861,0.47861,16.348,0.80016,1,0.38793
946,365,1.6737,12.709,0.059675,-0.012855,-0.012855,0.052793,0.17761,1,0.38793
946,385,4.8151,13.414,0.019511,-0.11153,-0.11153,7.2061,0.78037,1,0.41379
946,385,0.21502,8.4293,6.773,0.56771,0.56771,0.053343,0.1988,1,0.41379
946,405,4.7793,16.789,0.0026748,-0.0084021,-0.0084021,0.026394,0.86842,1,0.32759
946,425,4.7683,14.699,0.0041036,0.0080266,0.0080266,10.003,0.82051,1,0.33621
946,425,1.1355,8.7598,0.02265,-0.066209,-0.066209,0.19354,0.051282,1,0.33621
946,445,4.7547,12.379,0.004626,0.011367,0.011367,0.063768,0.51515,1,0.28448
946,465,4.6781,10.644,0.021053,0.23166,0.23166,8.3616,0.94286,1,0.30172
946,485,4.5554,8.4804,0.0087211,-0.019795,-0.019795,0.20281,0.625,1,0.2069
946,505,4.7347,12.28,0.0031684,0.00054495,0.00054495,0.19022,0.43077,1,0.56034
946,505,4.7719,46.839,0.00049652,-0.050851,-0.050851,8.6606,0.33846,1,0.56034
946,525,4.7257,12.378,0.0053676,0.0047613,0.0047613,0.13185,0.36486,1,0.63793
946,525,4.7669,47.117,0.00045958,-0.044964,-0.044964,7.294,0.41892,1,0.63793
946,545,4.7072,11.585,0.008315,0.014618,0.014618,2.3074,0.61628,1,0.74138
946,565,4.6943,10.708,0.01359,0.08162,0.08162,4.0771,0.56164,1,0.62931
946,565,4.7776,46.417,0.00053141,-0.041641,-0.041641,4.7515,0.43836,1,0.62931
946,585,4.7795,10.87,0.0093256,0.036441,0.036441,2.404,0.28184,1,0.43103
946,585,4.4826,9.8571,0.0015778,0.046706,0.046706,2.4031,0.098161,1,0.43103
946,605,4.723,9.6976,0.0099156,0.07481,0.07481,7.1977,0.59259,1,0.46552
946,605,4.791,45.084,0.0001321,-0.0099442,-0.0099442,0.74899,0.37037,1,0.46552
946,625,4.7215,10.249,0.0074307,0.09623,0.09623,8.5601,0.81538,1,0.56034
946,625,4.7602,45.648,0.005082,0.16603,0.16603,25.613,0.15385,1,0.56034
946,645,4.7023,10.934,0.012374,0.13888,0.13888,7.7197,0.65333,1,0.64655
946,645,4.7527,44.494,0.0029881,0.095306,0.095306,27.612,0.29333,1,0.64655
946,665,4.7499,11.772,0.013246,0.17222,0.17222,8.1829,0.57691,1,0.44828
946,665,4.7575,41.595,0.0013377,0.069866,0.069866,29.811,0.38463,1,0.44828
946,685,4.6976,10.364,0.015408,0.23595,0.23595,7.547,0.59259,1,0.46552
946,685,4.764,42.336,0.0012361,-0.0054955,-0.0054955,25.322,0.37037,1,0.46552
946,705,4.6692,8.9115,0.012596,0.20872,0.20872,11.01,0.58491,1,0.4569
946,705,4.7525,43.376,0.00081125,-0.085737,-0.085737,14.632,0.39623,1,0.4569
946,725,4.6307,8.1432,0.009012,0.003198,0.003198,0.19122,0.57627,1,0.50862
946,725,4.7506,41.24,0.0018231,-0.41595,-0.41595,98.007,0.37288,1,0.50862
946,745,4.6245,8.2803,0.014013,-0.016009,-0.016009,0.223,0.38889,1,0.46552
946,745,4.7224,46.197,0.00051888,-0.055971,-0.055971,15.447,0.2037,1,0.46552
946,745,1.5505,9.5664,0.013515,0.021104,0.021104,10.627,0.37037,1,0.46552
946,765,1.557,9.7018,0.016274,0.22789,0.22789,16.289,0.64516,1,0.26724
946,765,4.6442,8.0401,0.0063164,0.0071362,0.0071362,0.16284,0.32258,1,0.26724
946,785,1.5661,9.2247,0.017982,0.21347,0.21347,12.295,0.90909,1,0.28448
946,805,1.5345,9.2946,0.019987,0.37772,0.37772,20.58,0.71429,1,0.12069
946,825,2.6098,7.7786,3.43,3.2604,3.2604,5.2429,0.94118,1,0.14655
946,845,3.0578,10.048,2.0227,3.2144,3.2144,17.702,0.97436,1,0.33621
946,865,3.5406,9.9563,1.5344,4.6114,4.6114,13.941,0.62525,1,0.32759
946,865,2.9818,14.84,1.9143,1.1717,1.1717,31.719,0.37475,1,0.32759
946,885,3.617,28.669,1.1243,6.8629,6.8629,182.75,1,1,0.32759
946,905,4.6925,12.772,0.0015154,0.017498,0.017498,0.20204,0.31944,1,0.62069
946,905,3.1933,35.221,0.0031969,-0.048182,-0.048182,0.72619,0.16667,1,0.62069
946,905,2.2435,11.333,0.9437,1.0002,1.0002,8.7507,0.34722,1,0.62069
946,925,4.6968,12.52,0.0010244,0.0056578,0.0056578,1.8121,0.39062,1,0.55172
946,925,6.2581,23.49,0.018142,0.62791,0.62791,213.03,0.39062,1,0.55172
946,945,6.2527,31.44,0.015119,0.38801,0.38801,29.051,0.35714,1,0.60345
946,945,5.1281,10.038,1.0988,-1.7996,-1.7996,6.9159,0.47143,1,0.60345
946,965,6.2335,23.512,0.0066606,-0.2886,-0.2886,79.839,0.58929,1,0.48276
946,965,2.4055,41.106,0.00055225,0.0050155,0.0050155,0.04555,0.035714,1,0.48276
946,985,0.071506,25.09,2.5117,-4.8216,-4.8216,288.1,1,1,0.49138
946,1005,5.6924,25.54,4.7592,-12.008,-12.008,332.33,1,1,0.52586
946,1025,1.3487,21.519,6.1838,-28.358,-28.358,264.43,1,1,0.49138
946,1045,1.8348,8.6242,0.11871,-0.46208,-0.46208,5.54,0.26667,1,0.38793
946,1045,1.7891,41.633,0.0022344,0.1709,0.1709,16.031,0.46667,1,0.38793
946,1065,4.7635,9.7494,0.0064902,-0.07941,-0.07941,4.3875,0.2069,1,0.5
946,1085,1.7906,42.128,0.0047123,0.37081,0.37081,29.18,0.57407,1,0.46552
946,1085,4.7471,9.8418,0.0038675,-0.068471,-0.068471,4.6837,0.2037,1,0.46552
946,1105,4.7713,8.6698,0.0055187,0.031452,0.031452,0.33528,0.32,1,0.43103
946,1105,1.4915,12.579,0.0062932,-0.0063063,-0.0063063,0.0063195,0.04,1,0.43103
946,1105,1.7786,41.177,0.0054727,0.4305,0.4305,33.865,0.4,1,0.43103
946,1125,4.7346,10.104,0.0057851,-0.073571,-0.073571,5.6371,0.6129,1,0.26724
946,1125,1.5537,9.7497,0.037963,-0.39322,-0.39322,12.413,0.29032,1,0.26724
946,1145,4.7336,10.803,0.0043698,-0.12565,-0.12565,10.78,0.6842,1,0.49138
946,1145,1.7375,8.0597,0.56852,-1.2207,-1.2207,19.276,0.28071,1,0.49138
946,1165,4.7345,10.214,0.0031273,-0.044408,-0.044408,6.0954,0.64581,1,0.41379
946,1165,1.8021,8.4927,0.58314,-0.61711,-0.61711,12.788,0.33336,1,0.41379
946,1185,4.7449,10.017,0.0036329,-0.048163,-0.048163,4.7694,0.61224,1,0.42241
946,1185,1.6113,8.3071,0.0039865,0.0054393,0.0054393,1.7722,0.34694,1,0.42241
946,1205,4.7312,10.605,0.0018868,-0.039681,-0.039681,7.3143,0.75,1,0.41379
946,1205,1.6,8.4288,0.0063318,0.12829,0.12829,8.1661,0.22917,1,0.41379
946,1225,4.7327,10.991,0.0011533,-0.0018259,-0.0018259,5.9351,0.43478,1,0.59483
946,1225,1.5941,9.5172,0.004823,0.031724,0.031724,5.6479,0.55072,1,0.59483
946,1245,1.6039,10.482,0.0051874,0.10594,0.10594,5.8236,0.42553,1,0.40517
946,1245,4.7796,9.9003,0.0058361,-0.052585,-0.052585,4.0107,0.55319,1,0.40517
946,1265,4.8451,8.6331,0.015223,0.015419,0.015419,0.015619,0.33823,1,0.58621
946,1265,4.7149,37.019,0.001887,0.26983,0.26983,235.34,0.44118,1,0.58621
946,1265,1.6136,10.8,0.00367,0.068924,0.068924,2.6457,0.22059,1,0.58621
946,1285,4.8217,9.5067,0.010532,-0.092969,-0.092969,3.3187,0.35965,1,0.75862
946,1285,2.59,9.1959,2.7902,6.0105,6.0105,19.505,0.28808,1,0.75862
946,1285,4.7236,46.379,0.0015279,0.14582,0.14582,22.814,0.35227,1,0.75862
946,1305,1.8376,8.4345,2.9261,-4.5973,-4.5973,14.049,0.2065,1,0.68103
946,1305,4.7773,10.912,0.017054,-0.16202,-0.16202,6.0621,0.38843,1,0.68103
946,1305,4.7197,45.931,0.0009121,0.09171,0.09171,15.963,0.40506,1,0.68103
946,1325,4.7297,12.023,0.019112,0.097128,0.097128,5.5268,0.38026,1,0.61207
946,1325,1.7116,6.981,0.50383,0.92349,0.92349,7.7111,0.30988,1,0.61207
946,1325,4.7188,45.609,0.00038685,0.023304,0.023304,9.3401,0.30986,1,0.61207
946,1345,1.4903,7.368,0.022263,-0.019662,-0.019662,4.8704,0.35849,1,0.4569
946,1345,4.6882,10.87,0.001685,-0.013706,-0.013706,8.9559,0.60377,1,0.4569
946,1365,1.4319,6.4266,0.036091,0.1048,0.1048,7.3194,0.44262,1,0.52586
946,1365,4.6797,11.099,0.0033501,0.051522,0.051522,8.9029,0.5082,1,0.52586
946,1385,4.6885,11.058,0.0065963,0.039934,0.039934,7.2299,0.7234,1,0.40517
946,1385,1.4594,6.5785,0.027932,-0.19375,-0.19375,3.0971,0.14894,1,0.40517
946,1405,4.6646,10.701,0.0094664,0.13358,0.13358,8.4633,0.8125,1,0.41379
946,1405,1.5718,22.479,0.0020957,0.17612,0.17612,18.937,0.16667,1,0.41379
946,1425,4.6742,11.362,0.013687,0.040231,0.040231,3.825,0.87879,1,0.28448
946,1445,4.6542,11.665,0.0071506,-0.063348,-0.063348,4.4879,0.88235,1,0.2931
946,1465,4.6144,12.535,0.0046501,0.0031224,0.0031224,0.03749,0.75,1,0.31034
946,1485,4.6921,13.173,0.089193,0.021867,0.021867,57.372,0.77778,1,0.15517
946,1485,1.632,8.3116,0.011252,-0.0040017,-0.0040017,0.16809,0.22222,1,0.15517
946,1505,4.6494,11.43,0.052536,0.27618,0.27618,7.315,0.68182,1,0.18966
946,1525,4.725,11.992,0.014983,-0.15096,-0.15096,6.0366,0.65385,1,0.22414
946,1545,4.7859,11.127,0.031006,-0.40495,-0.40495,10.694,0.6,1,0.21552
946,1545,1.5509,7.4376,0.015237,0.14832,0.14832,5.9328,0.36,1,0.21552
946,1565,4.8152,11.19,0.054078,-0.14532,-0.14532,9.7309,0.7037,1,0.23276
946,1585,4.8425,11.755,0.07777,0.23934,0.23934,8.6735,0.83333,1,0.25862
946,1605,4.6716,12.733,0.087461,0.26419,0.26419,37.098,0.86207,1,0.25
946,1625,4.6734,12.523,0.0089859,-0.11689,-0.11689,8.2441,0.80769,1,0.22414
946,1645,1.7224,7.334,5.8827,16.014,16.014,55.776,0.78075,1,0.31034
946,1645,4.7269,13.166,0.00066099,0.029221,0.029221,2.1598,0.21925,1,0.31034
946,1665,0.13732,8.6791,1.5876,-1.7356,-1.7356,44.723,1,1,0.35345
946,1685,1.2293,11.06,0.073992,0.33216,0.33216,13.237,0.55,1,0.17241
946,1705,1.2188,9.3377,0.11993,0.24604,0.24604,11.456,0.37037,1,0.23276
946,1705,4.2906,9.5146,0.0066705,0.069606,0.069606,0.7324,0.40741,1,0.23276
946,1745,3.6998,8.6305,1.547,1.3231,1.3231,6.8357,0.97297,1,0.31897
946,1765,2.1028,7.6058,0.59281,-0.56986,-0.56986,4.4282,0.56994,1,0.36207
946,1765,4.667,10.204,0.085843,-0.076567,-0.076567,6.9994,0.40625,1,0.36207
946,1785,4.4478,10.54,0.4072,0.8727,0.8727,40.346,0.57583,1,0.28448
946,1785,1.5525,8.8429,0.086068,0.12747,0.12747,4.797,0.42417,1,0.28448
946,1805,1.6038,8.3401,0.0013161,0.0036306,0.0036306,0.048926,0.65854,1,0.35345
946,1805,4.613,12.311,0.01725,-0.028523,-0.028523,0.057545,0.097561,1,0.35345
946,1825,1.5987,7.9541,0.0038452,-0.02532,-0.02532,1.8739,0.88889,1,0.31034
946,1885,1.5584,4.0916,1.3137,-2.4772,-2.4772,5.4103,1,1,0.32759
946,1905,1.8111,3.7947,0.51147,-1.1204,-1.1204,2.6359,0.91429,1,0.30172
946,1925,1.8623,3.7975,0.80482,-1.9129,-1.9129,4.7252,0.96875,1,0.27586
966,25,1.6627,8.2799,0.066142,-0.53439,-0.53439,7.1496,1,1,0.086207
966,45,1.6828,7.4762,0.047033,-0.29006,-0.29006,3.9784,1,1,0.086207
966,65,1.6043,9.0341,0.033342,0.19277,0.19277,1.5188,0.83333,1,0.10345
966,85,1.6128,10.357,0.018605,0.091497,0.091497,1.0757,0.625,1,0.13793
966,105,4.7326,11.175,0.28598,-1.0329,-1.0329,13.193,0.61538,1,0.22414
966,105,1.5965,9.583,0.034285,-0.018776,-0.018776,0.96819,0.38462,1,0.22414
966,125,3.8504,10.598,3.5332,-4.0764,-4.0764,21.803,1,1,0.31897
966,145,4.7263,10.302,0.94071,-4.1583,-4.1583,27.342,0.69697,1,0.28448
966,145,1.5311,12.319,0.0085699,0.028255,0.028255,0.14,0.30303,1,0.28448
966,165,4.7446,9.0051,1.3963,5.4757,5.4757,42.816,1,1,0.16379
966,185,3.1644,10.554,2.422,-1.5631,-1.5631,21.421,1,1,0.23276
966,205,4.885,8.4739,0.014764,0.022619,0.022619,0.063348,0.83333,1,0.25862
966,225,4.9515,10.338,0.020646,-0.25977,-0.25977,6.88,0.9375,1,0.27586
966,245,4.8984,10.228,0.038843,-0.067341,-0.067341,2.5235,0.95122,1,0.35345
966,265,4.9894,9.4783,0.040937,-0.074332,-0.074332,2.5504,0.64452,1,0.31897
966,265,0.91844,10.196,6.385,4.217,4.217,2.8324,0.35548,1,0.31897
966,285,4.868,10.762,0.043286,-0.15114,-0.15114,4.6851,0.77778,1,0.15517
966,285,2.7007,9.9556,0.00051574,-0.0024237,-0.0024237,0.01139,0.11111,1,0.15517
966,305,2.2675,9.9369,1.5321,2.0615,2.0615,3.7338,1,1,0.31897
966,325,2.6736,10.516,3.1565,4.1232,4.1232,9.2525,1,1,0.40517
966,345,4.7374,11.553,0.56435,-0.29785,-0.29785,7.7865,0.78726,1,0.40517
966,345,2.6098,10.521,0.010099,-0.062552,-0.062552,0.38766,0.21274,1,0.40517
966,365,4.8851,12.283,0.022324,-0.11623,-0.11623,4.6286,1,1,0.42241
966,385,4.7609,16.813,0.0055972,-0.012686,-0.012686,0.034535,0.49169,1,0.43103
966,385,4.8579,12.369,0.032186,-0.078761,-0.078761,2.9639,0.50831,1,0.43103
966,405,4.7727,16.81,0.0029888,-0.0093627,-0.0093627,0.029331,0.56409,1,0.33621
966,405,4.8062,12.186,0.017651,-0.048536,-0.048536,2.8803,0.43591,1,0.33621
966,425,4.7752,16.802,0.0027354,-0.0085778,-0.0085778,0.026901,0.61224,1,0.42241
966,425,4.7547,12.409,0.004626,0.010122,0.010122,0.08472,0.34694,1,0.42241
966,445,4.752,12.986,0.0075814,0.04608,0.04608,8.0893,1,1,0.35345
966,465,4.7524,11.861,0.0077003,0.038053,0.038053,3.2644,1,1,0.34483
966,485,4.7547,11.941,0.004866,0.001969,0.001969,2.5252,0.77596,1,0.42241
966,485,4.5296,8.4485,0.0039535,-0.021968,-0.021968,0.16511,0.22404,1,0.42241
966,505,4.7512,12.363,0.0038973,0.0073887,0.0073887,0.37871,0.66667,1,0.33621
966,525,4.7137,12.476,0.0039242,-0.0052144,-0.0052144,0.10007,0.66667,1,0.59483
966,525,4.764,47.005,0.0003292,-0.036132,-0.036132,5.8456,0.28986,1,0.59483
966,545,4.6952,12.449,0.0051566,-0.0028967,-0.0028967,0.068372,0.6,1,0.51724
966,565,4.7156,11.602,0.015687,0.028072,0.028072,2.3911,0.66102,1,0.50862
966,565,4.7842,45.748,0.00060536,-0.04704,-0.04704,4.5128,0.33898,1,0.50862
966,585,4.7613,11.122,0.013697,0.071441,0.071441,5.025,0.56522,1,0.39655
966,605,4.734,10.512,0.0096763,0.040954,0.040954,6.9482,0.78261,1,0.39655
966,625,4.7191,10.747,0.0080783,0.069675,0.069675,9.188,1,1,0.39655
966,645,4.7426,11.98,0.0098282,0.11075,0.11075,7.4508,1,1,0.38793
966,665,4.7546,12.554,0.012555,0.18166,0.18166,6.3143,1,1,0.30172
966,685,4.7348,11.149,0.017387,0.37933,0.37933,13.39,1,1,0.31897
966,705,4.6821,9.6215,0.018705,0.33726,0.33726,12.425,1,1,0.31897
966,725,4.6374,8.614,0.01916,0.16555,0.16555,6.1058,1,1,0.30172
966,745,4.6157,8.2489,0.013921,-0.013994,-0.013994,0.18267,0.96774,1,0.26724
966,765,1.5794,10.109,0.011552,0.059766,0.059766,11.666,0.47619,1,0.18103
966,765,4.5961,8.4485,0.021144,-0.03757,-0.03757,0.16765,0.47619,1,0.18103
966,785,1.5345,9.2946,0.019987,0.37772,0.37772,20.58,0.90909,1,0.094828
966,825,4.4744,10.557,0.74761,1.7616,1.7616,15.922,1,1,0.12931
966,845,4.0807,10.92,2.6725,6.7757,6.7757,20.905,1,1,0.30172
966,865,3.8731,16.862,0.91145,0.35975,0.35975,37.032,1,1,0.37931
966,885,3.5518,21.937,0.83602,-1.5738,-1.5738,95.054,1,1,0.66379
966,905,4.6955,12.806,0.0011949,0.013739,0.013739,0.15797,0.35714,1,0.48276
966,925,4.7913,11.646,0.3205,-0.44936,-0.44936,4.0589,0.55844,1,0.66379
966,925,2.4604,6.7794,0.012739,0.05924,0.05924,0.27548,0.12987,1,0.66379
966,945,4.9828,9.9512,1.1119,-1.8629,-1.8629,6.8091,0.47143,1,0.60345
966,945,6.2532,31.214,0.0044828,0.10705,0.10705,13.17,0.22857,1,0.60345
966,965,0.18983,23.241,4.8235,27.851,27.851,254.7,1,1,0.56034
966,985,0.48196,7.6002,1.8722,-0.27559,-0.27559,7.22,0.51431,1,0.58621
966,985,2.0642,40.341,2.1829,10.638,10.638,74.066,0.48569,1,0.58621
966,1005,1.912,11.096,0.010201,-0.08568,-0.08568,0.71965,0.034482,1,0.5
966,1005,6.106,30.166,10.269,49.931,49.931,265.78,0.8455,1,0.5
966,1005,4.8646,9.1752,0.029493,0.070481,0.070481,1.3308,0.12002,1,0.5
966,1025,1.7658,26.712,1.492,4.0424,4.0424,263.27,0.73406,1,0.37931
966,1025,4.7863,10.493,0.022086,0.054656,0.054656,15.745,0.26594,1,0.37931
966,1045,4.7722,11.251,0.002855,0.042856,0.042856,16.59,0.25,1,0.24138
966,1045,1.948,8.7044,0.0049727,0.069947,0.069947,1.3281,0.10714,1,0.24138
966,1065,4.7481,10.665,0.0021802,-0.00082564,-0.00082564,5.239,0.46154,1,0.33621
966,1085,4.7296,10.967,0.0068382,-0.076793,-0.076793,8.9036,0.5,1,0.41379
966,1105,4.7187,11.087,0.0082484,-0.090136,-0.090136,9.4403,0.63158,1,0.32759
966,1125,4.7259,11.769,0.0063093,-0.212,-0.212,15.424,0.89474,1,0.32759
966,1125,1.4016,8.3244,0.003032,0.0031191,0.0031191,0.0032091,0.078947,1,0.32759
966,1145,4.7065,11.812,0.0046814,-0.16632,-0.16632,12.73,0.84615,1,0.33621
966,1145,1.4863,12.126,0.016483,-0.15699,-0.15699,2.8695,0.15385,1,0.33621
966,1165,4.7286,11.42,0.0052819,-0.17314,-0.17314,11.428,0.92308,1,0.33621
966,1185,4.7302,10.917,0.0018454,-0.071371,-0.071371,10.741,0.89286,1,0.24138
966,1205,4.7225,11.38,0.0016399,-0.06347,-0.06347,9.7752,0.6383,1,0.40517
966,1205,1.5673,9.0063,0.001762,-0.0056362,-0.0056362,3.1687,0.3617,1,0.40517
966,1225,1.5899,9.7105,0.0066907,0.12999,0.12999,6.5317,0.5625,1,0.41379
966,1225,4.718,11.532,0.0033965,-0.053358,-0.053358,10.448,0.4375,1,0.41379
966,1245,1.586,10.323,0.0027502,0.037051,0.037051,2.8238,0.89474,1,0.32759
966,1265,4.8703,8.6588,0.0061754,0.0062197,0.0062197,0.0062646,0.45652,1,0.39655
966,1265,4.7186,45.333,0.00074244,0.042773,0.042773,10.349,0.21739,1,0.39655
966,1285,4.9178,8.7064,0.0062987,0.0063373,0.0063373,0.0063766,0.35714,1,0.48276
966,1285,4.7236,46.234,0.0012461,0.12903,0.12903,19.344,0.35714,1,0.48276
966,1305,4.8989,9.7917,0.017209,0.0040039,0.0040039,4.1239,0.47255,1,0.50862
966,1305,1.9528,6.9981,0.98892,2.0702,2.0702,11.682,0.18847,1,0.50862
966,1305,4.7246,46.156,0.00098424,0.11799,0.11799,20.444,0.33898,1,0.50862
966,1325,4.7838,10.161,0.018199,-0.10209,-0.10209,5.6889,0.675,1,0.34483
966,1325,4.7206,45.177,0.00023664,0.021852,0.021852,12.255,0.25,1,0.34483
966,1345,1.4957,7.6943,0.020754,0.061204,0.061204,6.2368,0.43478,1,0.19828
966,1365,4.7094,10.227,0.0092891,0.10645,0.10645,13.908,0.70588,1,0.2931
966,1365,1.5024,9.7715,0.024111,0.19739,0.19739,47.301,0.29412,1,0.2931
966,1385,4.6713,10.809,0.011088,0.13003,0.13003,7.4023,0.83784,1,0.31897
966,1385,1.5795,23.986,0.0021279,0.18595,0.18595,21.228,0.16216,1,0.31897
966,1405,1.5795,23.986,0.0021279,0.18595,0.18595,21.228,0.15,1,0.34483
966,1405,4.702,10.703,0.011865,0.1339,0.1339,6.7214,0.85,1,0.34483
966,1425,4.6917,10.295,0.010219,0.092803,0.092803,6.0407,0.86047,1,0.37069
966,1445,4.6828,11.155,0.0085193,-0.029593,-0.029593,4.2705,0.96078,1,0.43966
966,1465,4.7372,10.665,0.0012791,0.06113,0.06113,5.0998,0.37751,1,0.27586
966,1465,4.6849,11.061,0.006808,-0.024663,-0.024663,5.9897,0.55999,1,0.27586
966,1485,4.6853,10.291,0.11858,0.050489,0.050489,11.644,0.95833,1,0.2069
966,1505,4.7244,11.031,0.0033403,-0.073727,-0.073727,5.5105,0.91304,1,0.19828
966,1525,4.73,10.268,0.004076,0.017663,0.017663,12.533,1,1,0.18966
966,1545,4.8074,10.898,0.029013,-0.13567,-0.13567,9.7702,1,1,0.2069
966,1565,4.8848,9.8178,0.059025,-0.37913,-0.37913,22.068,1,1,0.25862
966,1585,4.8307,11.313,0.073545,-0.0010353,-0.0010353,12.857,1,1,0.2931
966,1605,4.7465,12.358,0.062643,0.020651,0.020651,10.841,1,1,0.27586
966,1625,4.193,11.509,1.1104,1.5627,1.5627,15.334,1,1,0.27586
966,1645,5.2071,9.1548,0.99459,-1.9356,-1.9356,23.198,0.75378,1,0.30172
966,1645,1.8912,6.631,0.10177,0.68586,0.68586,11.084,0.24622,1,0.30172
966,1665,0.91517,8.7602,2.7222,-2.8096,-2.8096,14.875,1,1,0.28448
966,1685,0.63871,9.3825,1.0624,-0.21782,-0.21782,18.86,1,1,0.25862
966,1705,0.19026,9.7768,1.2963,-2.2039,-2.2039,15.31,1,1,0.10345
966,1725,3.9116,8.696,2.4671,2.34,2.34,6.0056,1,1,0.22414
966,1745,2.8128,7.4519,1.0175,0.69556,0.69556,4.3892,0.70587,1,0.19828
966,1745,4.938,12.448,0.26883,-0.21061,-0.21061,1.0328,0.29413,1,0.19828
966,1765,2.8425,7.5324,2.5803,3.018,3.018,11.27,1,1,0.42241
966,1785,4.6143,12.296,0.14113,-0.22675,-0.22675,0.77461,0.20892,1,0.39655
966,1785,2.4521,7.878,1.6518,-0.7421,-0.7421,3.5653,0.79108,1,0.39655
966,1805,1.5633,8.4009,0.045344,0.081704,0.081704,0.51985,0.69697,1,0.28448
966,1805,4.4023,13.125,0.00013514,0.0055356,0.0055356,0.22675,0.060606,1,0.28448
966,1825,1.5956,8.2728,0.0011135,0.0019437,0.0019437,0.032561,0.90909,1,0.28448
966,1845,1.5814,8.2019,0.0018246,0.003528,0.003528,0.033844,0.76923,1,0.11207
966,1905,2.1743,2.9722,0.01134,-0.013743,-0.013743,0.12208,0.7,1,0.086207
986,105,5.0811,5.877,1.8618,-0.68498,-0.68498,9.9693,1,1,0.086207
986,125,5.4535,6.4193,1.944,-2.5774,-2.5774,13.113,1,1,0.27586
986,145,4.9909,5.3834,8.8744,-7.9707,-7.9707,8.3251,1,1,0.2069
986,165,1.2926,4.2833,0.051593,-0.052538,-0.052538,0.0535,0.3125,1,0.13793
986,185,4.9152,8.544,0.015163,0.011584,0.011584,0.069445,0.54167,1,0.2069
986,205,4.7974,8.3859,0.64919,0.7701,0.7701,13.818,1,1,0.30172
986,225,4.9269,9.7104,0.02674,-0.097222,-0.097222,2.813,0.9697,1,0.28448
986,245,4.9185,10.344,0.03587,-0.16696,-0.16696,3.1018,0.57728,1,0.30172
986,245,0.98682,10.232,6.3397,4.2291,4.2291,2.8664,0.337,1,0.30172
986,265,2.6857,11.175,0.16063,0.039923,0.039923,0.11331,0.20654,1,0.37069
986,265,4.8211,9.9223,0.64795,0.51108,0.51108,3.027,0.79346,1,0.37069
986,285,2.8177,10.392,0.89093,0.12612,0.12612,1.7006,1,1,0.2069
986,305,3.7579,8.0964,3.9805,-6.1111,-6.1111,12.778,1,1,0.38793
986,325,2.2965,8.8597,3.9396,5.603,5.603,11.867,1,1,0.49138
986,345,4.918,12.02,0.024467,-0.087933,-0.087933,5.7057,0.77273,1,0.37931
986,365,4.9031,12.064,0.03687,-0.1301,-0.1301,5.3678,1,1,0.28448
986,385,4.8742,12.543,0.030204,-0.19035,-0.19035,4.4565,1,1,0.25862
986,405,4.8177,15.155,0.032224,-0.2302,-0.2302,5.221,1,1,0.17241
986,445,4.7546,12.296,0.0039875,0.01445,0.01445,0.070668,1,1,0.17241
986,465,4.7436,12.032,0.0056666,0.076959,0.076959,2.0962,0.96667,1,0.25862
986,485,4.7572,12.278,0.0044731,0.014732,0.014732,0.069663,1,1,0.25862
986,505,4.7432,12.402,0.0038,0.0024281,0.0024281,0.11419,1,1,0.34483
986,525,4.7246,12.452,0.0064434,0.0040703,0.0040703,0.14385,1,1,0.25862
986,545,4.7069,12.421,0.0072218,-0.0054721,-0.0054721,0.70943,1,1,0.34483
986,565,4.7433,12.284,0.0099882,-0.0001995,-0.0001995,1.1212,1,1,0.25862
986,585,4.7642,12.174,0.0098491,0.015753,0.015753,1.4036,1,1,0.25862
986,605,4.7543,11.936,0.010656,0.021573,0.021573,1.1954,0.86699,1,0.25862
986,605,4.7068,6.6202,0.0031611,0.069074,0.069074,1.5373,0.13301,1,0.25862
986,625,4.7339,11.37,0.0096467,0.048213,0.048213,5.0203,1,1,0.17241
986,645,4.717,12.36,0.008165,0.12111,0.12111,4.9091,1,1,0.086207
986,665,4.787,12.594,0.010087,0.14272,0.14272,6.6027,1,1,0.086207
986,685,4.7499,12.203,0.020095,0.37222,0.37222,8.3612,1,1,0.086207
986,705,4.6402,8.4105,0.017598,0.4191,0.4191,17.461,1,1,0.086207
986,725,4.6067,8.2581,0.013026,-0.0015993,-0.0015993,0.13397,1,1,0.086207
986,745,4.5961,8.4485,0.021144,-0.03757,-0.03757,0.16765,1,1,0.086207
986,845,4.0092,15.771,0.73386,0.84394,0.84394,18.795,1,1,0.17241
986,865,3.3967,18.181,0.52565,1.336,1.336,32.584,1,1,0.53448
986,885,3.3966,21.637,0.13217,0.74858,0.74858,52.858,1,1,0.63793
986,905,3.6576,18.767,0.47341,3.8069,3.8069,30.87,0.31031,1,0.65517
986,905,2.4539,7.9222,0.098595,-0.3862,-0.3862,4.9276,0.25548,1,0.65517
986,905,3.1997,35.124,0.0044746,-0.067542,-0.067542,1.0195,0.27632,1,0.65517
986,925,5.7422,21.072,8.8785,33.881,33.881,139.64,0.79856,1,0.57759
986,925,6.2593,31.95,0.0057251,0.023085,0.023085,14.105,0.20144,1,0.57759
986,945,2.4573,6.7646,0.013761,0.063976,0.063976,0.29743,0.21428,1,0.60345
986,945,6.2465,31.113,0.0059727,0.064848,0.064848,8.9534,0.37143,1,0.60345
986,945,4.8774,9.2219,2.4153,-2.5877,-2.5877,4.6501,0.27143,1,0.60345
986,965,2.3896,6.2445,0.012676,0.064892,0.064892,0.40133,0.214,1,0.60345
986,965,0.61318,24.691,1.9723,8.7934,8.7934,205.57,0.786,1,0.60345
986,985,0.17394,8.5636,0.60853,-0.51161,-0.51161,10.36,0.52763,1,0.62069
986,985,1.2586,36.958,2.2595,9.736,9.736,58.307,0.47237,1,0.62069
986,1005,0.048182,7.9396,0.98264,-1.0965,-1.0965,10.479,0.49999,1,0.36207
986,1005,1.7762,41.231,2.0875,10.383,10.383,62.521,0.50001,1,0.36207
986,1025,5.5051,18.674,0.90505,6.2528,6.2528,166.85,0.63193,1,0.32759
986,1025,3.2135,46.997,0.17577,-0.21675,-0.21675,0.53389,0.10525,1,0.32759
986,1025,1.9692,8.7561,0.096805,-0.22565,-0.22565,3.4424,0.26283,1,0.32759
986,1045,4.7512,11.532,0.0014511,0.051046,0.051046,5.5922,1,1,0.2069
986,1065,4.7326,11.324,0.00294,0.0039555,0.0039555,4.1147,0.97059,1,0.2931
986,1085,4.7061,11.814,0.0059333,-0.026955,-0.026955,6.2275,1,1,0.27586
986,1105,4.714,11.87,0.0068896,-0.10333,-0.10333,9.8507,0.95122,1,0.35345
986,1125,4.6936,12.467,0.0052106,-0.10896,-0.10896,10.308,1,1,0.27586
986,1145,4.7114,12.006,0.0047246,-0.16329,-0.16329,11.627,1,1,0.35345
986,1165,4.7203,11.082,0.0035496,-0.10026,-0.10026,8.6183,1,1,0.27586
986,1185,4.7326,11.228,0.0028154,-0.072887,-0.072887,7.952,1,1,0.27586
986,1205,4.7283,11.378,0.0019164,-0.075827,-0.075827,10.933,0.7619,1,0.36207
986,1205,1.6237,10.319,0.0070666,0.16377,0.16377,7.6394,0.2381,1,0.36207
986,1225,1.5897,10.011,0.0044663,0.067896,0.067896,4.279,0.71429,1,0.36207
986,1225,4.7138,12.281,0.004697,-0.076111,-0.076111,9.1754,0.28571,1,0.36207
986,1245,1.6172,10.22,0.0056383,0.11282,0.11282,5.1564,0.9375,1,0.27586
986,1265,1.6145,10.004,0.0043704,0.086802,0.086802,3.422,0.9375,1,0.27586
986,1285,4.9009,8.6896,0.0057001,0.0057559,0.0057559,0.0058124,0.30303,1,0.28448
986,1305,4.9347,8.7232,0.006326,0.0063512,0.0063512,0.006377,0.45455,1,0.18966
986,1385,4.7244,11.739,0.011488,0.077117,0.077117,7.9863,0.91667,1,0.10345
986,1405,4.602,9.3527,0.013977,0.19392,0.19392,5.3095,0.66667,1,0.10345
986,1425,4.719,11.248,0.0075699,0.051904,0.051904,3.999,1,1,0.18103
986,1445,4.706,11.183,0.0048788,-0.0025081,-0.0025081,5.3098,1,1,0.27586
986,1465,4.6982,11.003,0.051931,0.11262,0.11262,7.8502,1,1,0.27586
986,1485,4.7143,11.041,0.050464,0.080753,0.080753,8.0338,1,1,0.27586
986,1505,4.7074,10.213,0.052448,0.075938,0.075938,11.433,1,1,0.26724
986,1525,4.7574,10.866,0.015038,-0.021028,-0.021028,10.471,1,1,0.27586
986,1545,4.7986,9.9013,0.032139,-0.44679,-0.44679,23.084,1,1,0.27586
986,1565,4.844,9.7867,0.039162,-0.54397,-0.54397,20.151,1,1,0.28448
986,1585,4.8587,9.9865,0.054086,-0.33936,-0.33936,19.656,1,1,0.27586
986,1605,4.7563,11.073,0.055112,-0.24684,-0.24684,13.374,1,1,0.17241
986,1625,4.6614,12.588,0.0048916,-0.02141,-0.02141,6.3345,1,1,0.086207
986,1645,1.8125,9.1742,1.6326,1.4744,1.4744,13.235,1,1,0.17241
986,1665,0.94574,8.9069,0.48816,0.91975,0.91975,17.983,1,1,0.25862
986,1685,0.90716,9.1521,0.16725,0.75193,0.75193,13.651,1,1,0.25862
986,1705,0.73823,9.0607,0.18398,0.75378,0.75378,10.697,1,1,0.21552
986,1725,6.2178,5.2267,1.7457,1.8599,1.8599,9.79,1,1,0.19828
986,1745,1.812,5.6195,2.4335,2.4769,2.4769,10.117,1,1,0.31897
986,1765,1.6047,6.0528,3.2975,4.1771,4.1771,11.118,1,1,0.30172
986,1785,1.5125,6.4125,2.8699,2.7997,2.7997,13.492,1,1,0.17241
986,1805,1.5998,8.2967,0.00035581,0.0012051,0.0012051,0.0044563,0.6,1,0.086207
986,1825,1.5814,8.2019,0.0018246,0.003528,0.003528,0.033844,0.76923,1,0.11207
1006,105,0.62898,3.8096,2.594,-0.81566,-0.81566,0.56408,1,1,0.086207
1006,125,5.9272,4.5707,6.6812,-4.5138,-4.5138,4.35,1,1,0.26724
1006,145,4.8553,4.09,3.9708,0.59682,0.59682,0.92127,1,1,0.27586
1006,165,4.464,4.4749,0.049953,-0.037926,-0.037926,0.19788,0.52941,1,0.14655
1006,185,5.5536,4.3089,3.6626,1.9941,1.9941,2.5372,0.94737,1,0.32759
1006,205,5.4028,5.8525,2.1807,-0.66494,-0.66494,5.09,0.97297,1,0.31897
1006,225,4.8424,7.3142,1.3978,1.5011,1.5011,14.208,0.95455,1,0.18966
1006,245,5.1555,10.08,0.89412,0.36209,0.36209,1.7687,0.9375,1,0.27586
1006,265,3.531,6.9422,0.012769,-0.049536,-0.049536,0.19217,0.060606,1,0.28448
1006,265,5.9707,10.067,1.4136,-1.1447,-1.1447,2.2837,0.67251,1,0.28448
1006,265,2.691,11.066,0.15671,-0.01173,-0.01173,0.24708,0.26689,1,0.28448
1006,285,4.5232,9.843,1.5878,0.92536,0.92536,4.135,1,1,0.23276
1006,305,5.5578,8.3521,0.84486,0.64962,0.64962,12.882,0.67834,1,0.34483
1006,305,2.755,9.7594,0.040186,-0.22301,-0.22301,1.3855,0.32166,1,0.34483
1006,325,5.5695,2.8047,1.346,0.0599,0.0599,0.98149,0.28904,1,0.26724
1006,325,3.1412,10.038,1.9313,-1.1144,-1.1144,2.9416,0.71096,1,0.26724
1006,345,4.8721,11.397,0.033411,0.13989,0.13989,5.978,1,1,0.086207
1006,365,4.9098,11.71,0.0076426,-0.080781,-0.080781,3.2631,1,1,0.086207
1006,385,4.8569,13.519,0.059245,-0.32556,-0.32556,5.0652,1,1,0.086207
1006,485,4.7537,12.271,0.0015318,0.0035089,0.0035089,0.044849,1,1,0.086207
1006,505,4.7614,12.284,0.0081474,0.024781,0.024781,0.091408,1,1,0.086207
1006,525,4.7259,12.66,0.0041923,-0.0081612,-0.0081612,0.20869,1,1,0.086207
1006,545,4.6865,12.413,0.0041828,3.7865e-06,3.7865e-06,0.058415,1,1,0.086207
1006,565,4.7574,12.098,0.010795,0.0014884,0.0014884,2.3386,1,1,0.086207
1006,585,4.786,12.341,0.0097382,0.0054139,0.0054139,0.91207,1,1,0.086207
1006,605,4.7491,12.082,0.0082645,0.034812,0.034812,0.91796,1,1,0.086207
1006,845,2.7644,10.635,0.039617,0.10676,0.10676,0.30377,0.7,1,0.086207
1006,865,3.0118,13.494,0.21223,1.5625,1.5625,13.615,0.66667,1,0.51724
1006,865,3.4108,23.809,0.011908,-0.05974,-0.05974,0.29969,0.33333,1,0.51724
1006,885,2.9181,13.031,0.33299,1.5602,1.5602,16.684,0.59213,1,0.65517
1006,885,3.404,23.844,0.009835,-0.049309,-0.049309,0.24722,0.40787,1,0.65517
1006,905,3.0338,19.286,0.27823,2.1801,2.1801,89.58,0.85135,1,0.63793
1006,905,0.055313,35.212,0.011387,-0.18585,-0.18585,6.5915,0.14865,1,0.63793
1006,925,2.4469,8.4005,0.11369,-0.50731,-0.50731,6.8831,0.45313,1,0.55172
1006,925,0.010366,32.904,0.0097956,0.0059509,0.0059509,12.247,0.39062,1,0.55172
1006,945,6.2331,27.986,0.0047141,-0.12045,-0.12045,56.927,0.57447,1,0.40517
1006,945,2.3998,6.3047,0.013469,0.070153,0.070153,0.4311,0.34043,1,0.40517
1006,965,2.3919,6.2862,0.013506,0.068055,0.068055,0.40368,0.22951,1,0.52586
1006,965,6.2056,30.686,0.0051199,0.051212,0.051212,3.723,0.5082,1,0.52586
1006,985,0.059616,9.3414,0.52281,-0.7791,-0.7791,10.57,0.5296,1,0.58621
1006,985,6.1963,31.105,0.004796,0.062871,0.062871,2.5091,0.30882,1,0.58621
1006,985,2.3786,6.1548,0.011705,0.058568,0.058568,0.36258,0.14687,1,0.58621
1006,1005,5.832,12.136,0.29711,-0.12471,-0.12471,20.358,1,1,0.28448
1006,1025,5.4671,11.301,0.56486,-0.31053,-0.31053,16.386,1,1,0.26724
1006,1045,4.7541,11.377,0.0023352,0.045118,0.045118,1.0707,0.73333,1,0.25862
1006,1065,4.748,11.129,0.0012636,0.029214,0.029214,1.835,1,1,0.25862
1006,1085,4.7252,11.591,0.0036182,-0.0073755,-0.0073755,4.6675,1,1,0.17241
1006,1105,4.6807,12.547,0.007258,-0.014784,-0.014784,6.7434,1,1,0.086207
1006,1125,4.705,13.046,0.005328,-0.18774,-0.18774,11.496,1,1,0.086207
1006,1145,4.7031,10.89,0.0026993,-0.099545,-0.099545,7.7007,1,1,0.086207
1006,1165,4.7227,11.026,0.0048972,-0.086417,-0.086417,3.5546,1,1,0.086207
1006,1185,4.7485,10.184,0.0010958,-0.032961,-0.032961,8.8994,1,1,0.086207
1006,1205,4.7306,11.82,0.0025796,-0.08485,-0.08485,8.57,1,1,0.086207
1006,1225,1.6237,10.319,0.0070666,0.16377,0.16377,7.6394,1,1,0.086207
1006,1245,1.5944,10.195,0.001902,-0.011533,-0.011533,2.9389,1,1,0.086207
1006,1445,4.6798,11.074,0.0075036,0.017466,0.017466,2.9707,1,1,0.086207
1006,1465,4.7348,11.425,0.001676,0.02917,0.02917,5.3499,1,1,0.086207
1006,1485,4.6778,9.953,0.15382,0.26162,0.26162,13.853,1,1,0.086207
1006,1505,4.7293,11.295,0.0028466,-0.067183,-0.067183,3.7888,1,1,0.086207
1006,1525,4.763,7.8648,0.0012273,0.12844,0.12844,16.359,0.6,1,0.086207
1006,1545,4.9032,8.4862,0.011587,0.014483,0.014483,0.12514,0.39873,1,0.086207
1006,1545,4.7801,13.765,0.040542,0.046382,0.046382,3.1218,0.60127,1,0.086207
1006,1565,4.8695,8.1117,0.051181,-1.2462,-1.2462,39.409,1,1,0.086207
1006,1585,4.8184,9.6191,0.033947,-0.24016,-0.24016,5.4387,1,1,0.086207
1006,1665,0.78124,8.563,0.19784,0.74287,0.74287,9.8731,1,1,0.17241
1006,1685,0.62048,9.206,0.21966,0.92511,0.92511,3.967,0.3305,1,0.25862
1006,1685,0.71933,8.4692,0.16907,0.78967,0.78967,12.722,0.6695,1,0.25862
1006,1705,0.20177,6.6617,1.6333,1.6454,1.6454,6.5121,1,1,0.2931
1006,1725,6.2266,5.4128,1.8704,2.0747,2.0747,9.171,1,1,0.34483
1006,1745,0.4131,4.6463,3.2605,2.6961,2.6961,6.2295,1,1,0.31034
1006,1765,5.6335,2.6539,0.92961,-0.040131,-0.040131,5.1791,0.48126,1,0.2931
1006,1765,1.9512,6.5033,0.94752,-1.1645,-1.1645,4.6169,0.51874,1,0.2931
1006,1785,6.2316,4.1585,3.2255,3.6934,3.6934,7.5248,1,1,0.086207
1026,105,1.5563,4.0355,2.5667,-0.15141,-0.15141,0.37845,1,1,0.086207
1026,125,1.1124,3.9944,3.3926,-0.77584,-0.77584,0.79191,1,1,0.25862
1026,145,4.943,4.1302,2.4349,0.7078,0.7078,0.60551,1,1,0.25862
1026,165,4.8861,4.213,2.06,0.98398,0.98398,1.2698,1,1,0.32759
1026,185,4.7819,4.6289,1.6416,-0.30784,-0.30784,1.5389,0.97368,1,0.32759
1026,205,5.5831,4.812,3.9574,2.1575,2.1575,3.1605,0.94286,1,0.30172
1026,225,5.79,7.9212,1.1713,0.078236,0.078236,7.4018,1,1,0.17241
1026,245,6.0555,10.523,0.048948,0.061298,0.061298,0.82053,0.96774,1,0.26724
1026,265,5.916,10.357,1.2239,0.63207,0.63207,1.4216,0.89474,1,0.32759
1026,265,3.005,11.106,0.000441,0.0077462,0.0077462,0.13606,0.052632,1,0.32759
1026,265,3.531,6.9422,0.012769,-0.049536,-0.049536,0.19217,0.052632,1,0.32759
1026,285,6.0938,10.383,0.036877,-0.074649,-0.074649,0.15111,0.84211,1,0.32759
1026,305,6.0837,10.404,0.014099,-0.028522,-0.028522,0.0577,0.66662,1,0.25862
1026,305,4.5307,9.6957,1.589,1.3365,1.3365,5.6684,0.33338,1,0.25862
1026,845,2.8047,11.706,0.066566,0.39359,0.39359,3.7211,1,1,0.086207
1026,865,3.0013,14.101,0.19235,1.6736,1.6736,35.639,1,1,0.34483
1026,885,2.8688,12.086,0.078694,0.35066,0.35066,3.224,0.5625,1,0.41379
1026,885,3.3987,23.871,0.010975,-0.054998,-0.054998,0.27561,0.4375,1,0.41379
1026,905,2.8902,17.094,0.30533,2.6573,2.6573,65.566,0.59615,1,0.44828
1026,905,0.035605,34.39,0.0084725,-0.05134,-0.05134,7.3319,0.40385,1,0.44828
1026,925,2.7365,9.0842,0.37272,-1.2663,-1.2663,9.9466,0.17778,1,0.38793
1026,925,0.039357,34.613,0.013209,-0.066879,-0.066879,7.2091,0.75556,1,0.38793
1026,945,6.2359,27.924,0.029408,0.85425,0.85425,106.46,0.78571,1,0.36207
1026,945,2.9685,6.9183,0.23017,0.2592,0.2592,0.79395,0.19048,1,0.36207
1026,965,4.2235,6.5817,3.1198,0.75172,0.75172,0.61715,0.45,1,0.51724
1026,965,6.2011,31.446,0.005044,0.024354,0.024354,4.764,0.55,1,0.51724
1026,985,6.1461,11.682,0.089185,-0.50194,-0.50194,9.2869,0.51163,1,0.37069
1026,985,6.1952,32.05,0.0047941,0.0311,0.0311,3.0381,0.48837,1,0.37069
1026,1005,6.2811,10.105,0.10275,-0.15255,-0.15255,22.593,1,1,0.21552
1026,1025,5.9759,10.329,0.38809,-0.59843,-0.59843,21.853,1,1,0.2931
1026,1045,4.755,11.482,0.0008632,0.02409,0.02409,0.69273,0.5,1,0.17241
1026,1685,0.7345,6.4689,1.8607,1.1983,1.1983,6.008,1,1,0.17241
1026,1705,0.25755,5.9201,2.6354,2.1771,2.1771,8.2336,1,1,0.25862
1026,1725,0.85047,4.8171,3.6863,2.7008,2.7008,6.0879,1,1,0.25862
1026,1745,6.2209,4.4874,3.2153,1.7433,1.7433,6.5209,1,1,0.25862
1026,1765,6.0927,4.5381,9.2402,7.3941,7.3941,7.1233,1,1,0.25862
1026,1785,5.6264,4.4531,2.5775,1.3218,1.3218,8.3563,1,1,0.086207
1046,125,4.6507,4.1263,2.3519,0.47513,0.47513,0.21985,1,1,0.17241
1046,145,4.5191,4.1964,0.037152,-0.037889,-0.037889,0.038642,0.7,1,0.25862
1046,145,0.16991,5.0996,0.12895,0.012389,0.012389,0.0011903,0.066667,1,0.25862
1046,185,4.5279,4.1726,0.050101,-0.046893,-0.046893,0.04869,0.73333,1,0.25862
1046,205,4.7392,4.8467,1.2717,-0.6608,-0.6608,1.3069,0.90909,1,0.18966
1046,225,6.0931,10.814,0.042995,0.13433,0.13433,0.9348,0.76923,1,0.11207
1046,245,6.0364,10.451,0.04832,0.13019,0.13019,1.0104,0.90909,1,0.28448
1046,265,6.1016,10.48,0.048923,0.05917,0.05917,0.86594,0.93617,1,0.40517
1046,285,6.0628,10.446,0.031331,-0.063436,-0.063436,0.12844,0.84615,1,0.22414
1046,305,1.1034,10.792,9.7437,2.0018,2.0018,0.52539,1,1,0.34483
1046,845,3.0686,9.7085,0.33466,1.3221,1.3221,8.8093,1,1,0.086207
1046,865,3.0719,10.651,0.21724,0.72136,0.72136,8.1907,1,1,0.25862
1046,885,3.1007,11.085,0.23922,1.1149,1.1149,28.895,0.66667,1,0.25862
1046,885,3.284,36.609,0.011321,0.048177,0.048177,0.20503,0.33333,1,0.25862
1046,905,3.0608,13.531,0.21152,1.1255,1.1255,23.243,0.35849,1,0.4569
1046,905,0.030614,33.46,0.0041342,0.019607,0.019607,8.9472,0.39623,1,0.4569
1046,905,3.2596,36.331,0.011313,0.066495,0.066495,0.64429,0.24528,1,0.4569
1046,925,3.3127,7.6127,0.011124,0.053605,0.053605,0.38799,0.28302,1,0.4569
1046,925,0.029949,33.887,0.0095182,-0.022635,-0.022635,8.8855,0.62264,1,0.4569
1046,945,5.8166,6.8538,0.022755,-0.083164,-0.083164,0.30395,0.30952,1,0.36207
1046,945,0.042046,34.053,0.016625,-0.054277,-0.054277,7.2791,0.40476,1,0.36207
1046,945,3.3184,6.8899,0.040622,0.1352,0.1352,1.186,0.19048,1,0.36207
1046,965,5.7732,7.0125,0.021404,-0.078228,-0.078228,0.28591,0.20408,1,0.42241
1046,965,6.2592,32.523,0.0052066,-0.044402,-0.044402,2.2532,0.44898,1,0.42241
1046,985,6.0768,9.1828,0.13978,0.26334,0.26334,7.7347,0.5,1,0.39655
1046,985,6.2468,32.368,0.0061674,-0.033693,-0.033693,2.3385,0.47826,1,0.39655
1046,1005,0.0082849,9.8038,0.1295,-0.39765,-0.39765,15.502,1,1,0.25
1046,1025,0.16,9.9491,0.14074,0.1436,0.1436,15.08,1,1,0.28448
1046,1045,0.26645,10.498,0.17601,0.090905,0.090905,9.7633,1,1,0.17241
1046,1705,3.318,5.4419,2.9411,-3.6778,-3.6778,6.4735,1,1,0.086207
1046,1725,2.666,4.0064,12.349,7.7287,7.7287,5.5866,1,1,0.086207
1046,1745,0.44173,5.0029,7.1527,5.3438,5.3438,5.1214,1,1,0.086207
1046,1765,5.6264,4.4531,2.5775,1.3218,1.3218,8.3563,1,1,0.086207
1066,225,5.9863,12.442,0.058995,0.55123,0.55123,18.016,0.97826,1,0.39655
1066,245,5.9946,10.995,0.049662,0.23285,0.23285,12.07,0.84087,1,0.5431
1066,245,3.6543,10.478,0.43929,0.4229,0.4229,9.414,0.14326,1,0.5431
1066,265,6.0105,10.254,0.049443,0.18969,0.18969,2.7606,0.89474,1,0.32759
1066,285,6.1185,10.428,0.052417,0.114,0.114,1.1619,0.5206,1,0.37931
1066,285,2.3838,11.881,0.99616,-0.04305,-0.04305,0.048663,0.4794,1,0.37931
1066,305,1.0731,11.458,1.6142,0.62875,0.62875,0.53367,1,1,0.25862
1066,325,0.24133,11.986,3.613,0.37668,0.37668,0.043518,0.8,1,0.086207
1066,325,2.711,11.733,0.034969,0.0031079,0.0031079,0.00027622,0.2,1,0.086207
1066,845,3.2,9.6094,0.074117,0.60299,0.60299,11.134,0.70989,1,0.086207
1066,845,3.6912,12.807,0.012257,0.02251,0.02251,0.06021,0.29011,1,0.086207
1066,865,3.3124,10.937,0.17506,0.86547,0.86547,7.6538,1,1,0.26724
1066,885,3.2375,11.936,0.17158,0.90976,0.90976,26.529,0.6,1,0.43103
1066,885,3.2997,36.676,0.011014,0.046955,0.046955,0.20019,0.4,1,0.43103
1066,905,3.2359,11.902,0.10584,0.37397,0.37397,26.537,0.45902,1,0.52586
1066,905,3.2959,36.659,0.011382,0.048532,0.048532,0.20695,0.36066,1,0.52586
1066,905,0.045784,33.437,0.0034367,-0.015633,-0.015633,11.095,0.18033,1,0.52586
1066,925,3.2639,13.319,0.087739,0.2371,0.2371,52.538,0.5625,1,0.55172
1066,925,0.04321,32.764,0.0042977,-0.011344,-0.011344,8.3001,0.39062,1,0.55172
1066,945,0.038441,32.353,0.0047395,-0.014234,-0.014234,5.298,0.27273,1,0.47414
1066,945,6.1878,6.0962,0.012605,-0.012707,-0.012707,0.01281,0.43636,1,0.47414
1066,945,3.3278,7.4124,0.022474,0.050149,0.050149,0.47516,0.25455,1,0.47414
1066,965,5.9559,6.5791,0.045507,-0.11975,-0.11975,0.33232,0.32258,1,0.53448
1066,965,3.3534,6.3532,0.055658,0.14732,0.14732,0.53556,0.20968,1,0.53448
1066,965,0.074706,31.034,0.016589,-0.15099,-0.15099,4.0174,0.35484,1,0.53448
1066,985,0.078264,30.892,0.0171,-0.14713,-0.14713,3.7698,0.5122,1,0.35345
1066,1005,0.55345,11.702,0.0014937,0.035051,0.035051,0.89792,0.53846,1,0.22414
1066,1025,0.35175,10.667,0.12887,0.27138,0.27138,7.4919,1,1,0.31034
1066,1045,0.56747,11.532,0.0014566,-0.0098415,-0.0098415,0.078882,1,1,0.25862
1086,205,5.8983,11.696,0.0091003,0.14567,0.14567,5.292,0.96875,1,0.27586
1086,225,5.9336,11.951,0.042376,0.37381,0.37381,10.987,0.84577,1,0.56034
1086,225,3.6545,10.484,0.44071,0.43576,0.43576,9.4603,0.13884,1,0.56034
1086,245,3.8903,14.258,1.2155,9.2182,9.2182,111.65,0.20948,1,0.57759
1086,245,5.9146,10.944,0.032464,0.212,0.212,6.6078,0.79052,1,0.57759
1086,265,5.9552,10.753,0.041801,0.21816,0.21816,6.0259,0.59834,1,0.5
1086,265,3.1844,11.181,0.78366,0.18718,0.18718,6.3475,0.40166,1,0.5
1086,285,2.1619,12.006,2.3551,0.65495,0.65495,0.4085,0.96667,1,0.25862
1086,305,1.9914,11.9,1.3776,-0.0030904,-0.0030904,0.0547,1,1,0.25862
1086,325,1.4672,11.958,1.1134,0.12542,0.12542,0.068454,1,1,0.086207
1086,865,3.4558,11.633,0.041836,0.31015,0.31015,4.6602,1,1,0.25862
1086,885,3.5132,12.292,0.00015305,6.2829e-05,6.2829e-05,0.63771,0.52174,1,0.39655
1086,885,3.3112,35.93,0.0078933,0.0036613,0.0036613,6.4221,0.45652,1,0.39655
1086,905,3.3276,14.516,0.11337,0.62081,0.62081,17.047,0.57694,1,0.44828
1086,905,3.3012,36.371,0.006622,0.071765,0.071765,2.8874,0.40383,1,0.44828
1086,925,3.406,11.945,0.0081521,0.17289,0.17289,10.269,0.50794,1,0.5431
1086,925,0.054761,33.089,0.0081707,-0.04062,-0.04062,9.4684,0.20635,1,0.5431
1086,945,6.1525,7.7544,0.033218,-0.36142,-0.36142,6.6306,0.31148,1,0.52586
1086,945,0.062914,32.214,0.010546,-0.048436,-0.048436,5.5799,0.2623,1,0.52586
1086,945,3.3621,12.377,0.015172,-0.020464,-0.020464,11.837,0.42623,1,0.52586
1086,965,3.3864,6.2545,0.057472,0.072944,0.072944,0.62951,0.19444,1,0.62069
1086,965,5.8836,8.7313,0.38708,-1.0691,-1.0691,11.539,0.48612,1,0.62069
1086,965,0.1241,31.245,0.016045,-0.18594,-0.18594,4.3658,0.30556,1,0.62069
1086,985,0.12124,31.445,0.01469,-0.16501,-0.16501,5.1644,0.5122,1,0.35345
1086,985,3.3998,6.4349,0.062081,0.11021,0.11021,0.56358,0.26829,1,0.35345
1086,1005,0.48924,9.8501,0.0013097,0.046363,0.046363,1.6412,0.21429,1,0.12069
1086,1025,0.56401,11.57,0.0013696,-0.0091466,-0.0091466,0.076311,0.7931,1,0.25
1086,1045,0.50011,11.127,0.054298,0.33336,0.33336,6.4339,1,1,0.27586
1106,205,5.9373,12.067,0.018446,0.25772,0.25772,9.3817,1,1,0.27586
1106,225,5.9712,12.654,0.02657,0.31103,0.31103,13.246,0.98438,1,0.55172
1106,245,5.9639,12.796,0.026556,0.38544,0.38544,15.056,0.83098,1,0.56897
1106,245,3.6807,11.041,0.43183,0.34736,0.34736,11.499,0.15387,1,0.56897
1106,265,5.5909,12.416,1.1718,-0.074257,-0.074257,8.3452,1,1,0.39655
1106,285,1.9161,11.569,5.009,2.7199,2.7199,2.3637,1,1,0.28448
1106,305,1.9981,12.11,2.7474,1.0041,1.0041,0.57215,0.95,1,0.17241
1106,845,3.5139,11.969,0.00031529,-0.013355,-0.013355,1.2557,1,1,0.086207
1106,865,3.5132,12.177,0.00019616,-0.0041245,-0.0041245,0.83808,1,1,0.25862
1106,885,3.5063,12.302,0.00044361,-0.0069702,-0.0069702,0.65893,0.58824,1,0.43966
1106,885,3.2727,34.7,0.0033967,0.12008,0.12008,6.5403,0.39216,1,0.43966
1106,905,3.4895,12.544,0.00060343,-0.0026641,-0.0026641,0.18307,0.54237,1,0.50862
1106,905,3.2719,34.706,0.0030939,0.10914,0.10914,6.3153,0.37288,1,0.50862
1106,925,3.3787,15.679,0.013327,-0.11161,-0.11161,39.782,0.7037,1,0.46552
1106,925,0.053865,34.508,0.028065,-0.39259,-0.39259,12.527,0.22222,1,0.46552
1106,945,3.3343,13.316,0.019007,-0.068108,-0.068108,0.26796,0.41085,1,0.62931
1106,945,6.0811,18.902,1.2264,6.9196,6.9196,174.09,0.58915,1,0.62931
1106,965,5.1199,17.636,2.0856,11.408,11.408,123.29,1,1,0.62931
1106,985,0.094663,32.294,0.0082577,-0.048309,-0.048309,2.587,0.39623,1,0.4569
1106,985,4.9299,9.3713,2.1163,4.3182,4.3182,12.912,0.60377,1,0.4569
1106,1005,0.14891,9.0852,0.15375,1.4544,1.4544,26.926,1,1,0.19828
1106,1025,0.38777,11.543,0.20447,1.9562,1.9562,31.329,1,1,0.22414
1106,1045,0.41121,10.363,0.097703,0.88537,0.88537,19.281,1,1,0.28448
1106,1065,0.33726,10.391,0.13122,0.91836,0.91836,19.607,1,1,0.086207
1106,1405,1.6348,8.5566,0.013092,-0.016989,-0.016989,0.072521,1,1,0.086207
1106,1445,1.6154,9.2892,0.007561,-0.012727,-0.012727,1.9435,1,1,0.086207
1106,1465,1.5956,9.8376,0.00079424,-0.022772,-0.022772,0.67592,0.5,1,0.086207
1126,205,5.999,12.807,0.017399,0.19599,0.19599,8.9766,1,1,0.18103
1126,225,6.0046,13.33,0.0236,0.35804,0.35804,17.757,1,1,0.4569
1126,245,6.0343,13.919,0.058984,0.65741,0.65741,31.907,0.89267,1,0.48276
1126,245,4.37,13.806,0.18289,-0.2884,-0.2884,0.58306,0.10733,1,0.48276
1126,265,5.6614,12.302,0.96325,-0.044242,-0.044242,5.7429,1,1,0.38793
1126,285,6.0794,12.092,3.9104,-3.2575,-3.2575,4.0886,0.94118,1,0.2931
1126,285,6.0755,12.048,0.0027563,0.007986,0.007986,0.023139,0.058822,1,0.2931
1126,305,5.8278,12.144,1.9545,-1.8667,-1.8667,2.3708,1,1,0.094828
1126,865,3.5021,12.37,0.00050483,-0.010445,-0.010445,0.7932,1,1,0.17241
1126,885,3.4189,12.826,0.017679,-0.070118,-0.070118,0.42531,0.66667,1,0.51724
1126,885,3.2539,33.659,0.003581,0.11413,0.11413,4.8553,0.33333,1,0.51724
1126,905,3.4788,12.743,0.0005281,0.0017212,0.0017212,0.016963,0.37931,1,0.5
1126,905,3.25,33.911,0.0044298,0.13334,0.13334,6.607,0.55172,1,0.5
1126,925,3.2568,34.248,0.0074381,0.1433,0.1433,8.6167,0.15476,1,0.72414
1126,925,0.097699,32.151,0.017703,-0.34467,-0.34467,13.98,0.2619,1,0.72414
1126,925,3.3591,13.17,0.021137,-0.072192,-0.072192,0.27242,0.52381,1,0.72414
1126,945,3.253,13.649,0.011039,-0.033686,-0.033686,0.13489,0.43478,1,0.59483
1126,945,6.1357,22.927,0.46687,3.9442,3.9442,130.72,0.56522,1,0.59483
1126,965,4.7136,9.9733,1.5754,0.18231,0.18231,9.9186,0.70513,1,0.67241
1126,965,0.12727,31.114,0.0045184,-0.032437,-0.032437,3.755,0.29487,1,0.67241
1126,985,5.4119,8.8865,1.6128,1.7603,1.7603,11.186,0.69565,1,0.59483
1126,985,0.12794,31.011,0.0050603,-0.023476,-0.023476,2.3595,0.30435,1,0.59483
1126,1005,6.2027,9.5465,1.7837,1.7629,1.7629,35.863,1,1,0.47414
1126,1025,0.29254,10.518,0.19404,2.2553,2.2553,39.877,0.78224,1,0.38793
1126,1025,4.2939,5.2101,1.3835,2.292,2.292,4.265,0.21776,1,0.38793
1126,1045,0.022614,9.6458,0.85697,3.1653,3.1653,31.063,1,1,0.37069
1126,1065,0.33091,9.3812,0.10999,1.2881,1.2881,31.231,1,1,0.11207
1126,1105,1.5951,12.247,0.0077517,-0.0034013,-0.0034013,0.75425,1,1,0.086207
1126,1145,1.5397,11.878,0.019779,0.0067171,0.0067171,0.44268,1,1,0.086207
1126,1325,1.5578,9.0013,0.007825,-0.013822,-0.013822,1.4662,1,1,0.17241
1126,1385,1.537,8.5391,0.0085805,-0.0047403,-0.0047403,0.018767,1,1,0.34483
1126,1405,1.5661,8.4051,0.0084418,-0.0053569,-0.0053569,0.075419,1,1,0.25862
1126,1425,1.5977,8.6598,0.0090643,-0.00078398,-0.00078398,0.9139,1,1,0.25862
1126,1445,1.5932,8.8961,0.0075649,0.0062928,0.0062928,1.6923,1,1,0.25862
1126,1465,1.5998,9.3863,0.008986,-0.0024801,-0.0024801,2.5104,1,1,0.25862
1126,1485,1.5956,9.8376,0.00079424,-0.022772,-0.022772,0.67592,0.5,1,0.086207
1126,1505,1.4298,9.4079,0.002424,0.020767,0.020767,0.28499,1,1,0.086207
1126,1525,1.4376,9.2028,0.0026998,0.016487,0.016487,0.30763,1,1,0.086207
1126,1565,1.4503,9.6312,0.00085081,-0.013354,-0.013354,0.44067,1,1,0.086207
1146,225,6.0554,12.097,0.016584,-0.0032603,-0.0032603,0.40412,0.83333,1,0.10345
1146,245,6.0423,12.003,0.027741,-0.0021374,-0.0021374,0.64247,0.875,1,0.13793
1146,265,5.2681,12.814,1.0362,-0.82476,-0.82476,2.289,1,1,0.10345
1146,285,5.4772,12.238,2.4047,-1.7291,-1.7291,2.1423,1,1,0.11207
1146,885,3.2531,33.876,0.0042539,0.13261,0.13261,5.2617,0.25,1,0.34483
1146,905,3.281,13.398,0.019936,-0.069038,-0.069038,0.28043,0.66176,1,0.58621
1146,905,3.2538,34.137,0.004585,0.13049,0.13049,7.4019,0.32353,1,0.58621
1146,925,3.251,13.583,0.014928,-0.04035,-0.04035,0.17437,0.32432,1,0.63793
1146,925,3.2579,33.999,0.0069221,0.12956,0.12956,8.8077,0.18919,1,0.63793
1146,925,0.3923,7.6271,0.0028408,0.052226,0.052226,0.96021,0.13514,1,0.63793
1146,945,3.2538,13.611,0.014651,-0.042646,-0.042646,0.15292,0.32258,1,0.80172
1146,945,6.2622,8.7321,0.14526,-0.22973,-0.22973,4.0577,0.30108,1,0.80172
1146,965,5.8798,9.1902,0.3629,0.37417,0.37417,2.7759,0.49412,1,0.73276
1146,965,0.14147,29.965,0.00013183,-0.0095968,-0.0095968,0.69895,0.37647,1,0.73276
1146,965,3.2398,13.74,0.0095518,-0.022811,-0.022811,0.086518,0.11765,1,0.73276
1146,985,6.0531,8.3769,0.064059,-0.31242,-0.31242,2.6688,0.38512,1,0.59483
1146,985,3.7242,7.6234,1.3712,5.0624,5.0624,43.148,0.32502,1,0.59483
1146,985,0.14145,29.968,0.00015475,-0.011269,-0.011269,0.82097,0.28985,1,0.59483
1146,1005,0.089544,10.464,0.069212,1.016,1.016,69.402,0.36554,1,0.47414
1146,1005,5.1965,6.8332,3.2736,4.4067,4.4067,7.8965,0.63446,1,0.47414
1146,1025,5.485,7.722,2.6292,4.6092,4.6092,23.79,1,1,0.38793
1146,1045,5.4659,6.7323,2.088,3.9869,3.9869,17.713,1,1,0.39655
1146,1065,0.92779,12.418,0.14712,0.20051,0.20051,0.33817,0.23077,1,0.22414
1146,1065,4.8329,5.2061,0.89716,1.057,1.057,2.0841,0.76923,1,0.22414
1146,1085,1.5395,12.393,0.02195,-0.043544,-0.043544,0.73555,0.52169,1,0.19828
1146,1085,4.6761,5.7789,0.58139,1.5381,1.5381,6.2827,0.47831,1,0.19828
1146,1105,1.5637,12.15,0.0079527,-0.011629,-0.011629,0.57365,1,1,0.27586
1146,1125,1.587,12.062,0.010857,0.0026069,0.0026069,0.65276,1,1,0.27586
1146,1145,1.5838,11.869,0.012825,0.006054,0.006054,0.53692,1,1,0.26724
1146,1165,1.5449,11.44,0.016617,-0.005753,-0.005753,1.5884,1,1,0.10345
1146,1305,1.6183,9.5258,0.0074091,-0.070006,-0.070006,2.5901,1,1,0.12931
1146,1325,1.5589,9.2009,0.0073851,-0.014103,-0.014103,1.6712,1,1,0.31034
1146,1345,1.533,8.9017,0.0066701,0.0018197,0.0018197,1.2852,1,1,0.30172
1146,1385,1.5072,8.5319,0.002821,-0.0014162,-0.0014162,0.00071102,0.88,1,0.21552
1146,1405,1.5704,8.5305,0.013081,-0.0097322,-0.0097322,0.052897,0.96154,1,0.22414
1146,1445,1.5949,9.3846,0.01107,-0.010816,-0.010816,2.4658,1,1,0.22414
1146,1465,1.6023,9.3755,0.013993,-0.047959,-0.047959,2.6029,1,1,0.28448
1146,1485,1.4886,9.5443,0.010005,0.022082,0.022082,2.3103,1,1,0.19828
1146,1505,1.4175,9.2196,0.0037919,0.032553,0.032553,0.44228,1,1,0.28448
1146,1525,1.4368,9.5347,0.002069,0.008382,0.008382,0.45545,1,1,0.25862
1146,1545,1.4436,9.6091,0.0015424,-0.0033617,-0.0033617,0.49955,1,1,0.25862
1146,1565,1.4411,9.9574,0.0010762,-0.016609,-0.016609,0.45293,1,1,0.25862
1146,1585,1.4503,9.6312,0.00085081,-0.013354,-0.013354,0.44067,1,1,0.086207
1146,1605,1.225,8.6884,0.0059884,-0.027234,-0.027234,0.20288,1,1,0.086207
1146,1665,4.6204,4.2869,0.018489,-0.0077982,-0.0077982,0.053047,1,1,0.086207
1146,1685,4.5605,4.3021,0.054683,-0.026603,-0.026603,0.015435,1,1,0.086207
1146,1705,4.5575,4.3983,0.053782,-0.052276,-0.052276,0.095628,1,1,0.086207
1166,905,3.1609,13.871,0.0032181,-0.017457,-0.017457,0.14854,0.5,1,0.39655
1166,925,0.4076,7.9097,0.0073185,0.13497,0.13497,2.489,0.32258,1,0.53448
1166,925,3.2258,13.629,0.013911,-0.044598,-0.044598,0.20938,0.37097,1,0.53448
1166,945,0.19613,8.271,0.097045,-0.16156,-0.16156,3.3896,0.59756,1,0.7069
1166,945,3.2398,13.74,0.0095518,-0.022811,-0.022811,0.086518,0.12195,1,0.7069
1166,965,6.1648,8.9703,0.11615,-0.15157,-0.15157,2.4458,0.66154,1,0.56034
1166,985,6.0628,8.863,0.041807,-0.0865,-0.0865,0.24113,0.58537,1,0.35345
1166,1005,0.43251,6.1863,2.8497,-4.0254,-4.0254,7.0475,0.85714,1,0.24138
1166,1005,3.8623,4.9761,0.0083631,0.088041,0.088041,0.92682,0.10714,1,0.24138
1166,1025,4.8421,5.0143,1.4444,1.7088,1.7088,2.9428,0.97368,1,0.32759
1166,1045,5.0055,5.4,1.4745,2.4785,2.4785,5.9385,1,1,0.27586
1166,1065,4.9282,5.7077,1.3708,2.9322,2.9322,8.8097,1,1,0.2931
1166,1085,4.4672,4.8758,0.37097,0.97677,0.97677,4.5802,0.70455,1,0.37931
1166,1085,1.4661,12.333,0.012082,-0.034708,-0.034708,0.30591,0.29545,1,0.37931
1166,1105,1.5592,12.193,0.0087221,-0.00498,-0.00498,0.47902,0.76744,1,0.37069
1166,1105,4.461,5.1897,0.13111,0.29938,0.29938,3.0971,0.23256,1,0.37069
1166,1125,1.5813,12.001,0.01083,-0.026842,-0.026842,0.6984,1,1,0.37931
1166,1145,1.5653,11.894,0.01218,0.0018194,0.0018194,0.55328,1,1,0.28448
1166,1165,1.5926,11.39,0.011486,0.024841,0.024841,1.416,0.56522,1,0.19828
1166,1165,4.5609,4.3398,0.037387,-0.069113,-0.069113,0.15783,0.43478,1,0.19828
1166,1185,4.6076,4.318,0.052919,-0.078843,-0.078843,0.17514,0.76923,1,0.11207
1166,1305,1.5866,9.8138,0.006973,-0.039982,-0.039982,2.3647,0.60714,1,0.24138
1166,1305,4.8917,5.1979,0.048055,-0.19521,-0.19521,7.7149,0.39286,1,0.24138
1166,1325,1.5908,9.3946,0.0057938,-0.046831,-0.046831,1.741,0.66667,1,0.33621
1166,1325,4.8401,6.2305,0.014116,-0.17254,-0.17254,7.7437,0.33333,1,0.33621
1166,1345,1.5573,9.2124,0.0094199,-0.044018,-0.044018,2.389,0.88372,1,0.37069
1166,1365,1.6155,8.6223,0.030571,-0.0070426,-0.0070426,0.052692,0.69565,1,0.19828
1166,1385,1.5516,8.5055,0.012725,-0.0065046,-0.0065046,0.045864,0.86207,1,0.25
1166,1405,1.5782,8.3664,0.012309,-0.0072158,-0.0072158,0.06982,0.80952,1,0.18103
1166,1425,1.6195,8.4603,0.02929,0.010123,0.010123,0.16361,0.77273,1,0.18966
1166,1445,1.6419,9.1296,0.028564,-0.12965,-0.12965,2.1482,0.89655,1,0.25
1166,1465,1.6086,9.4779,0.015028,-0.035997,-0.035997,2.1063,0.94286,1,0.30172
1166,1485,4.6388,5.4816,0.013849,-0.071007,-0.071007,12.085,0.35135,1,0.31897
1166,1485,1.5033,9.4274,0.026197,-0.042439,-0.042439,2.1254,0.64865,1,0.31897
1166,1505,1.4088,9.2269,0.0040152,0.039748,0.039748,0.50065,0.62162,1,0.31897
1166,1505,4.6144,3.6331,0.015128,0.0049209,0.0049209,0.31614,0.32432,1,0.31897
1166,1525,1.4286,9.2956,0.0046908,0.037906,0.037906,0.46645,0.94286,1,0.30172
1166,1545,1.4521,9.8677,0.00042103,-0.0058279,-0.0058279,0.16841,0.66985,1,0.2931
1166,1545,1.3948,10.972,0.00011275,0.002269,0.002269,0.12264,0.33015,1,0.2931
1166,1565,1.4364,10.112,0.0011266,-0.017889,-0.017889,0.55562,1,1,0.28448
1166,1585,1.4346,10.32,0.0012722,-0.010099,-0.010099,0.31566,0.50004,1,0.18966
1166,1585,1.2451,8.6315,0.0094944,-0.036211,-0.036211,0.21683,0.49996,1,0.18966
1166,1605,1.2052,8.7882,0.012585,-0.050542,-0.050542,0.26227,0.9697,1,0.28448
1166,1625,1.2046,8.7991,0.0097376,-0.03934,-0.03934,0.21793,0.96774,1,0.26724
1166,1645,1.1881,8.8572,0.011203,-0.043422,-0.043422,0.20418,0.68182,1,0.37931
1166,1645,4.7097,4.3047,0.047092,0.019657,0.019657,0.080816,0.31818,1,0.37931
1166,1665,4.6222,4.282,0.042068,-0.012324,-0.012324,0.057053,0.78261,1,0.39655
1166,1665,1.2149,8.7046,0.0036027,-0.0061414,-0.0061414,0.049068,0.21739,1,0.39655
1166,1685,4.5759,4.3283,0.043991,-0.028636,-0.028636,0.056389,1,1,0.31034
1166,1705,4.5597,4.3283,0.054299,-0.041612,-0.041612,0.05581,0.96875,1,0.27586
1166,1725,4.3697,4.5707,0.22119,-0.20388,-0.20388,0.24777,0.6,1,0.17241
1166,1725,3.3655,3.7015,0.0020703,0.013343,0.013343,0.085993,0.1,1,0.17241
1186,905,3.1861,13.754,0.0032847,-0.018299,-0.018299,0.10195,0.29412,1,0.2931
1186,925,2.9861,14.603,0.02418,-0.015973,-0.015973,0.010551,0.038462,1,0.44828
1186,925,3.0528,41.369,0.015753,-0.37612,-0.37612,16.022,0.057692,1,0.44828
1186,925,0.39427,7.6637,0.0039504,0.072873,0.072873,1.3443,0.80769,1,0.44828
1186,945,0.16036,8.1961,0.087177,-0.1047,-0.1047,2.8011,0.94231,1,0.44828
1186,965,6.2208,8.3193,0.08927,-0.13265,-0.13265,0.4369,0.83333,1,0.36207
1186,965,4.5657,4.4621,0.0097609,-0.016392,-0.016392,0.030284,0.071429,1,0.36207
1186,1005,5.1558,6.0041,1.3167,1.9729,1.9729,4.9809,0.96667,1,0.25862
1186,1025,4.6676,4.7186,0.82295,1.0247,1.0247,1.8458,1,1,0.25
1186,1045,4.8409,4.7605,1.1948,1.5114,1.5114,2.9472,1,1,0.25862
1186,1065,4.3525,4.4338,0.2304,0.56771,0.56771,3.5282,1,1,0.25
1186,1085,4.4586,5.0906,0.14972,0.52251,0.52251,4.0062,0.77273,1,0.37931
1186,1085,1.5824,12.049,0.0049452,-0.0061776,-0.0061776,0.50991,0.22727,1,0.37931
1186,1105,1.5663,12.052,0.0095283,-0.04198,-0.04198,0.7351,0.75,1,0.34483
1186,1105,4.1911,3.9162,0.1749,0.53013,0.53013,3.7093,0.25,1,0.34483
1186,1125,1.578,12.049,0.009087,-0.048208,-0.048208,0.88199,1,1,0.25862
1186,1145,1.5836,12.002,0.012465,-0.041017,-0.041017,0.80526,0.6,1,0.43103
1186,1145,4.5787,4.2826,0.041913,-0.068564,-0.068564,0.15708,0.4,1,0.43103
1186,1165,4.5842,4.3289,0.045698,-0.074232,-0.074232,0.1666,0.66667,1,0.25862
1186,1165,1.5555,12.114,0.0037593,-0.015814,-0.015814,0.64267,0.33333,1,0.25862
1186,1185,4.6082,4.2987,0.045878,-0.076129,-0.076129,0.16894,1,1,0.25862
1186,1205,4.6425,4.2453,0.037719,-0.057637,-0.057637,0.14065,1,1,0.12931
1186,1285,4.8519,5.0014,0.046468,-0.22881,-0.22881,3.7604,1,1,0.11207
1186,1305,4.8442,5.1358,0.032344,-0.085196,-0.085196,4.6555,1,1,0.26724
1186,1325,4.8634,5.4572,0.031651,-0.20699,-0.20699,6.1818,0.53488,1,0.37069
1186,1325,1.5893,9.36,0.0083711,-0.087437,-0.087437,3.1504,0.46512,1,0.37069
1186,1345,1.6013,9.0773,0.023472,-0.096595,-0.096595,2.8549,0.47727,1,0.37931
1186,1345,4.8196,5.5064,0.016693,-0.16034,-0.16034,4.5551,0.52273,1,0.37931
1186,1365,1.6033,8.7799,0.020858,-0.046048,-0.046048,1.7241,0.90909,1,0.28448
1186,1385,1.6,8.4869,0.021202,-0.0034488,-0.0034488,0.064226,0.90909,1,0.28448
1186,1405,1.608,8.4311,0.020966,0.00098937,0.00098937,0.093262,0.90909,1,0.28448
1186,1425,1.6347,8.4866,0.027543,-0.027454,-0.027454,0.58925,0.9375,1,0.27586
1186,1445,1.6508,8.9108,0.027227,-0.02856,-0.02856,0.99598,0.90909,1,0.28448
1186,1465,1.6475,9.2779,0.02461,-0.095608,-0.095608,1.7434,0.71429,1,0.36207
1186,1465,4.6538,3.6889,0.014507,0.0015016,0.0015016,0.96543,0.2381,1,0.36207
1186,1485,4.6468,3.9803,0.016091,-0.027407,-0.027407,4.0205,0.7619,1,0.36207
1186,1485,1.6422,9.6034,0.011792,0.013365,0.013365,0.57504,0.2381,1,0.36207
1186,1505,4.6299,3.9044,0.015023,-0.026789,-0.026789,1.794,0.54545,1,0.37931
1186,1505,1.4248,9.3445,0.0058,0.051173,0.051173,0.56193,0.45455,1,0.37931
1186,1525,1.4255,10.057,0.0048515,-0.011912,-0.011912,0.95907,0.46809,1,0.40517
1186,1525,4.6529,3.655,0.010575,-0.006502,-0.006502,0.49389,0.53191,1,0.40517
1186,1545,1.4311,10.149,0.0015653,-0.011133,-0.011133,0.59013,0.88235,1,0.2931
1186,1565,1.4284,10.331,0.00097054,-0.017054,-0.017054,0.42431,1,1,0.26724
1186,1585,1.3299,9.4984,0.017711,0.057888,0.057888,1.1033,0.6875,1,0.27586
1186,1585,4.6059,3.6505,0.0052663,-0.0076339,-0.0076339,1.5435,0.3125,1,0.27586
1186,1605,1.2195,8.69,0.0094034,-0.034898,-0.034898,0.19673,0.64706,1,0.2931
1186,1605,4.6529,4.024,0.0032171,-0.012126,-0.012126,0.64429,0.29412,1,0.2931
1186,1625,1.1967,8.826,0.010898,-0.045357,-0.045357,0.22627,0.95556,1,0.38793
1186,1645,1.1806,9.0516,0.0062075,-0.02731,-0.02731,0.3027,0.65306,1,0.42241
1186,1645,4.6909,4.2958,0.060485,0.0017777,0.0017777,0.082399,0.32653,1,0.42241
1186,1665,4.6688,4.2794,0.04102,-0.0021423,-0.0021423,0.070983,0.69048,1,0.36207
1186,1665,1.1824,8.8181,0.011203,-0.043517,-0.043517,0.18023,0.28571,1,0.36207
1186,1685,4.5719,4.2888,0.049835,-0.033668,-0.033668,0.044623,0.90476,1,0.36207
1186,1705,4.0534,4.5754,0.41562,-0.022079,-0.022079,2.0407,1,1,0.32759
1186,1725,3.4146,4.8318,0.086425,0.34603,0.34603,4.2122,0.66701,1,0.25862
1186,1725,4.5927,4.2696,0.04898,-0.043381,-0.043381,0.050725,0.33299,1,0.25862
1186,1745,3.2847,4.9052,0.062586,0.34936,0.34936,4.2921,1,1,0.086207
1206,905,0.388,7.5477,0.0039782,0.073431,0.073431,1.3554,0.68182,1,0.37931
1206,925,0.31125,7.5029,0.023473,0.0074182,0.0074182,0.89217,0.7561,1,0.35345
1206,945,0.18187,7.9607,0.074147,-0.1573,-0.1573,2.5695,0.84906,1,0.4569
1206,945,4.5657,4.4621,0.0097609,-0.016392,-0.016392,0.030284,0.056604,1,0.4569
1206,965,4.5657,4.4621,0.0097609,-0.016392,-0.016392,0.030284,0.069767,1,0.37069
1206,965,0.00017565,7.9607,0.058991,-0.099863,-0.099863,0.19693,0.86047,1,0.37069
1206,985,6.0926,8.1915,0.011967,-0.012021,-0.012021,0.012074,0.43243,1,0.31897
1206,985,4.5822,4.2765,0.023212,-0.010164,-0.010164,0.047566,0.40541,1,0.31897
1206,1005,4.4687,4.3766,0.077118,-0.030129,-0.030129,0.039974,0.64103,1,0.33621
1206,1005,6.1803,8.1035,0.016122,-0.016203,-0.016203,0.016285,0.25641,1,0.33621
1206,1025,4.58,4.8779,0.33316,0.47174,0.47174,1.3259,0.79404,1,0.32759
1206,1025,6.2786,7.5755,0.028618,-0.071602,-0.071602,1.0394,0.20596,1,0.32759
1206,1045,4.474,5.1538,0.19074,0.36593,0.36593,2.1303,1,1,0.27586
1206,1065,4.6754,6.5567,0.032983,0.18133,0.18133,3.2144,1,1,0.27586
1206,1085,4.5611,5.7533,0.11106,0.48209,0.48209,3.9324,1,1,0.34483
1206,1105,4.7341,6.6536,0.0019705,-0.0028539,-0.0028539,0.68515,0.61538,1,0.22414
1206,1105,1.5824,12.049,0.0049452,-0.0061776,-0.0061776,0.50991,0.38462,1,0.22414
1206,1125,4.6351,4.9503,0.033529,0.012058,0.012058,2.0307,0.6,1,0.21552
1206,1125,1.5962,11.984,0.0177,-0.11998,-0.11998,1.4849,0.4,1,0.21552
1206,1145,4.5655,4.7238,0.06242,-0.027934,-0.027934,1.7009,0.71429,1,0.30172
1206,1145,1.5555,12.114,0.0037593,-0.015814,-0.015814,0.64267,0.28571,1,0.30172
1206,1165,4.601,4.2738,0.041595,-0.067597,-0.067597,0.1567,0.94595,1,0.31897
1206,1185,4.5948,4.3524,0.052213,-0.040754,-0.040754,0.71994,1,1,0.33621
1206,1205,4.698,4.2276,0.023404,-0.035797,-0.035797,0.10798,0.95652,1,0.19828
1206,1285,4.764,5.3559,0.020528,0.034388,0.034388,2.2313,1,1,0.17241
1206,1305,4.8051,5.1315,0.038264,-0.089589,-0.089589,3.0842,1,1,0.32759
1206,1325,4.8068,4.9088,0.021103,-0.053315,-0.053315,2.7561,1,1,0.40517
1206,1345,4.7883,4.7537,0.015952,-0.098506,-0.098506,2.7103,0.73684,1,0.32759
1206,1345,1.604,9.2096,0.0093842,-0.12859,-0.12859,4.7773,0.26316,1,0.32759
1206,1365,4.7828,4.8419,0.015272,-0.087303,-0.087303,2.8089,0.65517,1,0.25
1206,1365,1.6182,8.6361,0.035785,-0.0067395,-0.0067395,0.052195,0.34483,1,0.25
1206,1385,4.8349,4.3116,0.015004,-0.023083,-0.023083,0.035512,0.22222,1,0.15517
1206,1385,1.5877,8.4941,0.016939,-0.0054311,-0.0054311,0.05586,0.55556,1,0.15517
1206,1405,1.594,8.3306,0.010364,-0.0017395,-0.0017395,0.03789,0.58824,1,0.14655
1206,1425,1.6424,8.4684,0.033804,0.0087278,0.0087278,0.17057,0.83333,1,0.10345
1206,1445,1.6677,8.6607,0.035655,-0.1013,-0.1013,1.5043,1,1,0.086207
1206,1465,1.6422,9.6034,0.011792,0.013365,0.013365,0.57504,0.5,1,0.17241
1206,1465,4.7005,3.3666,0.012725,-0.045752,-0.045752,1.738,0.5,1,0.17241
1206,1485,4.6761,3.5205,0.014198,-0.014803,-0.014803,1.2008,1,1,0.25862
1206,1505,4.657,3.6223,0.012137,-0.013591,-0.013591,0.89749,1,1,0.37931
1206,1525,4.6566,3.6656,0.0083789,-0.019906,-0.019906,0.65018,0.75,1,0.34483
1206,1525,1.4398,9.4461,0.0064276,0.047446,0.047446,0.41486,0.25,1,0.34483
1206,1545,4.6859,3.662,0.0048276,-0.017058,-0.017058,0.57281,0.67742,1,0.26724
1206,1545,1.4254,10.509,0.00080784,-0.015664,-0.015664,0.34527,0.32258,1,0.26724
1206,1565,4.6469,3.8314,0.0070141,0.0022422,0.0022422,0.98016,0.66667,1,0.25862
1206,1565,1.4306,10.257,0.0010092,-0.021771,-0.021771,0.6321,0.33333,1,0.25862
1206,1585,4.6585,3.7537,0.0063069,-0.010918,-0.010918,1.1295,1,1,0.34483
1206,1605,4.6509,3.7377,0.0056966,-0.011919,-0.011919,1.0964,0.60784,1,0.43966
1206,1605,1.22,8.7132,0.0064914,-0.027397,-0.027397,0.16428,0.39216,1,0.43966
1206,1625,1.1868,9.1764,0.0046327,-0.028597,-0.028597,0.3604,0.42,1,0.43103
1206,1625,4.6519,3.7641,0.01313,-0.030534,-0.030534,0.84761,0.58,1,0.43103
1206,1645,1.1745,9.1458,0.0060861,-0.027388,-0.027388,0.35024,0.82353,1,0.43966
1206,1665,4.6443,4.2687,0.027877,-0.019416,-0.019416,0.11619,0.4186,1,0.37069
1206,1665,1.1356,9.5094,0.00039909,0.0079554,0.0079554,0.15865,0.51163,1,0.37069
1206,1685,3.1963,5.4743,2.0317,-2.6942,-2.6942,6.1747,1,1,0.12069
1206,1705,3.5502,5.4897,0.86935,-1.028,-1.028,6.1553,1,1,0.36207
1206,1725,3.457,5.37,0.10453,0.40482,0.40482,4.522,0.91667,1,0.31034
1206,1745,3.8285,8.9959,1.6014,2.4748,2.4748,21.71,1,1,0.17241
1206,1765,1.9545,13.261,10.101,-6.0327,-6.0327,3.7091,1,1,0.086207
1226,905,6.215,12.047,0.10436,-1.0116,-1.0116,10.762,0.83333,1,0.31034
1226,905,2.953,44.53,0.016213,-0.23554,-0.23554,9.5257,0.083333,1,0.31034
1226,925,5.9868,13.964,0.00014774,0.0070688,0.0070688,2.7704,0.58537,1,0.35345
1226,925,2.953,44.53,0.016213,-0.23554,-0.23554,9.5257,0.073171,1,0.35345
1226,945,0.16341,7.6858,0.027686,-0.054601,-0.054601,0.11605,0.8,1,0.25862
1226,965,0.0045565,7.7482,0.03626,-0.076518,-0.076518,0.34156,0.75556,1,0.38793
1226,965,4.547,4.2972,0.015678,-0.0034297,-0.0034297,0.03801,0.2,1,0.38793
1226,985,4.6077,4.3321,0.050226,-0.025049,-0.025049,0.039441,0.33333,1,0.31034
1226,985,6.2668,7.9512,0.032062,-0.049772,-0.049772,0.083219,0.61111,1,0.31034
1226,1005,4.5507,4.3787,0.045835,-0.018488,-0.018488,0.031783,0.52632,1,0.32759
1226,1005,6.1872,8.0963,0.009767,-0.0097949,-0.0097949,0.0098237,0.44737,1,0.32759
1226,1025,4.8001,5.3886,0.53211,0.94065,0.94065,2.3491,1,1,0.37931
1226,1045,4.8479,6.42,0.38899,0.58228,0.58228,2.9926,1,1,0.30172
1226,1065,4.6609,6.5957,0.086374,0.18256,0.18256,2.6072,1,1,0.30172
1226,1085,4.7237,6.977,0.0024366,0.0051144,0.0051144,1.7455,1,1,0.30172
1226,1105,4.7164,6.8092,0.0012672,0.0089603,0.0089603,1.154,1,1,0.13793
1226,1125,4.5613,5.2478,0.073636,0.028283,0.028283,2.0827,1,1,0.12931
1226,1145,4.5625,4.8317,0.071038,0.034908,0.034908,1.5777,1,1,0.30172
1226,1165,4.4727,4.7778,0.088176,0.052293,0.052293,1.4403,1,1,0.33621
1226,1185,4.1076,3.7658,0.0021488,-0.02166,-0.02166,0.95608,0.20482,1,0.33621
1226,1185,4.6382,4.6285,0.020876,-0.030709,-0.030709,1.415,0.79518,1,0.33621
1226,1205,4.608,4.7817,0.046217,-0.032245,-0.032245,2.0373,0.88235,1,0.14655
1226,1205,4.13,3.5383,0.000961,0.0032069,0.0032069,0.010702,0.11765,1,0.14655
1226,1285,4.7469,5.3979,0.021133,-0.048884,-0.048884,3.2691,1,1,0.14655
1226,1305,4.7812,5.0366,0.02682,-0.020574,-0.020574,2.5944,1,1,0.31034
1226,1325,4.7748,4.8502,0.020542,-0.073589,-0.073589,3.0278,1,1,0.30172
1226,1345,4.788,4.5662,0.016004,-0.074274,-0.074274,2.0702,1,1,0.30172
1226,1365,4.7975,4.7235,0.015657,-0.099188,-0.099188,2.5257,1,1,0.12931
1226,1465,4.6739,3.506,0.014264,0.007319,0.007319,0.84674,1,1,0.086207
1226,1485,4.6761,3.5813,0.012466,-0.0063536,-0.0063536,1.211,1,1,0.25862
1226,1505,4.651,3.7071,0.011344,0.0090294,0.0090294,0.80972,1,1,0.25862
1226,1525,4.6534,3.7645,0.00826,-0.00031642,-0.00031642,0.65683,1,1,0.25862
1226,1545,4.6251,3.7441,0.0092507,-0.0060261,-0.0060261,0.60131,1,1,0.086207
1226,1565,4.6872,3.6279,0.006858,-0.012935,-0.012935,1.4101,1,1,0.086207
1226,1585,4.6612,3.7324,0.0085949,0.0068365,0.0068365,1.576,1,1,0.28448
1226,1605,4.6694,3.7173,0.010192,-0.02236,-0.02236,1.2162,1,1,0.37931
1226,1625,4.6618,3.6705,0.014026,0.0055605,0.0055605,1.2997,0.55556,1,0.38793
1226,1625,1.1862,9.0985,0.0051375,-0.025543,-0.025543,0.35764,0.44444,1,0.38793
1226,1645,4.6351,3.6279,0.021982,-0.051164,-0.051164,0.89463,0.33333,1,0.38793
1226,1665,2.2706,7.6172,1.9505,-2.9107,-2.9107,5.0354,1,1,0.30172
1226,1685,2.7446,6.5943,1.6199,-2.2701,-2.2701,7.0928,1,1,0.2931
1226,1705,3.4968,6.0081,0.10836,0.29657,0.29657,3.4972,0.90909,1,0.37931
1226,1725,3.6183,8.5528,1.4069,1.6039,1.6039,16.679,1,1,0.50862
1226,1745,1.8637,11.134,3.7036,-4.2434,-4.2434,14.486,1,1,0.2931
1226,1765,2.5067,12.938,7.9308,-4.9103,-4.9103,3.1304,1,1,0.27586
1226,1785,1.8914,13.249,9.2226,-5.4764,-5.4764,3.3734,1,1,0.094828
1226,1825,1.3146,4.897,0.038965,-0.56849,-0.56849,17.886,1,1,0.086207
1226,1845,1.2274,5.862,0.036731,-0.13265,-0.13265,6.1854,1,1,0.086207
1226,1865,1.3661,5.8343,0.03526,-0.53087,-0.53087,13.466,1,1,0.086207
1246,885,5.9917,14.321,0.00012341,-0.00034322,-0.00034322,0.20752,0.5,1,0.17241
1246,905,3.0063,40.023,0.0058919,-0.17138,-0.17138,99.137,0.44643,1,0.48276
1246,925,6.1445,12.105,0.059962,-0.75675,-0.75675,11.534,0.55172,1,0.5
1246,925,2.9862,40.858,0.0046979,0.10794,0.10794,52.674,0.39655,1,0.5
1246,945,0.11814,7.1051,0.025725,-0.047867,-0.047867,0.29364,0.53191,1,0.40517
1246,945,3.006,40.331,0.0017948,0.049669,0.049669,11.396,0.23404,1,0.40517
1246,965,0.1209,7.243,0.01499,-0.015246,-0.015246,0.37173,0.97143,1,0.30172
1246,985,0.016518,7.2229,0.021685,-0.048267,-0.048267,0.65253,0.80769,1,0.22414
1246,985,4.5826,4.2439,0.0099354,-0.006956,-0.006956,0.020698,0.19231,1,0.22414
1246,1005,4.6256,4.3951,0.078235,-0.04068,-0.04068,0.043304,0.5,1,0.12069
1246,1025,4.5024,4.4288,0.010976,0.0023247,0.0023247,0.018314,0.5,1,0.086207
1246,1045,4.5122,5.3534,0.2641,0.35502,0.35502,1.7452,1,1,0.086207
1246,1065,4.7079,7.0177,0.00044586,0.030161,0.030161,3.3149,0.8,1,0.086207
1246,1085,4.7188,7.0947,0.0020122,0.012505,0.012505,1.4957,1,1,0.086207
1246,1125,4.5548,5.1016,0.092502,0.19491,0.19491,1.1679,1,1,0.086207
1246,1145,4.5023,4.984,0.095038,0.080175,0.080175,1.0034,1,1,0.25862
1246,1165,4.4721,4.8311,0.08802,0.18773,0.18773,1.434,1,1,0.25862
1246,1185,4.0504,3.8229,0.0069073,-0.028277,-0.028277,0.16638,0.22184,1,0.25862
1246,1185,4.5323,4.8471,0.041001,0.051485,0.051485,1.9285,0.77816,1,0.25862
1246,1205,4.2266,3.3773,0.027691,-0.058953,-0.058953,0.90154,0.60105,1,0.086207
1246,1205,4.6485,5.4725,0.011065,-0.014495,-0.014495,0.19886,0.39895,1,0.086207
1246,1305,4.7292,5.584,0.020175,-0.066429,-0.066429,4.835,1,1,0.086207
1246,1325,4.7891,4.3338,0.015357,-0.016989,-0.016989,1.1035,1,1,0.086207
1246,1345,4.7911,4.5607,0.01616,-0.10654,-0.10654,2.2064,1,1,0.086207
1246,1485,4.6739,3.506,0.014264,0.007319,0.007319,0.84674,1,1,0.086207
1246,1505,4.6539,3.8714,0.0093147,0.030884,0.030884,0.9123,1,1,0.086207
1246,1525,4.6251,3.7441,0.0092507,-0.0060261,-0.0060261,0.60131,1,1,0.086207
1246,1565,4.675,3.9385,0.011528,0.039482,0.039482,1.7191,1,1,0.086207
1246,1585,4.6896,3.8363,0.0090484,-0.00093673,-0.00093673,1.6116,1,1,0.25862
1246,1605,4.6805,3.9859,0.011731,0.020392,0.020392,1.6992,1,1,0.25862
1246,1625,4.6682,3.7562,0.014638,-0.0021681,-0.0021681,1.5204,1,1,0.25862
1246,1645,3.0401,6.4097,2.1641,-3.1989,-3.1989,6.0912,1,1,0.25862
1246,1665,3.397,5.5842,0.12124,0.13863,0.13863,0.58527,0.66667,1,0.25862
1246,1685,3.4314,5.4661,0.1647,0.19906,0.19906,0.48051,0.62849,1,0.31034
1246,1685,3.4156,6.63,0.035394,0.078906,0.078906,0.21606,0.37151,1,0.31034
1246,1705,3.5895,7.1106,0.6908,1.4348,1.4348,10.019,1,1,0.42241
1246,1725,3.593,9.3054,1.486,1.0466,1.0466,14.916,1,1,0.40517
1246,1745,3.1524,12.474,7.9694,-4.9386,-4.9386,3.1791,0.88885,1,0.38793
1246,1745,5.7586,15.011,0.053098,-0.044022,-0.044022,0.049619,0.11115,1,0.38793
1246,1765,2.5836,12.874,7.7308,-4.7716,-4.7716,3.0499,1,1,0.28448
1246,1785,2.7251,12.706,4.2973,-2.5093,-2.5093,1.5435,1,1,0.10345
1246,1805,1.2925,6.8893,0.032659,-0.58747,-0.58747,27.011,1,1,0.11207
1246,1825,1.2352,7.1533,0.034687,-0.3058,-0.3058,16.492,1,1,0.28448
1246,1845,1.3113,5.4817,0.041207,-0.41451,-0.41451,12.377,1,1,0.26724
1246,1865,1.3226,6.0623,0.040671,-0.37252,-0.37252,11.945,1,1,0.25862
1246,1885,1.3661,5.8343,0.03526,-0.53087,-0.53087,13.466,1,1,0.086207
1266,885,3.0106,42.023,0.0011568,0.013293,0.013293,14.53,1,1,0.17241
1266,905,3.0079,40.226,0.0031694,-0.077576,-0.077576,76.486,0.61017,1,0.50862
1266,905,6.2093,10.988,0.073925,-0.86425,-0.86425,12.749,0.37288,1,0.50862
1266,925,6.2616,9.9438,0.069778,-0.7977,-0.7977,12.636,0.47826,1,0.59483
1266,925,2.9946,39.818,0.0034448,-0.017486,-0.017486,44.574,0.49275,1,0.59483
1266,945,0.1374,7.0431,0.026113,-0.039711,-0.039711,0.35784,0.63636,1,0.47414
1266,945,2.9859,39.306,0.0027089,0.066949,0.066949,18.551,0.36364,1,0.47414
1266,965,6.283,7.3878,0.063998,-0.18802,-0.18802,0.89684,0.95833,1,0.41379
1266,985,6.1921,7.4667,0.061177,-0.22045,-0.22045,1.3329,0.96552,1,0.25
1266,1145,4.5548,5.1016,0.092502,0.19491,0.19491,1.1679,1,1,0.086207
1266,1165,4.4665,5.1785,0.094974,0.12939,0.12939,0.88468,1,1,0.086207
1266,1185,4.2266,3.3773,0.027691,-0.058953,-0.058953,0.90154,0.60105,1,0.086207
1266,1185,4.6485,5.4725,0.011065,-0.014495,-0.014495,0.19886,0.39895,1,0.086207
1266,1585,4.675,3.9385,0.011528,0.039482,0.039482,1.7191,1,1,0.086207
1266,1605,4.7564,3.3817,0.0034342,0.050963,0.050963,1.227,0.7,1,0.086207
1266,1605,4.59,5.2505,0.00011267,-0.0017245,-0.0017245,0.16093,0.3,1,0.086207
1266,1625,4.6599,4.0768,0.014279,0.054596,0.054596,1.7256,1,1,0.086207
1266,1645,3.4686,5.5156,0.089466,0.069568,0.069568,0.42375,1,1,0.086207
1266,1665,3.4268,5.7138,0.11612,0.15683,0.15683,0.70152,1,1,0.25862
1266,1685,3.3914,5.6327,0.088073,0.12048,0.12048,0.72803,1,1,0.30172
1266,1705,3.359,6.6078,0.10536,-0.017898,-0.017898,6.3742,0.88,1,0.43103
1266,1705,0.89676,13.841,0.74354,-0.72707,-0.72707,0.73614,0.1,1,0.43103
1266,1725,3.2928,6.0062,0.052551,0.09464,0.09464,1.7666,0.3872,1,0.39655
1266,1725,2.0758,13.122,8.9988,-5.6361,-5.6361,3.6558,0.6128,1,0.39655
1266,1745,2.4111,13.06,8.1014,-5.2329,-5.2329,3.5433,1,1,0.2931
1266,1765,2.7551,12.834,5.456,-3.5312,-3.5312,2.3778,1,1,0.27586
1266,1785,2.2642,13.226,7.2511,-4.7431,-4.7431,3.1612,1,1,0.094828
1266,1805,1.117,8.1572,0.000729,-0.0042798,-0.0042798,0.025125,0.15385,1,0.11207
1266,1825,1.2684,7.1145,0.033056,-0.38649,-0.38649,18.563,1,1,0.2931
1266,1845,1.2782,6.933,0.040326,-0.27913,-0.27913,10.916,1,1,0.39655
1266,1865,1.4924,5.725,0.026227,-0.55129,-0.55129,15.601,0.49246,1,0.31034
1266,1865,1.2069,6.2878,0.02586,-0.34545,-0.34545,8.4521,0.50754,1,0.31034
1266,1885,1.2859,5.6043,0.0027777,-0.13356,-0.13356,6.4511,0.23407,1,0.10345
1266,1885,1.3937,6.3797,0.047938,-0.48226,-0.48226,15.769,0.76593,1,0.10345
1286,225,6.1138,10.259,0.02872,-0.15484,-0.15484,1.3754,0.92308,1,0.11207
1286,245,6.1964,9.8288,0.02042,-0.12532,-0.12532,1.3383,0.93333,1,0.12931
1286,265,6.1779,9.9437,0.015018,-0.06145,-0.06145,0.85821,0.71429,1,0.12069
1286,885,3.0505,39.371,0.0041338,-0.13731,-0.13731,15.434,0.67742,1,0.26724
1286,905,3.0546,39.217,0.0043063,-0.1444,-0.1444,15.226,0.59459,1,0.31897
1286,905,6.0708,14.261,0.01409,-0.010172,-0.010172,0.28884,0.32432,1,0.31897
1286,925,6.263,11.047,0.061348,-0.65071,-0.65071,12.166,0.48936,1,0.40517
1286,925,3.0333,36.015,0.0062125,-0.13126,-0.13126,34.331,0.46809,1,0.40517
1286,945,6.1622,7.7845,0.079495,-0.25052,-0.25052,1.0621,0.53333,1,0.38793
1286,945,3.028,37.106,0.006219,-0.019381,-0.019381,12.339,0.44444,1,0.38793
1286,965,5.9043,8.6738,0.01634,-0.052006,-0.052006,0.16553,0.67391,1,0.39655
1286,985,5.875,8.7674,0.011499,-0.036778,-0.036778,0.11763,0.81579,1,0.32759
1286,1005,5.8963,8.6995,0.012872,-0.041174,-0.041174,0.13171,0.88571,1,0.30172
1286,1665,3.4686,5.5156,0.089466,0.069568,0.069568,0.42375,1,1,0.086207
1286,1685,3.3715,6.1153,0.093469,0.080628,0.080628,0.80942,1,1,0.12931
1286,1705,3.2428,5.913,0.045152,0.023141,0.023141,1.3563,1,1,0.17241
1286,1725,4.6496,10.8,22.545,-17.549,-17.549,14.313,1,1,0.13793
1286,1745,2.8343,12.83,3.6785,-2.4843,-2.4843,1.9365,1,1,0.11207
1286,1765,2.5544,13.048,6.1288,-4.0188,-4.0188,2.8889,1,1,0.11207
1286,1805,1.3222,6.9107,0.018065,-0.3238,-0.3238,18.34,1,1,0.086207
1286,1825,1.2728,7.4973,0.03134,-0.27068,-0.27068,12.168,1,1,0.25862
1286,1845,1.3275,6.4856,0.040459,-0.44321,-0.44321,11.874,1,1,0.27586
1286,1865,1.3291,6.2443,0.046941,-0.43236,-0.43236,10.342,1,1,0.2931
1286,1885,1.289,5.6542,0.068025,-0.66872,-0.66872,10.309,1,1,0.094828
1306,205,6.0799,10.51,0.027578,-0.13464,-0.13464,1.0702,1,1,0.086207
1306,225,6.1587,10.036,0.029126,-0.17223,-0.17223,1.718,0.94118,1,0.2931
1306,245,6.1567,10.063,0.023452,-0.12395,-0.12395,1.2039,1,1,0.2931
1306,265,6.1627,10.072,0.01881,-0.099036,-0.099036,1.1715,0.88235,1,0.2931
1306,285,6.1779,9.9437,0.015018,-0.06145,-0.06145,0.85821,0.83333,1,0.10345
1306,885,3.1199,36.741,0.0015981,0.0087301,0.0087301,0.43441,0.41176,1,0.43966
1306,905,6.1161,14.336,0.020194,-0.040679,-0.040679,0.081948,0.45714,1,0.60345
1306,905,3.1157,36.735,0.0016368,0.0063383,0.0063383,0.3884,0.47143,1,0.60345
1306,925,6.1383,14.229,0.020509,-0.03025,-0.03025,0.15957,0.47059,1,0.58621
1306,925,3.1121,36.793,0.0018905,0.011072,0.011072,0.52146,0.47059,1,0.58621
1306,945,6.0963,10.518,0.056743,-0.038146,-0.038146,10.232,0.55556,1,0.38793
1306,945,3.1143,36.834,0.00204,0.016249,0.016249,0.64523,0.44444,1,0.38793
1306,965,5.9909,8.4663,0.032575,-0.087714,-0.087714,0.25751,0.86842,1,0.32759
1306,985,5.9089,8.6591,0.0099861,-0.031925,-0.031925,0.10207,0.94286,1,0.30172
1306,1005,5.9586,8.5366,0.025177,-0.057551,-0.057551,0.15018,1,1,0.2931
1306,1825,1.3222,6.9107,0.018065,-0.3238,-0.3238,18.34,1,1,0.086207
1306,1845,1.3262,6.7486,0.033792,-0.29336,-0.29336,6.3463,1,1,0.086207
1306,1865,1.3072,5.7725,0.07119,-0.75924,-0.75924,11.187,1,1,0.086207
1326,205,6.2098,9.6429,0.029333,-0.19844,-0.19844,2.5287,1,1,0.086207
1326,225,6.1166,10.226,0.028979,-0.14943,-0.14943,1.5162,0.9697,1,0.28448
1326,245,6.1697,9.974,0.024288,-0.14723,-0.14723,1.7416,0.94444,1,0.31034
1326,265,6.1633,10.187,0.018498,-0.061494,-0.061494,0.73204,0.88235,1,0.2931
1326,285,6.1484,10.313,0.016606,-0.070909,-0.070909,1.0559,0.90909,1,0.094828
1326,885,3.0492,34.287,0.0079823,0.19822,0.19822,5.8171,0.39216,1,0.43966
1326,905,6.1204,14.327,0.018708,-0.037666,-0.037666,0.075841,0.45161,1,0.80172
1326,905,3.0547,34.559,0.0070203,0.17817,0.17817,6.0405,0.47312,1,0.80172
1326,925,6.1602,14.248,0.01995,-0.040162,-0.040162,0.080852,0.4026,1,0.66379
1326,925,3.059,34.555,0.0062412,0.16556,0.16556,6.0794,0.54545,1,0.66379
1326,945,6.226,10.177,0.053189,-0.096529,-0.096529,10.27,0.55319,1,0.40517
1326,945,3.0667,34.621,0.0063227,0.18456,0.18456,6.5491,0.42553,1,0.40517
1326,965,6.1567,7.611,0.050909,-0.13905,-0.13905,1.2207,1,1,0.34483
1326,985,6.0709,8.2519,0.018223,-0.022258,-0.022258,0.028095,0.82143,1,0.24138
1326,1005,6.1219,8.1249,0.057122,-0.033776,-0.033776,1.2883,1,1,0.2931
1326,1025,6.2093,8.1696,0.041319,-0.02711,-0.02711,0.03442,1,1,0.17241
1326,1865,0.0087073,3.4018,1.4909,2.0804,2.0804,3.8425,1,1,0.086207
1326,1885,0.82441,3.5636,1.5357,0.50281,0.50281,2.1582,1,1,0.086207
1326,1905,1.3958,4.6128,2.8296,2.6011,2.6011,2.914,1,1,0.086207
1346,205,6.065,10.693,0.01578,-0.0075203,-0.0075203,0.089158,1,1,0.086207
1346,225,6.1372,10.367,0.028043,-0.12769,-0.12769,1.2265,1,1,0.28448
1346,245,6.1215,10.473,0.019485,-0.038675,-0.038675,0.20156,0.94286,1,0.30172
1346,265,6.0904,10.445,0.0341,-0.068921,-0.068921,0.52204,0.88235,1,0.2931
1346,285,6.1635,10.304,0.023435,-0.04671,-0.04671,0.19311,1,1,0.086207
1346,885,2.9748,31.952,0.0017709,0.01238,0.01238,0.086551,0.39216,1,0.43966
1346,905,6.0945,14.38,0.013632,-0.027399,-0.027399,0.055071,0.43478,1,0.59483
1346,905,2.9792,31.982,0.0021681,0.01514,0.01514,0.10573,0.44928,1,0.59483
1346,925,6.1292,14.31,0.020974,-0.042209,-0.042209,0.08495,0.45455,1,0.56897
1346,945,6.2334,9.2107,0.027866,-0.22977,-0.22977,10.876,0.64286,1,0.48276
1346,965,6.2705,6.0829,0.0067543,0.0026254,0.0026254,0.33528,0.41665,1,0.35345
1346,965,6.1993,8.1314,0.043549,-0.037672,-0.037672,0.057667,0.58335,1,0.35345
1346,985,6.2828,7.3529,0.026451,0.083215,0.083215,2.4053,1,1,0.31897
1346,1005,6.264,7.9973,0.045647,0.034845,0.034845,1.2063,1,1,0.2931
1346,1025,0.082202,7.8494,0.017181,0.073712,0.073712,1.2077,1,1,0.25862
1346,1845,0.0087073,3.4018,1.4909,2.0804,2.0804,3.8425,1,1,0.086207
1346,1865,0.59058,3.6567,2.4148,2.2561,2.2561,3.8653,1,1,0.25862
1346,1885,0.70054,3.8594,2.3176,2.0524,2.0524,3.2597,1,1,0.25862
1346,1905,0.87675,4.0343,2.2753,1.5153,1.5153,2.8811,1,1,0.25862
1346,1925,2.5775,5.9336,0.93881,0.010984,0.010984,1.3814,0.56017,1,0.17241
1346,1925,6.1294,2.7139,0.95402,0.030191,0.030191,0.94932,0.43983,1,0.17241
1366,205,6.146,10.586,0.030513,-0.10605,-0.10605,0.49293,1,1,0.086207
1366,225,6.1152,10.56,0.021047,-0.057319,-0.057319,0.30898,1,1,0.28448
1366,245,6.0831,10.568,0.032854,-0.070959,-0.070959,0.34627,0.94286,1,0.30172
1366,265,6.0887,10.464,0.032446,-0.056104,-0.056104,0.23717,0.90909,1,0.28448
1366,285,5.9592,10.719,0.036333,-0.035235,-0.035235,0.20474,1,1,0.086207
1366,885,2.9723,31.935,0.0021705,0.015144,0.015144,0.10567,0.64516,1,0.26724
1366,905,2.9725,31.937,0.0018924,0.013198,0.013198,0.092059,0.66667,1,0.41379
1366,905,6.059,14.451,0.017262,-0.034732,-0.034732,0.069887,0.20833,1,0.41379
1366,925,2.9767,31.967,0.0014202,0.0098803,0.0098803,0.068744,0.5614,1,0.49138
1366,925,6.1785,11.131,0.014331,-0.16429,-0.16429,10.3,0.38596,1,0.49138
1366,945,6.2182,7.4934,0.018406,-0.052658,-0.052658,0.9031,0.63158,1,0.49138
1366,965,6.239,7.3195,0.013155,-0.012785,-0.012785,1.4595,1,1,0.43966
1366,985,6.2395,7.6756,0.021688,-0.030814,-0.030814,1.3938,1,1,0.31034
1366,1005,0.037375,7.8587,0.020761,0.057621,0.057621,1.4129,1,1,0.38793
1366,1845,0.028951,3.1929,1.2346,0.70535,0.70535,3.4588,1,1,0.17241
1366,1865,5.3155,3.0601,0.23184,0.3376,0.3376,5.4283,0.49168,1,0.25862
1366,1865,1.3299,4.0401,0.56551,0.57164,0.57164,3.2953,0.50832,1,0.25862
1366,1885,0.49274,3.5549,2.7617,1.9295,1.9295,3.6206,0.85864,1,0.34483
1366,1885,1.8062,5.5166,0.078363,0.22675,0.22675,0.69338,0.14136,1,0.34483
1366,1905,1.4544,4.382,2.402,1.6069,1.6069,3.7887,0.88235,1,0.2931
1366,1905,5.537,3.5117,0.011025,0.02187,0.02187,0.043383,0.058823,1,0.2931
1366,1905,5.227,2.894,0.024336,0.11288,0.11288,0.52361,0.058822,1,0.2931
1366,1925,3.9179,3.9275,3.7693,-3.1685,-3.1685,3.5501,1,1,0.25862
1366,1945,3.8186,4.4221,3.8235,-3.8541,-3.8541,4.5587,1,1,0.086207
1386,225,6.1362,10.56,0.0287,-0.093929,-0.093929,0.4545,1,1,0.094828
1386,245,6.1339,10.363,0.012015,-0.032337,-0.032337,0.19479,0.78571,1,0.12069
1386,265,5.9592,10.719,0.036333,-0.035235,-0.035235,0.20474,0.83333,1,0.10345
1386,905,2.9678,31.825,0.001475,0.0082953,0.0082953,0.17568,0.84615,1,0.22414
1386,925,2.9876,31.704,0.0025091,-0.034744,-0.034744,1.6906,0.6,1,0.30172
1386,925,6.1659,7.625,0.031664,-0.098258,-0.098258,0.70949,0.28571,1,0.30172
1386,945,6.1778,7.6901,0.024245,-0.068128,-0.068128,0.91458,0.78723,1,0.40517
1386,965,6.1885,7.7485,0.029413,-0.12494,-0.12494,1.1062,1,1,0.42241
1386,985,6.225,7.7233,0.018185,-0.034013,-0.034013,1.033,1,1,0.37931
1386,1005,0.0048682,7.8695,0.015024,-0.0067683,-0.0067683,0.35521,1,1,0.30172
1386,1845,6.0584,2.6691,0.70184,-0.045473,-0.045473,1.6736,1,1,0.25862
1386,1865,0.105,3.3827,1.5557,0.77037,0.77037,4.0247,1,1,0.2931
1386,1885,2.6321,5.0738,0.29619,0.1513,0.1513,1.9044,0.27259,1,0.28448
1386,1885,5.8104,3.0827,0.35902,-0.4301,-0.4301,3.0517,0.72741,1,0.28448
1386,1905,4.0813,3.7227,3.0576,-2.3233,-2.3233,3.205,1,1,0.35345
1386,1925,4.0016,4.0502,3.2116,-3.1148,-3.1148,4.1364,1,1,0.25862
1386,1945,4.3284,3.434,1.9644,-1.9521,-1.9521,2.6,1,1,0.086207
1406,925,6.1149,8.1933,0.026853,-0.046351,-0.046351,0.49773,0.76923,1,0.11207
1406,945,6.1536,7.8842,0.034636,-0.14057,-0.14057,1.2156,0.97297,1,0.31897
1406,965,6.1506,7.8746,0.031995,-0.14324,-0.14324,1.2526,1,1,0.31034
1406,985,6.1754,7.72,0.02791,-0.15118,-0.15118,1.3016,1,1,0.27586
1406,1005,6.2328,7.7761,0.019303,-0.03341,-0.03341,0.45023,1,1,0.18966
1406,1865,6.0524,2.2118,0.11639,-0.11947,-0.11947,0.13952,0.675,1,0.34483
1406,1885,5.2919,3.8206,3.5115,-0.32492,-0.32492,2.7837,1,1,0.48276
1406,1905,2.8065,3.4097,1.5348,0.072246,0.072246,3.4541,1,1,0.27586
1406,1925,4.0389,3.899,2.4901,-2.0964,-2.0964,3.4086,1,1,0.25862
1406,1945,2.6268,4.2946,1.9207,0.27997,0.27997,4.6727,1,1,0.086207
1426,945,6.1302,7.9939,0.026752,-0.072634,-0.072634,0.85004,0.91667,1,0.10345
1426,965,6.1486,8.0703,0.044947,-0.26564,-0.26564,2.1453,0.90909,1,0.094828
1426,985,6.1551,7.5905,0.022335,-0.1105,-0.1105,0.82366,1,1,0.086207
1426,1865,6.006,3.168,0.94738,-0.23781,-0.23781,2.0368,1,1,0.31897
1426,1885,0.31699,3.1037,0.59094,0.14376,0.14376,1.9771,0.66678,1,0.43966
1426,1885,3.1814,2.7272,0.53362,0.18158,0.18158,1.8684,0.33322,1,0.43966
1426,1905,3.0356,3.2989,2.9482,0.45433,0.45433,2.6364,1,1,0.32759
1426,1925,2.4677,3.2714,1.314,0.13154,0.13154,3.8648,1,1,0.17241
